130 6695 94 97
1 2 4
1 3 2
1 5 4
1 6 3
1 7 1
1 8 1
1 10 1
1 11 4
1 13 4
1 14 1
1 15 1
1 16 2
1 19 1
1 20 3
1 21 3
1 22 4
1 23 2
1 24 2
1 25 3
1 26 2
1 27 3
1 29 1
1 30 2
1 32 3
1 33 4
1 35 1
1 37 2
1 38 2
1 39 3
1 40 3
1 41 2
1 42 2
1 44 4
1 45 1
1 46 1
1 47 3
1 48 2
1 49 1
1 50 3
1 51 3
1 52 4
1 54 2
1 55 3
1 57 1
1 58 2
1 59 2
1 60 3
1 61 4
1 62 4
1 63 3
1 64 2
1 65 4
1 66 2
1 67 3
1 68 3
1 69 2
1 70 4
1 71 1
1 72 1
1 73 3
1 77 2
1 78 4
1 80 2
1 83 3
1 84 3
1 86 4
1 87 4
1 88 2
1 91 2
1 92 4
1 93 2
1 94 4
1 96 1
1 97 3
1 99 2
1 101 2
1 103 1
1 104 1
1 105 1
1 106 4
1 107 3
1 108 2
1 109 2
1 110 4
1 111 2
1 113 4
1 114 4
1 115 1
1 116 4
1 117 3
1 118 2
1 119 2
1 120 3
1 121 4
1 122 2
1 123 4
1 124 3
1 125 3
1 126 4
1 127 3
1 128 1
1 129 2
1 130 2
2 3 3
2 4 2
2 5 2
2 6 3
2 7 2
2 8 3
2 9 2
2 10 4
2 11 4
2 12 4
2 14 1
2 15 2
2 16 4
2 18 1
2 19 2
2 20 3
2 21 4
2 23 4
2 24 4
2 26 1
2 27 2
2 30 3
2 31 4
2 32 2
2 34 1
2 36 3
2 38 3
2 39 3
2 40 2
2 41 3
2 42 2
2 43 1
2 44 4
2 45 4
2 46 4
2 49 3
2 50 2
2 51 4
2 52 2
2 54 2
2 55 3
2 56 3
2 57 1
2 62 4
2 63 2
2 64 1
2 65 4
2 66 2
2 67 3
2 68 3
2 69 2
2 70 3
2 71 2
2 72 2
2 73 2
2 74 3
2 75 3
2 76 2
2 77 1
2 78 3
2 79 2
2 80 3
2 81 2
2 82 2
2 83 3
2 84 2
2 85 2
2 87 3
2 88 3
2 90 2
2 92 2
2 95 1
2 96 3
2 97 2
2 98 2
2 99 3
2 100 4
2 101 2
2 102 4
2 103 2
2 104 4
2 106 1
2 107 4
2 108 4
2 112 2
2 113 1
2 114 1
2 115 4
2 116 3
2 117 1
2 118 3
2 119 4
2 122 3
2 123 2
2 124 2
2 125 3
2 127 4
2 128 3
2 129 2
2 130 4
3 5 2
3 7 4
3 8 3
3 9 1
3 10 3
3 11 2
3 12 1
3 15 4
3 16 1
3 17 4
3 18 3
3 20 3
3 21 4
3 22 2
3 23 3
3 24 4
3 25 3
3 26 3
3 27 4
3 28 1
3 30 2
3 31 2
3 32 2
3 33 4
3 35 1
3 36 2
3 37 3
3 38 4
3 39 3
3 40 4
3 41 1
3 42 3
3 43 3
3 44 1
3 45 4
3 46 3
3 48 2
3 50 3
3 51 3
3 52 1
3 55 3
3 57 2
3 61 4
3 62 3
3 64 2
3 65 2
3 66 1
3 67 3
3 68 2
3 69 1
3 70 3
3 71 2
3 72 2
3 73 3
3 75 3
3 76 3
3 77 1
3 78 2
3 79 4
3 80 1
3 82 1
3 83 2
3 85 3
3 86 4
3 87 1
3 88 3
3 89 1
3 90 4
3 91 4
3 92 3
3 93 4
3 94 2
3 95 2
3 96 2
3 97 3
3 98 4
3 99 2
3 101 2
3 102 3
3 103 2
3 104 1
3 105 2
3 106 2
3 107 3
3 108 4
3 109 4
3 110 2
3 111 3
3 112 3
3 113 2
3 114 2
3 115 1
3 116 3
3 117 1
3 118 4
3 119 3
3 120 2
3 121 2
3 123 3
3 124 3
3 125 4
3 127 1
3 128 4
3 129 2
3 130 4
4 5 1
4 6 3
4 7 2
4 8 4
4 11 1
4 13 3
4 14 2
4 16 1
4 17 4
4 18 3
4 19 1
4 20 1
4 21 1
4 22 4
4 23 2
4 24 3
4 25 3
4 29 3
4 30 3
4 31 1
4 32 3
4 33 1
4 34 3
4 35 3
4 36 2
4 38 3
4 39 1
4 40 1
4 41 1
4 43 1
4 44 1
4 45 4
4 46 4
4 47 1
4 48 3
4 49 3
4 50 4
4 51 1
4 53 1
4 54 4
4 55 1
4 57 3
4 59 2
4 60 4
4 61 4
4 62 1
4 63 2
4 64 2
4 65 4
4 66 2
4 70 4
4 71 2
4 73 4
4 74 4
4 76 2
4 77 4
4 78 1
4 79 1
4 81 2
4 82 3
4 83 2
4 84 2
4 85 2
4 88 4
4 89 4
4 90 4
4 91 4
4 96 2
4 97 2
4 99 3
4 100 1
4 101 4
4 102 4
4 103 3
4 104 4
4 105 2
4 107 1
4 109 4
4 110 2
4 111 2
4 112 2
4 113 2
4 114 1
4 115 1
4 116 1
4 117 4
4 118 3
4 120 4
4 121 1
4 122 3
4 123 1
4 124 4
4 126 1
4 127 2
4 128 4
4 129 3
4 130 3
5 6 1
5 7 4
5 9 3
5 11 2
5 12 4
5 13 3
5 16 4
5 17 2
5 19 1
5 20 3
5 21 4
5 22 1
5 23 3
5 24 4
5 25 1
5 26 3
5 27 3
5 28 1
5 29 3
5 30 4
5 33 2
5 34 2
5 35 3
5 36 1
5 37 3
5 38 4
5 39 2
5 40 2
5 41 1
5 44 4
5 45 1
5 46 4
5 47 4
5 49 4
5 50 4
5 51 3
5 52 1
5 53 2
5 54 2
5 55 3
5 56 3
5 57 4
5 60 4
5 61 3
5 62 2
5 67 1
5 68 4
5 69 1
5 70 1
5 72 4
5 73 2
5 75 4
5 76 1
5 77 2
5 78 4
5 79 1
5 80 2
5 81 2
5 82 4
5 83 3
5 84 4
5 85 3
5 88 3
5 89 3
5 91 3
5 92 4
5 93 4
5 94 3
5 95 4
5 96 2
5 97 3
5 98 3
5 99 3
5 101 1
5 102 3
5 103 3
5 105 2
5 107 1
5 108 1
5 109 4
5 110 3
5 111 4
5 113 1
5 114 4
5 115 1
5 117 3
5 119 2
5 120 1
5 121 1
5 122 1
5 123 1
5 124 3
5 125 2
5 127 1
5 129 1
5 130 3
6 10 4
6 11 3
6 12 4
6 14 3
6 15 2
6 16 2
6 18 1
6 20 1
6 21 2
6 22 4
6 23 1
6 24 2
6 25 4
6 27 2
6 28 3
6 29 4
6 30 1
6 31 4
6 32 4
6 33 1
6 34 3
6 35 2
6 36 2
6 37 1
6 38 4
6 39 3
6 40 3
6 41 4
6 42 4
6 44 1
6 45 2
6 46 3
6 47 4
6 48 2
6 50 3
6 51 1
6 52 4
6 54 2
6 55 2
6 56 2
6 57 2
6 58 3
6 61 4
6 62 1
6 65 1
6 66 3
6 67 2
6 69 1
6 70 1
6 71 3
6 72 2
6 73 1
6 74 1
6 76 2
6 77 3
6 78 2
6 79 1
6 80 3
6 81 4
6 82 1
6 83 4
6 84 4
6 85 1
6 87 3
6 88 2
6 89 3
6 90 2
6 92 4
6 94 3
6 95 2
6 96 3
6 97 1
6 98 1
6 99 4
6 100 1
6 101 4
6 102 3
6 104 4
6 105 1
6 107 3
6 108 1
6 109 4
6 110 1
6 111 4
6 112 2
6 113 2
6 114 1
6 115 4
6 116 2
6 117 4
6 118 3
6 119 4
6 120 1
6 122 4
6 124 3
6 125 1
6 126 4
6 127 2
6 128 3
6 129 2
7 8 4
7 9 3
7 10 4
7 11 1
7 12 1
7 14 2
7 15 2
7 17 4
7 18 1
7 19 2
7 20 2
7 21 2
7 24 2
7 25 3
7 26 2
7 27 3
7 28 4
7 29 3
7 30 3
7 31 3
7 32 4
7 33 1
7 35 1
7 37 1
7 38 3
7 39 1
7 40 3
7 41 3
7 42 1
7 43 4
7 45 4
7 46 4
7 47 2
7 49 4
7 50 2
7 51 3
7 52 4
7 53 3
7 54 1
7 56 2
7 57 1
7 58 2
7 59 1
7 60 1
7 61 4
7 62 4
7 65 2
7 67 4
7 68 4
7 69 3
7 70 3
7 71 2
7 72 3
7 73 4
7 75 4
7 76 2
7 77 4
7 78 3
7 80 2
7 81 1
7 82 1
7 83 4
7 84 3
7 85 2
7 86 3
7 88 2
7 89 2
7 90 2
7 92 3
7 93 2
7 94 3
7 95 4
7 97 4
7 100 3
7 101 3
7 102 3
7 103 1
7 105 3
7 106 1
7 107 2
7 109 1
7 110 3
7 111 1
7 112 2
7 114 4
7 115 2
7 116 4
7 117 3
7 119 4
7 120 1
7 121 3
7 122 3
7 123 2
7 124 3
7 125 4
7 126 2
7 127 1
7 130 1
8 9 1
8 12 4
8 13 1
8 14 3
8 15 2
8 16 2
8 17 2
8 19 2
8 20 3
8 23 1
8 24 1
8 25 2
8 26 1
8 27 2
8 28 1
8 29 3
8 30 1
8 31 3
8 32 3
8 33 4
8 34 2
8 35 3
8 36 4
8 37 4
8 38 2
8 40 2
8 41 2
8 42 2
8 43 1
8 44 2
8 45 3
8 46 3
8 47 2
8 48 2
8 49 1
8 50 4
8 51 1
8 52 2
8 53 2
8 54 4
8 55 4
8 56 4
8 57 1
8 58 3
8 60 1
8 61 1
8 62 1
8 63 1
8 64 2
8 65 3
8 66 1
8 67 4
8 68 4
8 69 2
8 70 4
8 72 4
8 73 4
8 75 3
8 76 4
8 77 3
8 78 4
8 79 1
8 80 1
8 81 3
8 82 3
8 83 2
8 84 1
8 87 2
8 89 1
8 90 3
8 91 2
8 93 1
8 94 1
8 95 4
8 97 3
8 98 4
8 99 2
8 101 2
8 102 2
8 103 1
8 104 1
8 105 3
8 106 1
8 107 2
8 108 1
8 109 3
8 110 1
8 111 2
8 112 2
8 113 2
8 114 1
8 115 1
8 116 2
8 117 3
8 118 1
8 119 1
8 120 4
8 121 4
8 122 3
8 123 1
8 124 4
8 126 1
8 127 2
8 128 4
9 10 4
9 11 3
9 12 3
9 13 4
9 14 3
9 15 1
9 16 3
9 19 4
9 20 3
9 21 4
9 22 3
9 23 1
9 25 3
9 26 1
9 27 4
9 28 1
9 30 3
9 32 1
9 33 4
9 34 3
9 35 1
9 37 4
9 38 1
9 39 1
9 40 1
9 41 2
9 42 2
9 44 3
9 45 1
9 46 3
9 47 4
9 48 2
9 49 2
9 50 4
9 51 1
9 52 4
9 53 2
9 54 4
9 55 3
9 56 1
9 57 4
9 58 2
9 59 1
9 60 1
9 61 3
9 63 3
9 64 1
9 66 1
9 67 3
9 68 3
9 69 3
9 71 3
9 73 4
9 74 4
9 75 2
9 77 2
9 78 1
9 80 1
9 81 1
9 82 4
9 84 1
9 85 4
9 86 3
9 89 3
9 90 2
9 91 1
9 92 2
9 93 4
9 94 3
9 96 2
9 97 1
9 99 3
9 100 3
9 101 4
9 103 3
9 104 3
9 105 2
9 106 1
9 107 1
9 108 1
9 109 3
9 110 1
9 113 2
9 114 4
9 115 3
9 117 2
9 118 3
9 119 4
9 120 4
9 121 3
9 122 3
9 123 2
9 124 1
9 125 3
9 126 4
9 127 1
9 129 2
10 12 2
10 13 1
10 15 4
10 16 1
10 17 4
10 18 2
10 19 1
10 22 4
10 24 4
10 25 1
10 26 4
10 27 1
10 28 2
10 29 3
10 31 3
10 32 3
10 33 4
10 34 4
10 35 3
10 36 2
10 37 3
10 39 3
10 40 3
10 41 2
10 42 1
10 44 1
10 45 1
10 46 2
10 47 4
10 48 4
10 49 3
10 50 3
10 51 3
10 52 1
10 53 4
10 54 1
10 55 4
10 56 3
10 59 4
10 61 4
10 63 1
10 64 1
10 65 4
10 67 4
10 68 4
10 69 2
10 70 2
10 71 4
10 72 4
10 73 3
10 75 1
10 76 4
10 77 1
10 80 2
10 81 2
10 84 3
10 85 1
10 86 2
10 87 3
10 88 4
10 89 4
10 90 1
10 93 3
10 94 4
10 96 3
10 97 2
10 98 1
10 99 4
10 102 2
10 103 3
10 104 1
10 105 2
10 106 2
10 107 4
10 108 2
10 109 3
10 110 2
10 111 2
10 113 4
10 114 2
10 115 3
10 116 1
10 117 3
10 118 1
10 120 1
10 121 3
10 122 2
10 124 4
10 125 4
10 126 2
10 128 4
10 130 2
11 12 4
11 14 3
11 15 1
11 16 1
11 17 3
11 18 3
11 20 3
11 21 3
11 22 2
11 23 3
11 24 2
11 25 1
11 26 1
11 27 2
11 28 1
11 29 4
11 30 4
11 31 3
11 32 1
11 33 3
11 34 3
11 35 3
11 36 4
11 37 1
11 38 2
11 39 3
11 40 1
11 41 2
11 42 1
11 43 1
11 48 1
11 50 4
11 51 3
11 52 1
11 53 1
11 54 3
11 55 3
11 56 4
11 57 1
11 58 1
11 59 1
11 60 2
11 61 4
11 63 3
11 64 3
11 65 3
11 67 1
11 68 1
11 69 4
11 70 1
11 72 1
11 73 2
11 75 3
11 76 4
11 77 3
11 79 3
11 81 1
11 82 3
11 83 2
11 84 1
11 87 1
11 88 2
11 89 3
11 90 1
11 92 4
11 93 1
11 94 1
11 95 3
11 96 3
11 97 4
11 98 1
11 99 2
11 100 1
11 101 4
11 102 2
11 103 4
11 105 2
11 106 1
11 108 3
11 109 2
11 110 3
11 111 4
11 112 3
11 113 3
11 114 1
11 115 3
11 116 3
11 117 4
11 118 2
11 120 3
11 121 3
11 123 1
11 124 4
11 125 3
11 126 3
11 127 3
11 128 4
11 129 1
11 130 1
12 13 3
12 14 4
12 15 2
12 16 2
12 17 2
12 18 1
12 19 3
12 20 2
12 21 4
12 22 3
12 23 3
12 24 1
12 25 1
12 26 1
12 27 3
12 28 4
12 29 1
12 30 3
12 31 2
12 32 4
12 35 3
12 36 2
12 37 4
12 38 3
12 39 1
12 40 1
12 41 2
12 42 1
12 43 3
12 44 1
12 45 2
12 46 3
12 47 2
12 48 4
12 49 3
12 50 1
12 51 2
12 53 4
12 54 4
12 55 2
12 56 2
12 57 4
12 59 4
12 60 2
12 64 2
12 65 3
12 67 3
12 69 4
12 70 2
12 71 3
12 73 1
12 74 2
12 75 1
12 77 3
12 78 2
12 79 4
12 80 3
12 81 3
12 82 4
12 83 2
12 85 3
12 88 1
12 90 1
12 92 4
12 93 2
12 95 1
12 96 2
12 97 1
12 98 2
12 100 1
12 101 1
12 102 4
12 103 1
12 104 4
12 105 4
12 106 1
12 107 1
12 108 2
12 109 4
12 110 3
12 111 1
12 112 1
12 113 1
12 114 3
12 115 2
12 116 3
12 118 2
12 119 2
12 120 4
12 122 2
12 123 3
12 125 1
12 126 2
12 127 3
12 128 1
12 129 3
12 130 1
13 14 3
13 15 1
13 16 2
13 17 1
13 18 2
13 19 3
13 20 4
13 21 4
13 22 4
13 23 2
13 24 4
13 26 4
13 27 1
13 28 3
13 29 3
13 30 2
13 31 1
13 32 3
13 33 3
13 34 1
13 35 4
13 36 2
13 37 4
13 38 4
13 40 3
13 41 4
13 42 2
13 43 4
13 44 2
13 45 3
13 46 4
13 47 4
13 48 1
13 49 1
13 50 1
13 51 4
13 53 4
13 55 1
13 56 3
13 57 1
13 58 2
13 59 3
13 60 4
13 61 2
13 63 3
13 64 2
13 66 4
13 67 4
13 68 1
13 69 4
13 70 4
13 71 4
13 72 1
13 73 1
13 74 4
13 75 1
13 76 2
13 77 3
13 78 4
13 80 4
13 81 1
13 83 1
13 84 1
13 85 4
13 86 3
13 87 1
13 90 2
13 91 4
13 92 4
13 93 2
13 94 3
13 95 4
13 96 2
13 97 4
13 98 3
13 99 1
13 100 2
13 101 4
13 102 1
13 103 1
13 104 1
13 106 3
13 107 2
13 108 3
13 110 1
13 111 2
13 112 4
13 113 2
13 115 3
13 117 4
13 118 1
13 120 3
13 121 2
13 124 4
13 125 3
13 128 1
13 129 3
14 15 3
14 16 2
14 17 2
14 18 4
14 20 3
14 22 4
14 24 4
14 25 1
14 26 4
14 27 4
14 28 4
14 29 2
14 30 2
14 31 4
14 32 3
14 33 1
14 34 1
14 35 1
14 36 4
14 37 2
14 38 3
14 40 1
14 42 2
14 43 2
14 44 3
14 46 1
14 48 4
14 49 2
14 50 4
14 51 4
14 52 1
14 53 3
14 54 4
14 55 4
14 56 4
14 57 2
14 58 4
14 59 1
14 60 1
14 61 1
14 62 2
14 63 2
14 64 1
14 65 1
14 66 1
14 67 1
14 68 1
14 70 2
14 71 2
14 72 1
14 73 2
14 74 1
14 77 4
14 78 3
14 79 3
14 81 1
14 82 1
14 83 4
14 84 4
14 85 4
14 86 1
14 87 2
14 88 4
14 90 2
14 91 2
14 92 1
14 93 2
14 94 1
14 95 1
14 96 1
14 97 1
14 98 1
14 99 1
14 100 4
14 101 3
14 102 1
14 103 2
14 105 4
14 106 3
14 107 4
14 108 2
14 109 3
14 110 4
14 111 3
14 112 3
14 113 2
14 114 3
14 115 2
14 116 1
14 117 2
14 118 2
14 120 4
14 121 1
14 122 3
14 124 2
14 125 3
14 126 4
14 127 3
14 128 3
14 129 4
15 16 3
15 17 1
15 18 3
15 19 4
15 20 4
15 21 4
15 22 1
15 23 3
15 24 3
15 25 3
15 27 4
15 28 4
15 30 4
15 31 3
15 33 1
15 34 1
15 35 1
15 36 2
15 37 4
15 39 3
15 40 1
15 41 1
15 44 2
15 45 4
15 47 4
15 48 4
15 50 1
15 51 4
15 52 2
15 53 3
15 54 2
15 55 3
15 56 1
15 57 4
15 58 4
15 61 4
15 62 3
15 63 1
15 64 1
15 65 4
15 66 1
15 67 3
15 68 4
15 69 3
15 70 4
15 71 2
15 72 3
15 73 3
15 74 1
15 75 3
15 76 4
15 77 4
15 78 4
15 79 3
15 80 2
15 81 2
15 85 3
15 86 4
15 87 3
15 90 3
15 91 3
15 92 1
15 93 3
15 94 4
15 96 1
15 97 2
15 98 3
15 99 1
15 100 1
15 101 4
15 102 4
15 103 4
15 105 1
15 106 3
15 107 1
15 108 1
15 109 2
15 110 2
15 111 2
15 112 2
15 113 1
15 114 4
15 115 3
15 116 4
15 117 1
15 118 2
15 119 4
15 121 4
15 122 1
15 123 3
15 124 3
15 125 4
15 126 4
15 127 4
15 129 1
15 130 1
16 17 2
16 19 4
16 20 3
16 21 2
16 22 1
16 23 2
16 24 1
16 25 1
16 27 3
16 29 2
16 30 3
16 31 2
16 32 1
16 33 3
16 34 2
16 35 3
16 36 3
16 38 1
16 39 2
16 40 4
16 41 3
16 43 2
16 44 2
16 45 4
16 46 2
16 47 4
16 48 4
16 49 4
16 50 3
16 51 2
16 52 3
16 54 2
16 55 3
16 56 1
16 58 2
16 59 1
16 60 3
16 61 1
16 62 1
16 63 4
16 65 4
16 66 3
16 67 4
16 68 2
16 69 3
16 70 4
16 71 4
16 72 3
16 73 4
16 74 3
16 75 2
16 76 4
16 77 3
16 78 3
16 79 2
16 80 2
16 82 4
16 83 1
16 84 1
16 86 3
16 88 4
16 89 3
16 90 4
16 92 3
16 93 1
16 94 1
16 96 3
16 97 4
16 98 2
16 99 2
16 100 3
16 101 3
16 102 2
16 103 4
16 104 4
16 105 2
16 106 2
16 107 1
16 108 4
16 109 1
16 110 3
16 112 1
16 114 2
16 115 3
16 117 1
16 118 2
16 121 1
16 122 1
16 123 3
16 124 3
16 125 3
16 126 3
16 128 1
16 129 1
17 18 1
17 19 1
17 20 3
17 22 3
17 23 2
17 25 4
17 26 4
17 27 3
17 28 2
17 29 2
17 30 2
17 31 4
17 33 1
17 34 3
17 36 4
17 37 3
17 38 3
17 39 1
17 40 4
17 41 1
17 42 1
17 43 3
17 44 4
17 45 3
17 46 1
17 47 4
17 49 3
17 50 4
17 51 1
17 52 1
17 53 2
17 54 4
17 55 4
17 57 2
17 58 2
17 59 3
17 60 2
17 61 3
17 62 4
17 63 3
17 64 3
17 66 4
17 67 3
17 68 3
17 69 2
17 71 3
17 72 1
17 73 1
17 74 4
17 75 2
17 77 4
17 79 1
17 80 3
17 81 4
17 82 4
17 83 3
17 84 1
17 85 2
17 86 1
17 87 2
17 90 3
17 91 4
17 92 3
17 93 2
17 95 1
17 96 1
17 98 2
17 99 1
17 100 3
17 101 4
17 102 1
17 103 3
17 104 1
17 105 2
17 106 4
17 107 4
17 108 1
17 109 1
17 110 4
17 111 3
17 112 2
17 113 3
17 114 2
17 115 1
17 116 3
17 117 2
17 118 3
17 120 2
17 121 1
17 123 1
17 125 2
17 126 3
17 127 3
17 128 1
17 129 4
18 20 4
18 21 1
18 22 2
18 23 4
18 24 1
18 25 2
18 26 1
18 27 4
18 28 2
18 29 3
18 31 3
18 32 4
18 33 4
18 34 3
18 35 2
18 36 2
18 37 4
18 38 3
18 39 2
18 40 3
18 41 4
18 42 1
18 44 4
18 45 1
18 48 2
18 49 1
18 50 3
18 51 4
18 52 3
18 53 3
18 54 2
18 56 4
18 57 4
18 59 2
18 60 2
18 61 2
18 62 4
18 63 2
18 64 4
18 65 2
18 66 2
18 67 3
18 68 1
18 69 1
18 72 4
18 73 2
18 74 2
18 75 4
18 76 1
18 77 2
18 79 3
18 80 4
18 81 2
18 82 4
18 83 3
18 85 3
18 86 2
18 87 2
18 88 3
18 89 4
18 90 2
18 91 1
18 92 4
18 93 3
18 95 3
18 96 1
18 97 2
18 98 4
18 99 1
18 101 3
18 104 2
18 105 4
18 106 3
18 107 4
18 108 1
18 109 2
18 110 2
18 111 4
18 112 4
18 113 2
18 114 1
18 116 2
18 117 2
18 118 4
18 119 1
18 120 4
18 121 4
18 122 1
18 123 2
18 124 4
18 126 1
18 127 3
18 128 4
18 129 3
19 20 1
19 23 1
19 24 1
19 25 3
19 26 3
19 27 4
19 28 1
19 29 2
19 31 1
19 33 4
19 34 1
19 35 1
19 36 3
19 37 4
19 38 3
19 40 3
19 41 2
19 42 2
19 43 1
19 44 3
19 45 4
19 46 2
19 47 1
19 48 4
19 49 1
19 51 2
19 53 1
19 54 2
19 55 3
19 56 3
19 57 2
19 63 2
19 64 2
19 65 2
19 67 4
19 68 1
19 70 2
19 71 4
19 72 3
19 73 1
19 74 1
19 75 2
19 79 1
19 80 2
19 83 4
19 84 4
19 85 2
19 86 4
19 87 3
19 88 3
19 89 2
19 92 3
19 93 4
19 94 1
19 95 4
19 96 4
19 97 3
19 98 4
19 100 3
19 101 2
19 102 1
19 103 3
19 104 4
19 105 4
19 106 3
19 107 3
19 108 2
19 110 4
19 111 4
19 112 2
19 113 2
19 114 3
19 115 3
19 117 2
19 118 1
19 119 1
19 120 3
19 121 4
19 122 2
19 123 2
19 124 3
19 125 4
19 126 1
19 127 3
19 128 1
19 130 2
20 21 4
20 22 1
20 23 3
20 24 4
20 25 3
20 26 4
20 28 3
20 29 1
20 30 4
20 31 1
20 32 2
20 33 3
20 34 3
20 35 2
20 36 3
20 37 4
20 38 1
20 39 4
20 41 2
20 42 3
20 43 3
20 44 4
20 47 3
20 48 4
20 49 1
20 51 4
20 52 1
20 53 2
20 54 4
20 55 2
20 56 3
20 57 1
20 59 3
20 62 1
20 63 3
20 64 1
20 65 1
20 66 2
20 67 1
20 68 3
20 69 1
20 70 1
20 71 1
20 72 3
20 73 4
20 75 1
20 77 4
20 78 2
20 79 4
20 80 2
20 81 1
20 83 3
20 84 2
20 86 2
20 87 3
20 88 1
20 89 2
20 90 3
20 92 2
20 93 2
20 94 1
20 95 3
20 97 2
20 98 1
20 100 2
20 101 2
20 103 1
20 104 4
20 105 1
20 106 4
20 107 2
20 108 4
20 109 4
20 110 3
20 111 2
20 112 1
20 113 3
20 114 1
20 116 2
20 117 2
20 118 1
20 119 2
20 120 2
20 121 2
20 122 1
20 123 2
20 124 2
20 125 4
20 127 1
20 128 4
20 129 3
21 22 2
21 24 2
21 26 2
21 27 3
21 29 2
21 32 2
21 33 4
21 34 2
21 35 1
21 36 2
21 37 1
21 38 4
21 39 3
21 40 3
21 41 2
21 44 1
21 45 1
21 46 1
21 47 3
21 48 4
21 50 2
21 51 1
21 52 2
21 53 4
21 55 3
21 56 3
21 57 3
21 59 3
21 60 2
21 61 2
21 62 1
21 63 2
21 64 2
21 65 4
21 66 2
21 67 1
21 70 3
21 71 3
21 72 4
21 73 4
21 75 2
21 76 4
21 77 4
21 80 1
21 81 1
21 84 4
21 85 3
21 86 2
21 87 3
21 88 3
21 89 4
21 90 3
21 91 1
21 92 1
21 94 2
21 95 1
21 96 2
21 98 4
21 99 4
21 100 1
21 101 4
21 102 3
21 103 1
21 104 3
21 105 4
21 106 3
21 108 1
21 109 2
21 111 4
21 114 1
21 115 2
21 119 4
21 120 2
21 121 4
21 122 4
21 123 2
21 124 4
21 125 4
21 127 1
21 128 3
21 129 1
22 23 1
22 24 1
22 25 1
22 26 1
22 27 4
22 29 4
22 30 1
22 32 3
22 33 2
22 34 3
22 35 3
22 37 2
22 38 4
22 39 4
22 41 3
22 42 3
22 43 2
22 44 2
22 46 4
22 48 3
22 50 2
22 51 3
22 52 3
22 54 3
22 55 3
22 56 1
22 58 3
22 59 1
22 60 1
22 61 3
22 63 4
22 64 4
22 66 2
22 67 3
22 68 3
22 69 1
22 70 3
22 71 2
22 72 3
22 73 1
22 75 4
22 77 2
22 78 3
22 80 4
22 81 2
22 82 4
22 84 3
22 85 4
22 86 2
22 88 2
22 89 1
22 90 4
22 91 4
22 92 3
22 93 3
22 94 2
22 95 1
22 96 4
22 97 1
22 98 1
22 99 4
22 100 4
22 102 4
22 103 1
22 105 4
22 107 1
22 108 1
22 109 3
22 110 2
22 111 1
22 112 1
22 113 2
22 114 4
22 115 3
22 116 4
22 117 4
22 119 3
22 120 1
22 121 2
22 122 3
22 123 4
22 126 4
22 128 4
22 130 3
23 24 2
23 25 3
23 27 3
23 28 4
23 29 3
23 30 1
23 32 1
23 33 3
23 34 3
23 36 2
23 37 3
23 38 2
23 39 1
23 40 1
23 41 4
23 44 3
23 45 3
23 46 2
23 47 3
23 48 1
23 49 3
23 50 3
23 51 4
23 52 1
23 53 3
23 55 3
23 56 3
23 57 1
23 58 1
23 59 3
23 60 4
23 61 2
23 64 1
23 65 2
23 67 1
23 69 4
23 71 2
23 72 1
23 73 2
23 74 4
23 75 4
23 76 3
23 77 4
23 78 2
23 79 2
23 80 1
23 81 3
23 84 1
23 85 1
23 86 4
23 88 3
23 89 3
23 90 4
23 93 1
23 94 3
23 96 2
23 97 1
23 100 2
23 101 4
23 102 2
23 103 4
23 104 4
23 105 1
23 106 3
23 107 3
23 108 2
23 109 1
23 111 4
23 112 2
23 113 4
23 114 4
23 115 1
23 116 1
23 117 2
23 118 4
23 119 4
23 120 2
23 122 1
23 123 4
23 124 4
23 125 2
23 127 4
23 128 4
23 129 4
23 130 2
24 25 1
24 27 1
24 28 3
24 31 1
24 32 4
24 33 2
24 34 4
24 35 1
24 36 4
24 37 2
24 38 4
24 39 3
24 40 4
24 42 1
24 43 1
24 44 3
24 45 3
24 46 4
24 47 3
24 48 3
24 49 2
24 50 1
24 51 4
24 52 4
24 53 4
24 54 4
24 56 1
24 57 3
24 58 2
24 59 3
24 60 4
24 61 1
24 62 3
24 63 4
24 66 4
24 67 2
24 68 3
24 69 1
24 70 2
24 71 4
24 72 3
24 73 4
24 74 1
24 75 2
24 76 1
24 77 1
24 78 1
24 80 4
24 81 4
24 83 1
24 84 2
24 85 4
24 88 3
24 90 4
24 91 1
24 93 4
24 94 4
24 95 1
24 96 2
24 97 1
24 98 4
24 99 1
24 101 2
24 102 3
24 104 3
24 105 4
24 106 4
24 107 4
24 108 3
24 109 3
24 110 1
24 112 4
24 114 1
24 117 2
24 118 1
24 119 1
24 120 2
24 121 2
24 122 1
24 124 2
24 125 2
24 126 1
24 129 4
24 130 3
25 26 1
25 27 1
25 29 1
25 31 4
25 32 1
25 33 2
25 35 2
25 36 3
25 37 1
25 38 2
25 40 1
25 41 2
25 42 3
25 43 1
25 44 1
25 45 1
25 48 1
25 49 3
25 51 2
25 52 3
25 54 4
25 56 3
25 57 4
25 58 3
25 60 4
25 62 1
25 64 3
25 65 1
25 67 2
25 68 2
25 69 3
25 71 3
25 72 4
25 74 3
25 75 4
25 76 1
25 78 4
25 79 3
25 80 1
25 83 4
25 84 3
25 85 2
25 86 4
25 87 2
25 89 1
25 90 4
25 92 1
25 94 1
25 95 2
25 96 4
25 97 3
25 98 1
25 99 3
25 100 3
25 101 3
25 102 2
25 103 2
25 105 3
25 106 4
25 108 4
25 109 2
25 110 3
25 111 2
25 113 3
25 114 4
25 115 2
25 117 4
25 118 3
25 120 3
25 122 3
25 123 4
25 124 2
25 126 4
25 127 2
25 128 4
25 129 3
26 28 1
26 29 3
26 30 3
26 31 4
26 32 4
26 33 2
26 34 2
26 35 3
26 36 4
26 37 4
26 39 1
26 40 1
26 44 2
26 45 4
26 47 3
26 48 4
26 49 1
26 51 1
26 52 1
26 53 3
26 54 4
26 56 4
26 58 1
26 59 3
26 60 2
26 61 3
26 62 4
26 63 1
26 64 1
26 65 2
26 66 4
26 67 4
26 69 3
26 70 2
26 71 1
26 72 1
26 73 2
26 74 4
26 75 4
26 76 3
26 77 3
26 78 1
26 79 3
26 80 2
26 81 3
26 82 1
26 84 1
26 85 4
26 87 4
26 88 4
26 89 1
26 90 2
26 91 2
26 92 4
26 93 1
26 94 1
26 95 2
26 96 1
26 97 4
26 98 3
26 100 4
26 102 4
26 103 3
26 104 2
26 107 2
26 108 1
26 110 2
26 111 1
26 112 4
26 113 2
26 114 2
26 116 1
26 117 1
26 118 2
26 119 4
26 121 3
26 123 3
26 124 2
26 126 2
26 127 3
26 128 2
26 129 3
26 130 4
27 28 2
27 30 1
27 33 2
27 34 3
27 35 2
27 36 2
27 37 4
27 38 2
27 40 2
27 41 2
27 42 3
27 43 4
27 44 1
27 45 2
27 46 1
27 48 2
27 49 1
27 50 4
27 52 2
27 54 4
27 55 1
27 56 1
27 59 1
27 60 4
27 62 2
27 63 1
27 64 2
27 67 1
27 68 2
27 69 3
27 70 3
27 72 4
27 74 3
27 75 1
27 76 4
27 77 2
27 78 1
27 79 1
27 80 1
27 81 2
27 83 1
27 84 1
27 86 4
27 87 4
27 89 1
27 90 3
27 91 2
27 93 2
27 94 4
27 97 4
27 98 4
27 99 1
27 101 4
27 102 3
27 103 4
27 105 3
27 106 4
27 107 2
27 108 3
27 109 3
27 110 4
27 111 3
27 112 2
27 113 3
27 114 3
27 115 1
27 116 2
27 117 4
27 118 1
27 119 2
27 120 2
27 121 4
27 122 4
27 123 3
27 124 1
27 126 1
27 127 1
27 130 1
28 29 1
28 31 4
28 32 3
28 34 3
28 36 3
28 37 4
28 38 2
28 39 4
28 41 2
28 42 2
28 43 2
28 44 2
28 45 1
28 46 4
28 47 2
28 48 4
28 49 1
28 50 3
28 54 4
28 55 1
28 58 3
28 61 4
28 62 3
28 64 2
28 65 2
28 66 4
28 67 4
28 68 1
28 69 2
28 71 4
28 73 1
28 74 1
28 75 4
28 77 3
28 78 4
28 79 4
28 80 1
28 81 4
28 82 1
28 84 2
28 85 1
28 86 3
28 87 4
28 89 4
28 90 4
28 91 4
28 92 3
28 93 4
28 94 2
28 96 4
28 97 4
28 98 4
28 101 1
28 102 1
28 103 3
28 104 1
28 105 3
28 107 3
28 108 2
28 109 2
28 111 3
28 112 1
28 114 3
28 115 4
28 118 2
28 119 3
28 120 1
28 122 4
28 124 2
28 125 2
28 127 2
28 128 1
28 129 2
28 130 4
29 31 4
29 32 2
29 33 2
29 35 3
29 36 4
29 37 1
29 38 4
29 39 2
29 40 3
29 41 1
29 43 3
29 46 3
29 47 2
29 48 2
29 50 2
29 51 4
29 52 3
29 53 4
29 55 3
29 57 1
29 58 3
29 59 2
29 60 3
29 61 2
29 62 2
29 64 2
29 65 4
29 67 1
29 68 3
29 70 3
29 71 1
29 72 2
29 73 3
29 74 1
29 75 4
29 76 3
29 79 4
29 80 1
29 81 2
29 82 2
29 83 4
29 84 2
29 85 3
29 86 4
29 87 4
29 88 2
29 90 2
29 91 4
29 92 1
29 93 3
29 95 4
29 96 1
29 97 1
29 99 3
29 100 4
29 103 3
29 105 1
29 106 2
29 107 2
29 108 3
29 109 1
29 110 1
29 111 2
29 112 1
29 113 3
29 114 2
29 115 4
29 116 3
29 117 2
29 118 2
29 119 3
29 120 3
29 121 3
29 122 1
29 123 2
29 124 2
29 125 2
29 126 2
29 127 3
29 128 2
29 129 3
29 130 4
30 31 2
30 32 2
30 33 2
30 34 3
30 35 4
30 36 1
30 37 4
30 38 1
30 39 1
30 40 3
30 41 4
30 42 1
30 44 4
30 45 1
30 46 4
30 47 1
30 49 3
30 50 3
30 51 2
30 52 2
30 53 3
30 54 3
30 55 2
30 56 4
30 57 2
30 59 4
30 60 1
30 61 2
30 62 4
30 63 4
30 64 1
30 65 2
30 66 1
30 67 3
30 68 1
30 69 2
30 70 1
30 71 4
30 73 2
30 74 2
30 75 4
30 76 4
30 79 3
30 80 3
30 81 4
30 82 2
30 83 2
30 84 1
30 85 2
30 86 1
30 88 2
30 89 1
30 90 2
30 91 1
30 92 4
30 93 3
30 96 3
30 99 1
30 100 3
30 102 4
30 103 3
30 104 2
30 105 3
30 106 2
30 107 2
30 108 4
30 109 3
30 110 1
30 111 1
30 112 2
30 113 3
30 114 3
30 115 1
30 116 1
30 118 3
30 119 2
30 123 2
30 124 3
30 125 2
30 129 2
30 130 2
31 32 2
31 33 2
31 34 3
31 35 2
31 36 2
31 37 3
31 38 4
31 39 1
31 40 3
31 41 1
31 42 3
31 43 4
31 44 4
31 45 4
31 46 2
31 47 3
31 48 4
31 49 2
31 50 1
31 51 4
31 52 1
31 53 3
31 54 4
31 57 4
31 58 4
31 59 3
31 60 3
31 61 1
31 62 1
31 63 3
31 64 3
31 65 2
31 68 4
31 69 3
31 70 4
31 72 1
31 73 3
31 74 1
31 75 2
31 76 3
31 77 4
31 78 1
31 79 1
31 80 1
31 81 4
31 82 4
31 83 4
31 84 1
31 85 1
31 86 1
31 87 2
31 88 2
31 90 4
31 91 2
31 92 4
31 93 1
31 94 4
31 95 4
31 96 1
31 97 1
31 98 2
31 99 1
31 100 4
31 102 4
31 103 4
31 104 1
31 105 1
31 106 4
31 107 4
31 108 2
31 109 1
31 112 2
31 113 4
31 114 3
31 115 4
31 116 1
31 118 3
31 119 3
31 120 2
31 121 4
31 122 4
31 123 3
31 126 1
31 130 4
32 33 1
32 34 4
32 35 2
32 36 1
32 37 2
32 38 2
32 39 3
32 41 2
32 42 3
32 43 4
32 46 3
32 47 1
32 48 4
32 49 4
32 50 4
32 51 2
32 52 4
32 53 2
32 55 3
32 56 3
32 57 1
32 58 4
32 61 1
32 62 4
32 63 2
32 64 4
32 65 1
32 66 2
32 67 3
32 68 4
32 69 4
32 70 3
32 71 4
32 72 1
32 73 3
32 74 1
32 77 2
32 79 1
32 80 3
32 81 3
32 82 2
32 83 4
32 84 4
32 87 3
32 88 1
32 89 4
32 90 4
32 92 2
32 93 1
32 94 4
32 95 2
32 97 2
32 98 3
32 99 1
32 100 3
32 101 3
32 102 4
32 103 1
32 104 1
32 105 1
32 106 3
32 109 1
32 111 3
32 114 3
32 116 4
32 117 1
32 120 3
32 121 2
32 122 4
32 123 1
32 124 4
32 125 3
32 126 3
32 127 2
32 128 2
32 129 4
32 130 4
33 34 2
33 35 4
33 36 4
33 37 1
33 38 4
33 40 3
33 42 4
33 43 2
33 44 1
33 45 3
33 46 1
33 47 3
33 48 2
33 50 3
33 52 2
33 54 2
33 56 3
33 57 2
33 60 3
33 62 1
33 63 1
33 64 4
33 65 4
33 66 2
33 67 2
33 69 2
33 70 2
33 71 3
33 72 1
33 75 4
33 80 1
33 81 4
33 83 1
33 84 3
33 86 4
33 87 2
33 88 3
33 89 4
33 90 1
33 91 4
33 93 3
33 94 3
33 95 3
33 96 4
33 98 2
33 99 4
33 100 4
33 101 4
33 102 4
33 103 4
33 104 2
33 106 4
33 107 4
33 108 4
33 109 2
33 110 2
33 111 3
33 112 4
33 113 3
33 114 2
33 115 2
33 116 3
33 117 2
33 118 4
33 119 4
33 120 2
33 121 1
33 122 3
33 123 2
33 124 1
33 125 1
33 126 2
33 127 2
33 128 3
33 129 3
33 130 4
34 35 4
34 36 4
34 37 1
34 38 2
34 39 4
34 40 2
34 42 3
34 43 1
34 44 3
34 45 3
34 46 3
34 48 1
34 50 3
34 51 3
34 52 3
34 54 2
34 55 3
34 56 4
34 57 3
34 59 4
34 60 1
34 61 2
34 62 2
34 63 3
34 64 3
34 68 3
34 69 2
34 70 2
34 72 1
34 73 4
34 75 4
34 77 2
34 78 4
34 79 2
34 80 2
34 82 2
34 83 2
34 84 4
34 85 4
34 86 3
34 87 3
34 88 1
34 89 4
34 90 4
34 92 1
34 93 1
34 94 1
34 95 1
34 97 4
34 99 1
34 100 3
34 101 3
34 102 2
34 103 4
34 104 2
34 105 2
34 106 4
34 107 2
34 108 3
34 109 3
34 111 1
34 112 4
34 113 2
34 114 4
34 115 2
34 116 2
34 117 1
34 118 4
34 119 1
34 120 1
34 121 4
34 123 2
34 124 3
34 125 1
34 126 2
34 129 1
34 130 4
35 36 1
35 37 4
35 38 1
35 41 3
35 42 2
35 44 3
35 46 1
35 47 4
35 48 3
35 49 4
35 50 2
35 51 3
35 53 2
35 54 3
35 55 2
35 60 2
35 61 3
35 62 2
35 63 3
35 65 1
35 68 4
35 69 4
35 70 3
35 71 1
35 72 1
35 73 2
35 74 3
35 75 1
35 76 4
35 77 3
35 78 3
35 80 4
35 81 4
35 83 4
35 84 2
35 86 2
35 87 2
35 88 4
35 89 3
35 90 2
35 91 4
35 92 2
35 94 4
35 95 3
35 96 3
35 97 3
35 99 3
35 101 2
35 102 3
35 103 2
35 105 2
35 106 1
35 108 1
35 110 4
35 113 3
35 114 2
35 116 3
35 117 2
35 118 4
35 119 3
35 120 3
35 122 2
35 124 2
35 125 1
35 126 2
35 127 2
36 37 2
36 38 4
36 39 4
36 40 4
36 41 3
36 42 2
36 43 3
36 44 4
36 45 4
36 46 2
36 47 2
36 48 2
36 49 2
36 50 2
36 51 3
36 52 3
36 53 2
36 54 1
36 55 3
36 56 3
36 57 1
36 58 1
36 60 2
36 61 3
36 62 1
36 63 1
36 64 2
36 66 1
36 67 2
36 68 2
36 70 3
36 71 1
36 72 4
36 73 2
36 76 2
36 80 2
36 81 4
36 82 1
36 83 4
36 84 3
36 85 1
36 86 1
36 87 2
36 88 4
36 89 2
36 90 4
36 93 1
36 94 3
36 96 1
36 97 2
36 100 2
36 101 3
36 103 3
36 104 3
36 106 4
36 107 1
36 108 4
36 110 1
36 111 1
36 113 3
36 114 2
36 115 3
36 116 1
36 117 3
36 118 4
36 119 4
36 120 1
36 121 2
36 124 3
36 126 2
36 128 2
36 129 4
36 130 2
37 38 2
37 39 3
37 40 2
37 41 1
37 42 3
37 45 2
37 46 1
37 47 4
37 48 2
37 49 1
37 50 1
37 51 2
37 53 4
37 55 2
37 57 3
37 58 2
37 60 1
37 61 2
37 62 3
37 63 3
37 64 2
37 65 4
37 66 4
37 68 2
37 69 1
37 70 1
37 71 2
37 72 2
37 73 3
37 74 2
37 75 1
37 76 2
37 77 4
37 78 2
37 79 1
37 80 1
37 81 2
37 82 3
37 83 2
37 84 3
37 85 3
37 86 1
37 87 4
37 88 3
37 89 3
37 90 2
37 91 3
37 92 3
37 93 1
37 94 2
37 95 4
37 96 3
37 97 2
37 98 4
37 99 1
37 100 3
37 101 2
37 102 3
37 103 4
37 104 4
37 105 4
37 108 4
37 109 2
37 111 4
37 112 3
37 113 3
37 114 1
37 115 1
37 116 3
37 117 3
37 119 4
37 120 1
37 123 1
37 125 1
37 126 2
37 127 3
37 128 3
37 129 3
38 39 4
38 43 1
38 44 4
38 46 3
38 47 3
38 49 4
38 50 3
38 51 2
38 53 2
38 54 2
38 55 2
38 56 2
38 57 4
38 58 3
38 59 4
38 60 2
38 61 4
38 62 1
38 63 3
38 65 3
38 66 4
38 67 4
38 69 3
38 70 1
38 71 1
38 73 2
38 76 3
38 77 4
38 78 1
38 79 4
38 80 1
38 81 1
38 82 1
38 85 3
38 87 2
38 88 2
38 89 4
38 90 4
38 92 3
38 93 2
38 94 1
38 95 2
38 96 2
38 98 2
38 99 1
38 100 2
38 101 2
38 103 2
38 104 2
38 105 2
38 106 1
38 107 4
38 108 3
38 109 3
38 110 1
38 111 2
38 112 4
38 115 4
38 116 1
38 117 3
38 118 3
38 119 4
38 120 4
38 121 2
38 122 3
38 123 3
38 124 4
38 125 3
38 126 2
38 127 3
38 128 3
38 129 2
38 130 2
39 40 1
39 41 1
39 43 4
39 44 3
39 46 2
39 47 3
39 48 4
39 49 2
39 50 2
39 51 1
39 52 3
39 53 1
39 54 4
39 55 4
39 56 1
39 58 2
39 59 3
39 60 2
39 61 4
39 62 1
39 64 4
39 65 2
39 66 2
39 67 2
39 68 1
39 70 2
39 71 2
39 72 4
39 74 1
39 75 3
39 76 2
39 77 4
39 78 1
39 79 2
39 80 4
39 81 1
39 82 1
39 88 1
39 89 2
39 90 3
39 91 3
39 93 1
39 97 4
39 98 3
39 99 3
39 101 4
39 102 3
39 104 1
39 105 4
39 106 2
39 107 2
39 108 3
39 109 2
39 112 2
39 113 2
39 114 2
39 115 3
39 116 2
39 117 1
39 118 1
39 119 3
39 120 2
39 121 4
39 122 1
39 123 4
39 125 4
39 126 1
39 127 2
39 128 4
39 130 1
40 41 1
40 42 2
40 43 3
40 44 3
40 45 2
40 47 1
40 48 4
40 50 4
40 51 2
40 52 2
40 53 1
40 55 4
40 56 3
40 57 4
40 60 2
40 61 2
40 62 1
40 63 4
40 64 3
40 65 2
40 66 1
40 67 1
40 68 3
40 70 1
40 71 3
40 72 4
40 73 2
40 74 1
40 75 3
40 76 1
40 78 3
40 79 4
40 80 4
40 81 2
40 82 4
40 83 3
40 84 3
40 85 3
40 86 2
40 87 1
40 88 3
40 89 3
40 91 4
40 92 1
40 93 2
40 94 2
40 95 1
40 96 3
40 98 4
40 99 1
40 100 1
40 101 2
40 102 2
40 103 1
40 104 2
40 105 1
40 107 4
40 108 3
40 109 1
40 110 4
40 111 2
40 112 1
40 113 2
40 114 3
40 115 3
40 116 2
40 117 2
40 118 1
40 119 4
40 122 2
40 123 3
40 126 2
40 127 4
40 128 3
40 130 1
41 42 3
41 43 3
41 44 3
41 45 4
41 46 2
41 47 4
41 48 3
41 50 2
41 53 2
41 54 2
41 56 4
41 57 1
41 58 1
41 59 2
41 60 4
41 61 4
41 65 1
41 66 3
41 67 2
41 68 3
41 69 1
41 70 4
41 71 4
41 72 2
41 74 1
41 76 3
41 77 2
41 78 1
41 79 2
41 81 1
41 82 4
41 83 2
41 84 2
41 85 3
41 86 4
41 88 3
41 89 4
41 90 2
41 91 1
41 92 3
41 93 1
41 94 3
41 96 1
41 97 2
41 98 1
41 99 1
41 100 3
41 103 1
41 104 1
41 105 4
41 106 4
41 107 3
41 109 3
41 110 3
41 111 3
41 113 1
41 114 2
41 115 3
41 116 4
41 118 1
41 119 3
41 121 1
41 123 4
41 124 3
41 125 1
41 126 3
41 127 1
41 129 3
41 130 2
42 43 2
42 44 1
42 47 4
42 48 1
42 49 3
42 51 3
42 52 1
42 53 3
42 55 4
42 56 4
42 57 1
42 59 2
42 60 2
42 61 2
42 62 2
42 63 3
42 64 3
42 65 2
42 66 2
42 68 3
42 69 1
42 71 4
42 72 4
42 73 2
42 74 2
42 75 1
42 76 1
42 77 2
42 78 1
42 79 1
42 80 1
42 81 1
42 82 2
42 83 3
42 84 4
42 85 2
42 86 4
42 87 2
42 88 1
42 89 4
42 94 2
42 95 4
42 96 2
42 97 1
42 100 1
42 101 3
42 104 3
42 105 3
42 107 1
42 108 1
42 109 4
42 110 3
42 111 2
42 112 4
42 114 2
42 115 3
42 116 4
42 117 2
42 118 1
42 119 1
42 120 3
42 121 1
42 123 4
42 124 3
42 125 3
42 126 3
42 127 3
42 128 1
42 129 1
42 130 1
43 44 3
43 45 2
43 46 3
43 47 1
43 48 1
43 50 3
43 51 1
43 53 1
43 54 2
43 55 3
43 56 2
43 57 3
43 58 1
43 59 4
43 61 1
43 62 3
43 63 2
43 64 4
43 65 1
43 67 2
43 68 2
43 69 2
43 70 3
43 71 4
43 72 2
43 73 3
43 74 2
43 76 2
43 77 3
43 78 1
43 79 2
43 81 2
43 82 3
43 83 2
43 85 2
43 86 4
43 88 4
43 89 3
43 90 3
43 91 4
43 93 4
43 94 2
43 95 4
43 96 3
43 97 1
43 98 3
43 99 3
43 100 4
43 102 2
43 103 3
43 104 3
43 105 2
43 106 1
43 107 3
43 109 2
43 110 3
43 111 2
43 112 3
43 113 1
43 114 2
43 115 3
43 117 4
43 118 1
43 119 1
43 120 2
43 121 3
43 122 1
43 123 1
43 124 1
43 125 2
43 126 2
43 127 2
43 128 1
43 129 1
43 130 4
44 45 2
44 46 1
44 47 3
44 48 4
44 49 3
44 50 1
44 52 4
44 53 4
44 54 1
44 56 4
44 57 3
44 58 2
44 60 1
44 61 4
44 62 3
44 64 4
44 65 2
44 66 2
44 67 2
44 68 1
44 69 3
44 71 3
44 72 4
44 74 1
44 75 1
44 77 2
44 78 3
44 79 1
44 80 3
44 81 4
44 83 3
44 84 4
44 85 1
44 86 2
44 87 2
44 88 1
44 89 4
44 90 4
44 91 1
44 92 1
44 93 1
44 94 2
44 96 2
44 98 4
44 101 4
44 104 3
44 105 3
44 108 2
44 109 4
44 110 1
44 111 4
44 114 1
44 116 2
44 117 1
44 118 4
44 119 3
44 123 3
44 124 2
44 125 1
44 126 4
44 127 1
44 128 2
44 129 4
45 46 1
45 47 1
45 48 4
45 50 4
45 51 3
45 52 2
45 53 2
45 54 2
45 55 3
45 57 4
45 58 2
45 59 4
45 61 2
45 63 3
45 64 4
45 65 1
45 66 3
45 68 2
45 69 4
45 71 2
45 72 4
45 73 1
45 74 1
45 76 3
45 77 3
45 78 1
45 80 2
45 82 4
45 83 4
45 84 4
45 85 3
45 86 2
45 87 2
45 89 4
45 90 3
45 91 1
45 92 4
45 93 3
45 95 4
45 96 1
45 98 4
45 100 3
45 101 2
45 102 4
45 103 4
45 105 2
45 106 2
45 107 3
45 108 2
45 109 4
45 110 4
45 111 1
45 112 2
45 113 1
45 115 3
45 116 2
45 117 1
45 118 1
45 119 4
45 120 2
45 121 3
45 122 3
45 123 3
45 124 2
45 125 3
45 127 2
45 128 2
45 130 4
46 47 1
46 48 3
46 50 3
46 51 4
46 52 3
46 53 1
46 54 4
46 55 4
46 56 3
46 57 4
46 58 4
46 60 4
46 61 4
46 62 4
46 63 4
46 64 2
46 65 2
46 66 1
46 67 3
46 68 3
46 70 3
46 71 3
46 73 2
46 74 2
46 75 1
46 76 2
46 77 2
46 78 3
46 80 2
46 81 1
46 82 2
46 83 1
46 84 1
46 86 4
46 87 1
46 88 1
46 89 2
46 91 1
46 92 1
46 94 2
46 95 4
46 97 1
46 98 2
46 100 4
46 101 1
46 102 2
46 103 1
46 104 1
46 105 1
46 107 4
46 108 2
46 109 1
46 110 2
46 111 1
46 112 1
46 113 3
46 114 1
46 115 3
46 119 1
46 120 4
46 121 3
46 122 1
46 124 4
46 125 2
46 126 1
46 127 4
46 128 4
46 129 2
47 48 1
47 49 1
47 50 3
47 51 3
47 52 4
47 53 4
47 54 1
47 55 4
47 56 4
47 57 2
47 59 2
47 60 4
47 61 2
47 62 1
47 64 1
47 65 2
47 66 1
47 67 3
47 70 4
47 71 1
47 72 1
47 73 3
47 74 3
47 75 2
47 77 4
47 80 4
47 81 3
47 83 1
47 84 1
47 85 4
47 86 3
47 87 2
47 88 2
47 89 4
47 90 3
47 91 2
47 92 2
47 93 3
47 94 1
47 95 4
47 96 1
47 97 4
47 98 1
47 99 4
47 100 1
47 102 2
47 103 2
47 104 2
47 105 3
47 106 2
47 108 4
47 109 4
47 110 3
47 111 3
47 112 3
47 113 4
47 114 3
47 115 3
47 116 3
47 117 4
47 118 3
47 120 3
47 121 4
47 123 3
47 124 2
47 125 1
47 126 2
47 127 4
47 128 2
47 129 3
48 49 2
48 51 1
48 53 3
48 54 1
48 55 1
48 56 3
48 57 2
48 59 4
48 60 4
48 61 1
48 62 3
48 63 1
48 65 2
48 66 1
48 68 2
48 69 1
48 70 1
48 71 4
48 72 3
48 73 3
48 74 2
48 75 2
48 76 3
48 77 4
48 78 4
48 80 2
48 81 4
48 82 4
48 85 4
48 86 1
48 87 4
48 88 4
48 89 2
48 90 3
48 91 1
48 92 4
48 93 4
48 95 3
48 96 2
48 97 4
48 98 2
48 99 3
48 100 2
48 101 1
48 102 3
48 104 3
48 105 2
48 107 2
48 108 3
48 109 3
48 110 3
48 111 3
48 112 4
48 113 4
48 114 4
48 115 3
48 116 4
48 117 2
48 118 4
48 121 4
48 122 1
48 123 4
48 124 2
48 126 4
48 127 1
48 129 1
48 130 4
49 50 4
49 51 4
49 52 4
49 53 2
49 54 3
49 55 1
49 57 2
49 59 2
49 60 4
49 61 2
49 62 4
49 63 3
49 64 2
49 66 1
49 67 4
49 68 4
49 70 1
49 71 4
49 73 2
49 74 3
49 75 1
49 76 3
49 77 2
49 78 2
49 79 1
49 80 1
49 81 2
49 86 3
49 87 3
49 88 1
49 89 2
49 90 1
49 91 2
49 92 2
49 96 4
49 97 4
49 98 3
49 99 4
49 101 2
49 102 3
49 103 4
49 105 3
49 106 4
49 107 4
49 108 2
49 109 1
49 110 1
49 111 1
49 112 4
49 113 2
49 114 3
49 115 3
49 117 3
49 118 2
49 119 1
49 120 2
49 121 3
49 122 2
49 123 2
49 124 4
49 125 4
49 126 1
49 127 2
49 128 3
49 129 1
50 51 1
50 52 3
50 53 2
50 54 1
50 55 4
50 57 2
50 59 3
50 60 3
50 61 2
50 63 4
50 64 4
50 65 3
50 66 1
50 67 3
50 68 2
50 69 2
50 70 4
50 71 2
50 72 2
50 74 3
50 76 4
50 77 4
50 78 4
50 79 1
50 80 3
50 81 3
50 83 2
50 84 1
50 85 3
50 86 1
50 88 2
50 90 2
50 92 3
50 94 3
50 96 2
50 97 1
50 98 3
50 99 4
50 100 3
50 102 4
50 104 2
50 105 2
50 106 2
50 107 3
50 108 3
50 109 4
50 110 2
50 111 4
50 112 2
50 113 2
50 114 3
50 115 1
50 117 4
50 118 3
50 119 3
50 120 4
50 121 2
50 122 3
50 123 1
50 124 1
50 125 4
50 126 2
50 127 4
50 129 4
51 52 4
51 53 4
51 54 3
51 55 3
51 56 2
51 57 1
51 58 1
51 59 3
51 60 4
51 61 1
51 62 3
51 63 4
51 64 3
51 65 2
51 66 4
51 67 3
51 68 3
51 69 2
51 70 3
51 71 3
51 72 2
51 73 1
51 74 1
51 75 2
51 76 4
51 77 2
51 78 2
51 80 4
51 81 4
51 82 3
51 85 3
51 86 2
51 87 3
51 88 1
51 89 1
51 90 2
51 91 2
51 93 1
51 94 3
51 95 3
51 96 1
51 97 4
51 98 4
51 100 4
51 101 2
51 102 3
51 103 2
51 104 4
51 105 1
51 106 1
51 107 2
51 108 1
51 109 2
51 110 3
51 111 3
51 112 2
51 113 3
51 114 3
51 115 3
51 116 2
51 117 1
51 118 1
51 119 3
51 120 1
51 121 1
51 122 2
51 123 2
51 124 1
51 125 2
51 126 4
51 129 2
51 130 4
52 53 4
52 54 1
52 55 2
52 56 4
52 57 2
52 58 1
52 59 2
52 61 1
52 63 1
52 64 3
52 65 2
52 68 2
52 69 2
52 70 4
52 71 1
52 73 2
52 74 2
52 75 4
52 76 1
52 77 3
52 78 4
52 79 2
52 80 3
52 81 3
52 83 2
52 85 1
52 86 2
52 87 4
52 88 1
52 89 3
52 90 1
52 91 3
52 92 1
52 93 1
52 94 1
52 95 3
52 96 4
52 97 1
52 98 3
52 99 2
52 100 3
52 103 3
52 104 2
52 105 1
52 106 2
52 107 1
52 108 3
52 110 2
52 111 4
52 113 2
52 115 3
52 117 2
52 118 4
52 119 4
52 121 1
52 122 4
52 123 4
52 125 3
52 126 3
52 127 1
52 128 1
52 129 1
53 55 2
53 56 4
53 57 1
53 62 4
53 63 4
53 64 1
53 65 4
53 69 1
53 70 3
53 71 4
53 72 1
53 73 4
53 74 4
53 75 4
53 76 2
53 77 4
53 78 1
53 79 4
53 80 3
53 81 1
53 82 2
53 83 4
53 84 4
53 85 3
53 86 2
53 87 1
53 88 3
53 89 2
53 90 4
53 91 3
53 92 1
53 94 1
53 95 4
53 96 1
53 97 3
53 98 4
53 99 4
53 100 3
53 101 4
53 102 3
53 104 3
53 105 4
53 106 1
53 109 1
53 110 1
53 111 1
53 112 1
53 113 4
53 114 2
53 116 1
53 117 1
53 118 4
53 120 1
53 122 3
53 123 1
53 124 3
53 125 2
53 126 4
53 127 4
53 128 4
53 129 4
53 130 3
54 55 2
54 56 1
54 57 2
54 59 4
54 61 4
54 63 2
54 64 2
54 65 2
54 66 4
54 67 2
54 68 3
54 70 4
54 71 3
54 73 2
54 74 1
54 75 4
54 76 4
54 77 4
54 78 2
54 80 1
54 81 3
54 82 1
54 83 2
54 84 3
54 85 2
54 86 1
54 87 3
54 88 4
54 89 4
54 90 4
54 91 1
54 92 1
54 93 3
54 95 3
54 99 3
54 100 2
54 101 2
54 103 4
54 106 3
54 108 3
54 110 1
54 111 3
54 112 3
54 113 4
54 115 3
54 116 4
54 117 4
54 120 2
54 121 3
54 122 4
54 123 2
54 124 2
54 125 4
54 126 3
54 127 3
54 128 2
55 57 1
55 58 3
55 60 3
55 63 3
55 64 1
55 66 1
55 67 1
55 68 3
55 69 4
55 71 2
55 72 2
55 75 4
55 76 2
55 77 2
55 78 1
55 79 4
55 80 4
55 81 2
55 82 3
55 83 2
55 85 3
55 87 3
55 88 3
55 89 3
55 90 4
55 91 4
55 92 4
55 93 4
55 94 3
55 95 2
55 96 2
55 97 1
55 98 1
55 100 3
55 101 4
55 102 1
55 103 1
55 104 3
55 105 4
55 106 1
55 107 3
55 108 4
55 109 1
55 110 1
55 111 3
55 112 3
55 113 2
55 117 4
55 118 3
55 119 3
55 120 2
55 121 4
55 122 1
55 123 3
55 125 1
55 126 1
55 127 2
55 128 2
55 129 4
55 130 2
56 57 4
56 58 4
56 59 1
56 60 2
56 61 4
56 63 1
56 64 2
56 65 2
56 66 3
56 67 1
56 68 2
56 69 2
56 71 2
56 72 3
56 75 2
56 76 1
56 77 2
56 78 1
56 79 1
56 80 3
56 81 3
56 82 3
56 83 1
56 84 4
56 85 4
56 86 2
56 87 4
56 90 4
56 92 2
56 93 2
56 94 3
56 96 4
56 97 1
56 99 1
56 100 2
56 101 1
56 102 3
56 103 4
56 104 3
56 105 2
56 106 2
56 107 4
56 108 1
56 111 1
56 112 2
56 113 4
56 114 4
56 115 3
56 116 2
56 118 2
56 119 4
56 120 3
56 121 1
56 122 3
56 123 3
56 125 4
56 127 3
56 128 3
56 129 2
56 130 2
57 58 1
57 59 3
57 60 2
57 61 2
57 62 1
57 63 4
57 64 3
57 65 4
57 66 1
57 67 2
57 68 3
57 70 4
57 71 1
57 72 2
57 73 4
57 74 2
57 75 4
57 76 1
57 77 1
57 78 1
57 80 4
57 81 1
57 82 3
57 83 2
57 84 3
57 85 3
57 86 4
57 88 4
57 89 4
57 90 3
57 91 3
57 92 4
57 93 1
57 94 4
57 98 3
57 99 1
57 100 2
57 102 1
57 103 3
57 104 4
57 105 3
57 107 2
57 108 4
57 109 1
57 110 2
57 111 4
57 112 4
57 113 2
57 114 3
57 115 1
57 116 2
57 117 2
57 118 1
57 120 1
57 121 3
57 122 2
57 123 2
57 125 1
57 126 4
57 127 2
57 128 3
57 129 4
58 64 2
58 65 2
58 66 3
58 69 1
58 70 1
58 71 4
58 73 4
58 74 2
58 75 2
58 76 3
58 78 4
58 79 3
58 80 1
58 81 4
58 82 3
58 84 1
58 85 3
58 86 2
58 89 4
58 90 2
58 91 2
58 93 2
58 94 1
58 97 4
58 99 3
58 101 4
58 102 2
58 103 3
58 106 2
58 107 3
58 108 3
58 109 1
58 110 2
58 111 1
58 112 2
58 114 2
58 115 2
58 116 2
58 118 1
58 119 4
58 120 3
58 121 4
58 124 3
58 125 1
58 126 3
58 128 1
58 129 4
58 130 1
59 60 1
59 62 4
59 63 4
59 64 2
59 65 3
59 67 2
59 68 1
59 69 2
59 70 1
59 71 2
59 72 3
59 73 2
59 74 3
59 75 4
59 76 2
59 77 4
59 78 3
59 79 1
59 80 2
59 82 1
59 83 1
59 84 2
59 85 3
59 86 2
59 87 4
59 88 2
59 89 3
59 92 2
59 93 1
59 94 4
59 96 3
59 97 1
59 98 1
59 99 1
59 100 2
59 101 4
59 102 1
59 103 4
59 104 3
59 105 4
59 106 4
59 107 2
59 108 3
59 110 3
59 111 1
59 112 4
59 113 1
59 115 1
59 116 3
59 117 2
59 118 2
59 119 1
59 120 2
59 121 3
59 122 2
59 123 3
59 124 2
59 126 2
59 127 3
59 128 2
59 129 1
59 130 2
60 61 4
60 62 3
60 63 1
60 64 3
60 65 3
60 66 2
60 67 2
60 68 2
60 69 3
60 70 4
60 71 2
60 72 4
60 73 1
60 74 4
60 75 2
60 76 1
60 77 2
60 78 3
60 79 3
60 81 4
60 82 1
60 83 2
60 85 2
60 86 1
60 88 1
60 89 2
60 90 3
60 91 3
60 93 2
60 94 1
60 96 3
60 97 4
60 98 1
60 99 1
60 100 1
60 101 1
60 102 1
60 103 3
60 104 3
60 105 3
60 106 1
60 107 3
60 108 3
60 109 3
60 111 3
60 112 3
60 113 2
60 114 4
60 115 3
60 116 3
60 118 3
60 119 3
60 121 3
60 122 1
60 123 4
60 125 1
60 126 2
60 128 1
60 129 2
61 62 4
61 63 2
61 65 1
61 67 4
61 68 4
61 69 1
61 70 2
61 71 2
61 73 3
61 75 2
61 76 3
61 77 3
61 78 2
61 79 1
61 80 3
61 81 3
61 82 2
61 83 2
61 84 4
61 86 2
61 87 1
61 88 1
61 89 2
61 90 4
61 91 4
61 93 3
61 94 1
61 95 2
61 97 4
61 99 4
61 100 2
61 101 2
61 102 2
61 103 3
61 104 4
61 105 4
61 106 3
61 107 2
61 108 1
61 109 1
61 111 1
61 112 1
61 114 2
61 115 3
61 116 3
61 117 3
61 118 1
61 120 1
61 121 3
61 123 4
61 124 3
61 125 2
61 126 4
61 127 4
61 128 2
61 129 4
61 130 1
62 64 3
62 65 4
62 66 1
62 69 4
62 70 2
62 71 2
62 72 2
62 73 2
62 76 1
62 77 2
62 78 1
62 79 1
62 80 1
62 83 4
62 84 3
62 85 1
62 86 1
62 87 2
62 88 3
62 89 3
62 91 3
62 92 3
62 93 1
62 94 2
62 95 3
62 96 3
62 98 3
62 99 2
62 100 1
62 102 1
62 103 4
62 105 2
62 106 1
62 108 4
62 109 2
62 110 4
62 111 1
62 112 2
62 113 4
62 114 4
62 115 4
62 116 1
62 118 2
62 119 3
62 121 3
62 122 4
62 123 2
62 125 3
62 127 2
62 128 2
62 129 1
62 130 3
63 64 3
63 65 3
63 66 1
63 67 3
63 69 2
63 70 4
63 72 4
63 73 1
63 74 4
63 76 1
63 78 2
63 79 4
63 80 3
63 81 2
63 82 4
63 83 1
63 84 1
63 85 4
63 86 2
63 88 4
63 91 2
63 92 1
63 93 4
63 94 2
63 95 3
63 96 4
63 98 1
63 99 2
63 100 3
63 101 1
63 102 4
63 103 1
63 104 2
63 105 4
63 108 2
63 109 1
63 110 2
63 112 1
63 113 4
63 114 3
63 115 1
63 116 2
63 117 3
63 119 4
63 121 3
63 122 3
63 123 2
63 124 3
63 125 3
63 126 2
63 127 2
63 129 1
63 130 3
64 67 3
64 68 2
64 70 3
64 71 2
64 74 1
64 75 1
64 76 2
64 77 1
64 78 4
64 79 3
64 80 1
64 81 2
64 82 1
64 84 1
64 86 1
64 87 4
64 88 3
64 89 1
64 90 2
64 91 3
64 92 1
64 93 2
64 94 3
64 95 3
64 96 4
64 98 1
64 99 4
64 101 1
64 102 3
64 103 4
64 104 2
64 105 2
64 106 2
64 107 1
64 108 3
64 109 2
64 112 2
64 113 2
64 114 3
64 115 4
64 116 2
64 117 4
64 118 3
64 119 1
64 120 1
64 121 1
64 122 1
64 123 4
64 124 1
64 126 3
64 127 3
64 128 1
64 129 2
65 66 3
65 67 4
65 68 2
65 69 1
65 71 1
65 72 4
65 73 3
65 74 4
65 75 4
65 76 4
65 77 3
65 79 1
65 81 4
65 83 4
65 84 1
65 85 2
65 86 3
65 88 2
65 90 1
65 91 3
65 92 1
65 93 3
65 94 3
65 95 4
65 96 2
65 97 2
65 98 2
65 99 2
65 100 1
65 101 3
65 102 2
65 103 4
65 104 1
65 105 4
65 106 3
65 107 4
65 108 2
65 109 4
65 111 3
65 112 3
65 113 4
65 114 3
65 115 1
65 116 3
65 117 2
65 118 4
65 119 2
65 120 2
65 121 3
65 123 4
65 124 3
65 126 2
65 128 4
65 129 1
65 130 4
66 67 4
66 68 3
66 69 2
66 70 4
66 71 4
66 73 4
66 74 1
66 75 1
66 78 3
66 79 2
66 80 2
66 81 3
66 82 4
66 83 4
66 84 2
66 85 2
66 86 4
66 87 3
66 88 4
66 89 1
66 90 4
66 91 3
66 92 2
66 93 3
66 94 4
66 95 4
66 97 4
66 98 1
66 99 3
66 100 1
66 101 3
66 102 3
66 103 2
66 104 1
66 105 2
66 108 4
66 109 3
66 110 4
66 112 1
66 113 3
66 115 2
66 116 4
66 117 1
66 118 4
66 119 3
66 120 1
66 121 4
66 122 3
66 123 1
66 124 2
66 126 1
66 128 1
66 129 1
66 130 1
67 68 1
67 71 1
67 72 3
67 74 1
67 75 2
67 76 1
67 77 4
67 78 4
67 79 3
67 80 4
67 83 3
67 84 1
67 85 2
67 87 3
67 88 3
67 89 4
67 90 1
67 91 3
67 92 2
67 93 1
67 94 3
67 95 1
67 96 3
67 97 1
67 98 1
67 99 3
67 100 4
67 101 2
67 103 4
67 104 1
67 107 4
67 108 2
67 109 2
67 110 2
67 111 1
67 112 3
67 113 2
67 114 1
67 116 1
67 119 1
67 121 1
67 123 1
67 124 1
67 126 1
67 127 2
67 128 4
67 129 3
67 130 2
68 69 2
68 70 3
68 72 4
68 73 1
68 74 2
68 75 4
68 76 2
68 77 4
68 79 1
68 80 2
68 81 1
68 83 1
68 84 1
68 87 4
68 88 1
68 89 1
68 92 1
68 94 3
68 95 4
68 96 3
68 97 1
68 98 1
68 100 2
68 101 1
68 102 1
68 103 4
68 104 1
68 105 4
68 106 3
68 107 4
68 108 2
68 109 2
68 110 3
68 111 1
68 112 1
68 113 2
68 115 3
68 116 4
68 117 4
68 118 1
68 119 3
68 120 1
68 121 1
68 122 2
68 123 3
68 124 1
68 125 1
68 126 1
68 127 2
68 128 2
68 129 2
68 130 4
69 70 3
69 71 1
69 72 4
69 74 1
69 75 3
69 76 2
69 77 2
69 80 2
69 82 3
69 84 4
69 86 3
69 87 1
69 88 1
69 89 4
69 90 3
69 92 1
69 93 2
69 94 3
69 95 2
69 96 1
69 97 1
69 98 2
69 100 3
69 101 2
69 103 4
69 105 4
69 106 3
69 107 2
69 108 3
69 109 2
69 111 1
69 112 4
69 113 2
69 115 3
69 117 1
69 118 4
69 119 3
69 120 4
69 121 2
69 123 4
69 124 2
69 126 2
69 128 2
69 130 3
70 71 2
70 75 1
70 76 2
70 77 3
70 78 3
70 79 3
70 80 3
70 81 2
70 82 4
70 83 2
70 84 4
70 85 2
70 86 3
70 87 1
70 88 3
70 89 4
70 90 4
70 91 1
70 92 3
70 93 1
70 94 3
70 95 4
70 96 2
70 98 3
70 99 2
70 100 4
70 102 1
70 103 4
70 104 1
70 105 1
70 106 2
70 107 2
70 108 2
70 109 2
70 110 2
70 111 2
70 113 2
70 114 2
70 115 2
70 116 4
70 117 4
70 118 4
70 119 3
70 120 3
70 123 4
70 124 4
70 126 3
70 127 3
70 128 1
70 129 3
70 130 4
71 72 3
71 73 3
71 74 1
71 75 1
71 76 3
71 77 4
71 78 4
71 79 2
71 80 3
71 83 4
71 84 2
71 85 1
71 86 1
71 87 3
71 88 2
71 89 1
71 90 4
71 91 3
71 92 1
71 93 3
71 94 1
71 95 4
71 97 2
71 98 4
71 99 2
71 100 1
71 102 1
71 103 4
71 104 1
71 105 3
71 106 2
71 107 2
71 108 2
71 109 2
71 110 4
71 112 4
71 113 3
71 115 4
71 117 1
71 118 2
71 120 2
71 123 2
71 124 4
71 125 3
71 126 3
71 127 2
71 128 1
71 129 3
72 73 4
72 75 1
72 76 4
72 77 3
72 78 1
72 79 1
72 80 1
72 81 4
72 82 1
72 83 3
72 84 3
72 85 1
72 88 4
72 90 1
72 91 1
72 92 2
72 93 3
72 98 3
72 99 2
72 100 4
72 101 3
72 103 2
72 104 4
72 105 3
72 106 3
72 108 4
72 109 1
72 110 1
72 111 2
72 112 2
72 113 4
72 114 3
72 115 3
72 116 4
72 117 1
72 118 4
72 119 3
72 122 3
72 123 1
72 124 3
72 125 2
72 126 4
72 127 2
72 128 2
72 129 4
73 74 3
73 75 3
73 76 1
73 77 3
73 78 1
73 79 3
73 80 4
73 81 2
73 82 2
73 85 1
73 86 3
73 87 1
73 88 2
73 89 4
73 90 2
73 91 2
73 92 3
73 93 4
73 94 4
73 95 4
73 97 1
73 98 2
73 100 4
73 102 3
73 103 3
73 104 1
73 105 2
73 106 3
73 107 1
73 109 1
73 110 2
73 112 3
73 115 3
73 116 3
73 117 4
73 118 2
73 121 4
73 122 3
73 123 2
73 124 4
73 125 4
73 126 3
73 127 4
73 129 3
73 130 3
74 75 3
74 76 1
74 77 3
74 78 1
74 79 1
74 80 4
74 81 4
74 82 4
74 83 1
74 84 1
74 85 3
74 86 4
74 88 1
74 89 3
74 91 1
74 92 1
74 93 2
74 95 4
74 97 3
74 98 3
74 99 4
74 100 3
74 101 4
74 103 3
74 104 3
74 106 2
74 107 3
74 108 1
74 109 3
74 111 1
74 113 4
74 115 3
74 116 4
74 117 3
74 118 2
74 119 4
74 120 1
74 122 1
74 123 2
74 124 2
74 125 2
74 126 3
74 127 3
74 128 1
74 129 3
75 76 2
75 77 4
75 78 1
75 79 3
75 81 4
75 84 3
75 85 4
75 86 3
75 87 1
75 88 1
75 89 2
75 90 3
75 91 4
75 93 4
75 95 3
75 96 1
75 97 1
75 98 4
75 100 4
75 101 1
75 102 1
75 103 2
75 104 2
75 106 1
75 107 1
75 108 1
75 109 4
75 110 4
75 113 4
75 114 4
75 116 2
75 117 4
75 121 4
75 122 1
75 123 4
75 124 3
75 125 4
75 126 1
75 127 4
75 128 1
75 129 4
75 130 2
76 77 4
76 79 3
76 80 1
76 81 1
76 82 2
76 85 2
76 86 4
76 87 3
76 88 3
76 89 2
76 90 1
76 91 1
76 92 1
76 93 2
76 94 2
76 95 1
76 96 1
76 97 4
76 98 1
76 99 1
76 100 1
76 101 3
76 102 4
76 103 4
76 104 1
76 105 2
76 107 4
76 109 1
76 111 2
76 112 2
76 114 4
76 115 3
76 116 3
76 117 4
76 118 4
76 119 2
76 120 3
76 121 4
76 122 4
76 125 4
76 127 4
76 128 3
76 129 3
76 130 3
77 78 3
77 79 2
77 80 2
77 81 1
77 82 1
77 83 4
77 84 2
77 85 1
77 87 4
77 89 2
77 90 1
77 91 4
77 92 3
77 94 1
77 101 2
77 103 3
77 104 4
77 105 2
77 106 4
77 107 4
77 108 2
77 109 4
77 110 1
77 111 1
77 113 1
77 114 2
77 115 4
77 117 3
77 119 3
77 120 3
77 121 1
77 122 2
77 123 1
77 124 4
77 125 1
77 126 4
77 127 4
77 128 1
77 129 3
77 130 4
78 79 4
78 80 2
78 81 2
78 82 4
78 83 2
78 84 1
78 85 1
78 87 3
78 88 4
78 89 4
78 90 2
78 91 3
78 92 1
78 94 4
78 95 4
78 96 3
78 97 4
78 100 2
78 101 4
78 102 1
78 103 4
78 104 4
78 105 3
78 106 1
78 107 2
78 108 2
78 109 1
78 110 2
78 111 4
78 112 2
78 113 1
78 114 4
78 115 4
78 116 3
78 117 4
78 120 3
78 121 2
78 122 1
78 123 2
78 126 4
78 127 1
78 128 3
78 129 3
78 130 2
79 80 4
79 81 3
79 82 4
79 83 1
79 84 2
79 85 2
79 86 1
79 90 1
79 91 3
79 92 2
79 94 4
79 95 2
79 96 2
79 97 3
79 98 3
79 99 1
79 100 2
79 101 2
79 102 3
79 103 4
79 104 3
79 105 3
79 106 2
79 107 3
79 109 2
79 110 3
79 111 4
79 113 4
79 114 3
79 115 3
79 117 3
79 118 1
79 119 4
79 121 2
79 122 3
79 123 2
79 124 4
79 125 4
79 127 2
79 128 2
79 129 3
79 130 3
80 81 1
80 82 3
80 83 2
80 85 1
80 87 2
80 88 4
80 89 1
80 90 2
80 92 3
80 93 4
80 94 2
80 95 1
80 97 4
80 98 1
80 99 4
80 101 3
80 102 3
80 103 3
80 104 1
80 105 2
80 106 2
80 110 4
80 111 1
80 113 3
80 114 2
80 115 4
80 116 3
80 118 4
80 119 1
80 120 1
80 121 3
80 122 3
80 123 3
80 124 1
80 125 2
80 126 1
80 127 2
80 128 3
80 129 3
80 130 3
81 82 1
81 83 4
81 84 1
81 85 3
81 86 1
81 87 4
81 88 4
81 90 2
81 91 4
81 92 1
81 94 3
81 96 2
81 100 3
81 102 2
81 103 1
81 105 3
81 106 4
81 107 1
81 108 4
81 110 2
81 112 2
81 113 1
81 114 4
81 115 2
81 116 4
81 118 3
81 119 2
81 120 1
81 121 1
81 122 2
81 123 1
81 124 3
81 125 1
81 126 3
81 127 2
81 128 3
81 129 3
81 130 1
82 83 4
82 84 3
82 85 2
82 87 4
82 89 2
82 90 2
82 91 3
82 95 1
82 96 4
82 97 1
82 99 2
82 102 1
82 103 4
82 104 4
82 105 3
82 106 2
82 107 4
82 108 1
82 110 1
82 113 1
82 115 4
82 117 1
82 118 2
82 119 4
82 121 4
82 122 2
82 123 1
82 125 4
82 126 1
82 127 2
82 129 3
83 84 3
83 85 3
83 87 2
83 88 4
83 89 1
83 91 2
83 92 2
83 93 4
83 95 2
83 96 1
83 98 2
83 99 2
83 100 3
83 101 1
83 102 2
83 103 2
83 104 1
83 105 3
83 107 4
83 108 1
83 110 2
83 111 3
83 112 2
83 113 1
83 115 1
83 116 1
83 117 1
83 118 2
83 119 1
83 120 3
83 121 2
83 122 3
83 123 2
83 124 3
83 126 4
83 127 4
83 128 4
83 130 2
84 85 2
84 87 4
84 88 2
84 89 4
84 90 2
84 92 1
84 93 2
84 94 1
84 95 1
84 96 2
84 97 4
84 98 1
84 99 2
84 100 3
84 101 1
84 102 1
84 103 1
84 105 4
84 106 4
84 107 1
84 108 3
84 109 2
84 110 1
84 111 3
84 112 4
84 114 1
84 115 3
84 116 2
84 117 2
84 118 4
84 119 3
84 120 1
84 121 4
84 122 1
84 123 3
84 124 1
84 125 4
84 126 1
84 127 2
84 128 2
84 129 3
85 86 1
85 88 1
85 89 3
85 90 3
85 91 3
85 92 2
85 93 3
85 95 4
85 96 4
85 99 1
85 100 2
85 101 3
85 105 2
85 106 3
85 107 3
85 110 2
85 111 2
85 112 1
85 113 2
85 114 2
85 116 4
85 117 3
85 118 4
85 120 3
85 121 1
85 122 3
85 123 2
85 124 3
85 126 4
85 127 1
85 128 3
85 129 3
85 130 1
86 87 2
86 88 4
86 89 1
86 90 4
86 93 3
86 95 3
86 97 3
86 98 4
86 99 4
86 100 1
86 101 3
86 102 4
86 103 4
86 104 2
86 105 2
86 106 1
86 109 4
86 110 2
86 113 4
86 114 4
86 116 4
86 117 1
86 119 1
86 120 4
86 122 1
86 123 4
86 124 3
86 125 1
86 126 1
86 127 4
86 128 3
86 129 1
86 130 1
87 89 1
87 90 2
87 92 3
87 93 2
87 94 1
87 96 2
87 97 3
87 98 1
87 99 4
87 100 4
87 101 3
87 102 1
87 103 3
87 104 3
87 105 4
87 106 1
87 107 2
87 108 1
87 109 3
87 110 2
87 111 1
87 112 4
87 113 3
87 114 2
87 115 2
87 116 4
87 117 3
87 119 4
87 120 1
87 121 2
87 122 2
87 124 3
87 126 1
87 127 3
88 89 1
88 91 3
88 92 2
88 93 1
88 94 1
88 95 3
88 96 4
88 97 3
88 98 4
88 99 2
88 100 4
88 101 1
88 102 2
88 103 1
88 104 1
88 105 2
88 106 4
88 107 3
88 108 3
88 109 2
88 110 3
88 111 1
88 112 1
88 113 2
88 114 1
88 116 3
88 117 3
88 118 3
88 120 2
88 122 2
88 123 3
88 125 4
88 126 1
88 127 3
88 128 2
88 129 3
88 130 4
89 90 1
89 91 2
89 93 3
89 95 4
89 97 2
89 98 1
89 99 2
89 100 1
89 101 1
89 103 3
89 104 1
89 105 2
89 106 4
89 108 1
89 109 1
89 110 2
89 111 4
89 112 1
89 113 3
89 114 1
89 115 3
89 116 1
89 118 2
89 119 1
89 120 4
89 121 2
89 122 2
89 127 4
89 128 2
89 129 3
89 130 2
90 91 3
90 92 4
90 93 4
90 94 4
90 95 4
90 96 4
90 97 2
90 98 1
90 99 1
90 100 3
90 101 3
90 102 3
90 103 4
90 105 4
90 108 1
90 109 3
90 110 1
90 111 2
90 114 2
90 116 1
90 117 2
90 118 3
90 119 1
90 120 2
90 121 1
90 122 4
90 123 2
90 124 1
90 125 2
90 126 4
90 127 2
90 128 4
90 129 3
90 130 2
91 92 1
91 93 4
91 94 3
91 95 2
91 96 4
91 97 4
91 98 1
91 99 1
91 101 4
91 102 3
91 103 4
91 105 4
91 106 1
91 107 2
91 109 1
91 110 4
91 111 2
91 112 3
91 114 4
91 115 2
91 116 3
91 117 2
91 120 1
91 121 1
91 122 2
91 127 4
91 128 2
91 129 1
91 130 3
92 94 2
92 95 2
92 96 1
92 97 1
92 98 1
92 100 2
92 101 1
92 102 4
92 103 1
92 104 3
92 105 4
92 106 4
92 108 1
92 109 4
92 110 2
92 112 3
92 115 2
92 116 4
92 117 1
92 118 4
92 119 2
92 120 3
92 121 2
92 122 4
92 123 3
92 124 1
92 125 3
92 126 4
92 127 3
92 128 4
92 129 4
93 95 2
93 96 3
93 97 2
93 98 2
93 99 4
93 101 4
93 102 1
93 103 3
93 104 1
93 105 3
93 106 1
93 107 2
93 108 2
93 109 4
93 110 3
93 112 1
93 115 1
93 117 2
93 118 1
93 119 4
93 120 1
93 122 2
93 124 4
93 125 2
93 126 4
93 127 1
93 128 1
94 95 1
94 96 3
94 98 3
94 99 1
94 101 2
94 102 1
94 104 2
94 105 3
94 106 4
94 107 3
94 108 2
94 109 2
94 110 3
94 113 2
94 116 4
94 117 2
94 119 4
94 120 4
94 123 1
94 124 1
94 126 4
94 127 1
94 128 1
94 130 1
95 96 2
95 97 1
95 98 1
95 100 2
95 101 1
95 102 4
95 103 3
95 104 4
95 105 1
95 107 3
95 109 3
95 110 3
95 111 2
95 112 3
95 113 1
95 115 3
95 116 3
95 117 3
95 118 2
95 119 4
95 120 4
95 121 3
95 122 3
95 123 4
95 125 1
95 126 3
95 127 2
95 129 1
95 130 2
96 97 2
96 98 3
96 99 3
96 100 2
96 102 4
96 103 2
96 104 2
96 105 4
96 107 2
96 109 2
96 110 1
96 112 2
96 113 1
96 114 1
96 115 2
96 116 4
96 117 4
96 118 3
96 119 1
96 120 2
96 121 2
96 122 2
96 123 2
96 124 4
96 125 4
96 127 1
96 128 4
96 129 2
97 99 1
97 101 2
97 102 3
97 103 2
97 104 4
97 105 2
97 106 3
97 107 4
97 108 2
97 109 4
97 110 4
97 111 3
97 112 4
97 113 3
97 114 4
97 115 2
97 116 1
97 117 1
97 118 4
97 119 3
97 120 2
97 121 4
97 122 3
97 123 1
97 124 3
97 125 4
97 128 4
97 129 2
97 130 1
98 100 3
98 101 2
98 102 2
98 103 4
98 105 2
98 106 2
98 107 2
98 108 3
98 110 1
98 111 4
98 112 4
98 114 3
98 115 3
98 117 4
98 118 3
98 119 3
98 120 4
98 121 3
98 122 1
98 124 2
98 125 2
98 126 2
98 127 1
98 128 2
98 129 4
99 100 2
99 101 2
99 102 3
99 103 1
99 107 1
99 108 1
99 110 4
99 111 3
99 112 1
99 113 3
99 114 4
99 115 3
99 116 3
99 118 3
99 119 4
99 120 4
99 121 2
99 122 1
99 123 2
99 124 4
99 125 4
99 126 1
99 127 3
99 128 3
99 130 1
100 102 1
100 103 4
100 104 1
100 106 4
100 107 1
100 108 1
100 111 4
100 112 4
100 113 1
100 115 1
100 116 3
100 117 2
100 118 3
100 120 4
100 121 3
100 122 4
100 123 3
100 125 4
100 126 4
100 127 4
100 128 3
100 129 4
100 130 2
101 102 2
101 103 3
101 104 4
101 105 3
101 106 4
101 107 2
101 109 3
101 110 2
101 111 4
101 112 4
101 113 4
101 114 4
101 115 4
101 116 2
101 117 2
101 118 3
101 119 2
101 120 2
101 122 3
101 124 4
101 125 2
101 128 2
101 129 3
101 130 3
102 103 4
102 105 2
102 106 3
102 107 3
102 108 1
102 109 4
102 110 4
102 113 2
102 114 3
102 115 4
102 117 3
102 118 4
102 119 2
102 120 2
102 122 4
102 123 4
102 124 3
102 125 2
102 126 4
102 127 4
102 129 1
103 105 1
103 106 2
103 107 1
103 108 3
103 109 1
103 110 2
103 111 3
103 112 2
103 113 3
103 114 1
103 115 4
103 118 3
103 120 2
103 121 2
103 122 2
103 123 2
103 124 4
103 125 2
103 127 4
103 129 3
103 130 4
104 107 4
104 108 4
104 109 1
104 112 1
104 113 4
104 114 2
104 115 1
104 116 2
104 117 3
104 118 1
104 119 1
104 121 1
104 123 4
104 124 4
104 125 3
104 127 3
104 128 1
104 130 1
105 106 3
105 107 3
105 108 1
105 109 2
105 110 2
105 111 3
105 112 1
105 113 2
105 114 3
105 115 2
105 116 1
105 117 1
105 118 4
105 119 4
105 120 4
105 122 2
105 124 3
105 125 4
105 129 2
105 130 3
106 108 4
106 109 2
106 110 1
106 111 1
106 112 2
106 114 4
106 116 1
106 117 3
106 118 2
106 120 1
106 121 3
106 122 4
106 123 2
106 124 1
106 125 4
106 126 3
106 127 1
106 128 4
106 129 1
106 130 2
107 108 4
107 109 4
107 110 2
107 111 4
107 114 4
107 116 2
107 117 4
107 118 3
107 119 3
107 120 4
107 121 3
107 122 3
107 124 1
107 125 3
107 127 3
107 128 2
107 129 2
107 130 3
108 110 4
108 111 2
108 114 4
108 115 2
108 116 3
108 117 1
108 119 1
108 121 2
108 122 4
108 123 4
108 124 2
108 125 2
108 126 1
108 127 4
108 128 3
109 111 1
109 112 1
109 113 3
109 114 1
109 116 4
109 117 1
109 118 3
109 120 1
109 121 2
109 122 1
109 124 1
109 125 1
109 126 3
109 127 2
109 128 1
109 130 4
110 111 2
110 112 4
110 113 2
110 114 4
110 116 1
110 117 1
110 118 2
110 119 4
110 120 3
110 121 2
110 122 1
110 124 2
110 125 3
110 126 1
110 127 3
110 128 2
110 130 3
111 112 2
111 114 4
111 116 1
111 117 1
111 118 2
111 119 4
111 121 1
111 124 3
111 125 3
111 126 1
111 128 1
111 129 2
111 130 4
112 113 4
112 114 3
112 115 1
112 116 1
112 117 1
112 118 1
112 119 2
112 120 2
112 121 3
112 122 2
112 123 3
112 124 2
112 125 4
112 126 2
112 128 2
112 129 2
113 114 4
113 115 3
113 117 2
113 118 2
113 119 1
113 120 1
113 121 1
113 122 2
113 123 1
113 124 3
113 125 2
113 126 4
113 127 4
113 129 1
113 130 2
114 116 4
114 117 4
114 118 4
114 120 1
114 121 2
114 123 1
114 124 3
114 126 2
114 127 3
114 128 3
114 130 2
115 116 3
115 117 1
115 118 1
115 119 1
115 121 4
115 122 1
115 123 3
115 124 3
115 125 2
115 126 3
115 127 2
115 128 2
115 129 1
115 130 1
116 117 1
116 118 2
116 119 1
116 120 1
116 121 3
116 122 4
116 123 3
116 124 3
116 125 4
116 126 3
116 127 4
116 128 3
117 118 3
117 119 2
117 120 4
117 121 2
117 123 4
117 124 2
117 125 4
117 127 3
117 129 1
117 130 3
118 119 3
118 121 3
118 123 4
118 124 4
118 125 2
118 126 4
118 128 2
118 129 4
118 130 4
119 120 2
119 121 3
119 122 3
119 123 4
119 124 2
119 125 3
119 126 1
119 129 1
119 130 2
120 121 4
120 122 1
120 123 2
120 124 2
120 125 3
120 126 2
120 127 3
120 128 3
120 129 4
120 130 4
121 122 3
121 124 1
121 129 4
121 130 1
122 123 3
122 124 4
122 126 2
122 127 3
122 128 2
122 130 2
123 124 1
123 125 3
123 126 2
123 127 1
123 129 4
124 125 4
124 126 1
124 127 1
124 128 3
124 129 3
124 130 4
125 126 4
125 127 3
125 128 3
125 129 3
125 130 2
126 127 1
126 128 4
126 130 2
127 128 3
127 129 1
128 130 2
