50 1225 10 37
1 2 3155
1 3 3200
1 4 3067
1 5 3204
1 6 3176
1 7 3023
1 8 3069
1 9 3082
1 10 3163
1 11 3219
1 12 3069
1 13 3285
1 14 3117
1 15 3192
1 16 3250
1 17 3040
1 18 3276
1 19 3052
1 20 3105
1 21 3021
1 22 3212
1 23 3097
1 24 3008
1 25 3233
1 26 3229
1 27 3258
1 28 3099
1 29 3179
1 30 3112
1 31 3009
1 32 3042
1 33 3213
1 34 3274
1 35 3034
1 36 3233
1 37 3159
1 38 3181
1 39 3127
1 40 3219
1 41 3125
1 42 3146
1 43 3090
1 44 3192
1 45 3013
1 46 3283
1 47 3255
1 48 3043
1 49 3091
1 50 3022
2 3 3067
2 4 3241
2 5 3227
2 6 3125
2 7 3010
2 8 3144
2 9 3055
2 10 3192
2 11 3010
2 12 3172
2 13 3231
2 14 3135
2 15 3277
2 16 3213
2 17 3223
2 18 3141
2 19 3283
2 20 3083
2 21 3236
2 22 3141
2 23 3182
2 24 3057
2 25 3183
2 26 3129
2 27 3016
2 28 3059
2 29 3064
2 30 3286
2 31 3168
2 32 3109
2 33 3176
2 34 3266
2 35 3017
2 36 3213
2 37 3112
2 38 3038
2 39 3186
2 40 3268
2 41 3220
2 42 3232
2 43 3185
2 44 3137
2 45 3204
2 46 3005
2 47 3192
2 48 3121
2 49 3243
2 50 3180
3 4 3250
3 5 3282
3 6 3139
3 7 3110
3 8 3039
3 9 3148
3 10 3138
3 11 3160
3 12 3096
3 13 3095
3 14 3133
3 15 3209
3 16 3116
3 17 3170
3 18 3007
3 19 3253
3 20 3198
3 21 3273
3 22 3098
3 23 3230
3 24 3132
3 25 3001
3 26 3034
3 27 3023
3 28 3073
3 29 3279
3 30 3257
3 31 3296
3 32 3288
3 33 3112
3 34 3009
3 35 3032
3 36 3256
3 37 3040
3 38 3221
3 39 3091
3 40 3198
3 41 3230
3 42 3060
3 43 3144
3 44 3246
3 45 3074
3 46 3004
3 47 3116
3 48 3194
3 49 3068
3 50 3013
4 5 3180
4 6 3120
4 7 3230
4 8 3167
4 9 3132
4 10 3208
4 11 3209
4 12 3260
4 13 3095
4 14 3216
4 15 3097
4 16 3195
4 17 3167
4 18 3223
4 19 3256
4 20 3042
4 21 3215
4 22 3135
4 23 3023
4 24 3117
4 25 3272
4 26 3211
4 27 3037
4 28 3132
4 29 3264
4 30 3130
4 31 3026
4 32 3041
4 33 3227
4 34 3014
4 35 3126
4 36 3108
4 37 3264
4 38 3013
4 39 3035
4 40 3210
4 41 3185
4 42 3059
4 43 3282
4 44 3203
4 45 3055
4 46 3138
4 47 3175
4 48 3176
4 49 3259
4 50 3136
5 6 3164
5 7 3281
5 8 3071
5 9 3209
5 10 3110
5 11 3111
5 12 3058
5 13 3047
5 14 3045
5 15 3287
5 16 3056
5 17 3032
5 18 3123
5 19 3125
5 20 3007
5 21 3108
5 22 3252
5 23 3054
5 24 3100
5 25 3288
5 26 3260
5 27 3207
5 28 3023
5 29 3276
5 30 3188
5 31 3188
5 32 3199
5 33 3213
5 34 3081
5 35 3238
5 36 3263
5 37 3216
5 38 3137
5 39 3046
5 40 3024
5 41 3149
5 42 3298
5 43 3207
5 44 3100
5 45 3089
5 46 3012
5 47 3108
5 48 3004
5 49 3285
5 50 3159
6 7 3155
6 8 3071
6 9 3156
6 10 3034
6 11 3231
6 12 3137
6 13 3205
6 14 3230
6 15 3283
6 16 3089
6 17 3135
6 18 3145
6 19 3260
6 20 3203
6 21 3131
6 22 3100
6 23 3172
6 24 3055
6 25 3233
6 26 3289
6 27 3041
6 28 3244
6 29 3140
6 30 3165
6 31 3158
6 32 3170
6 33 3005
6 34 3252
6 35 3195
6 36 3245
6 37 3272
6 38 3076
6 39 3011
6 40 3087
6 41 3091
6 42 3281
6 43 3233
6 44 3037
6 45 3245
6 46 3012
6 47 3049
6 48 3111
6 49 3064
6 50 3259
7 8 3142
7 9 3160
7 10 3267
7 11 3263
7 12 3151
7 13 3023
7 14 3145
7 15 3186
7 16 3255
7 17 3189
7 18 3152
7 19 3009
7 20 3131
7 21 3156
7 22 3248
7 23 3059
7 24 3132
7 25 3061
7 26 3189
7 27 3133
7 28 3126
7 29 3003
7 30 3056
7 31 3116
7 32 3142
7 33 3018
7 34 3035
7 35 3130
7 36 3201
7 37 3069
7 38 3104
7 39 3013
7 40 3043
7 41 3113
7 42 3214
7 43 3158
7 44 3196
7 45 3179
7 46 3255
7 47 3011
7 48 3191
7 49 3030
7 50 3071
8 9 3077
8 10 3246
8 11 3294
8 12 3184
8 13 3212
8 14 3219
8 15 3258
8 16 3089
8 17 3106
8 18 3147
8 19 3088
8 20 3283
8 21 3279
8 22 3153
8 23 3275
8 24 3219
8 25 3256
8 26 3079
8 27 3292
8 28 3081
8 29 3111
8 30 3121
8 31 3290
8 32 3074
8 33 3049
8 34 3116
8 35 3012
8 36 3220
8 37 3161
8 38 3137
8 39 3123
8 40 3237
8 41 3066
8 42 3072
8 43 3105
8 44 3131
8 45 3236
8 46 3273
8 47 3052
8 48 3234
8 49 3187
8 50 3206
9 10 3288
9 11 3221
9 12 3127
9 13 3210
9 14 3057
9 15 3193
9 16 3043
9 17 3148
9 18 3159
9 19 3241
9 20 3174
9 21 3286
9 22 3067
9 23 3109
9 24 3289
9 25 3134
9 26 3065
9 27 3178
9 28 3150
9 29 3265
9 30 3041
9 31 3232
9 32 3086
9 33 3259
9 34 3192
9 35 3192
9 36 3145
9 37 3129
9 38 3177
9 39 3010
9 40 3085
9 41 3251
9 42 3273
9 43 3197
9 44 3235
9 45 3114
9 46 3226
9 47 3069
9 48 3197
9 49 3182
9 50 3230
10 11 3208
10 12 3169
10 13 3261
10 14 3137
10 15 3026
10 16 3076
10 17 3223
10 18 3194
10 19 3019
10 20 3280
10 21 3128
10 22 3274
10 23 3030
10 24 3271
10 25 3213
10 26 3143
10 27 3084
10 28 3298
10 29 3067
10 30 3287
10 31 3049
10 32 3127
10 33 3046
10 34 3291
10 35 3027
10 36 3191
10 37 3272
10 38 3264
10 39 3076
10 40 3072
10 41 3143
10 42 3253
10 43 3224
10 44 3084
10 45 3022
10 46 3079
10 47 3114
10 48 3064
10 49 3237
10 50 3208
11 12 3046
11 13 3298
11 14 3265
11 15 3260
11 16 3181
11 17 3064
11 18 3217
11 19 3263
11 20 3073
11 21 3107
11 22 3291
11 23 3149
11 24 3197
11 25 3253
11 26 3140
11 27 3240
11 28 3175
11 29 3203
11 30 3184
11 31 3270
11 32 3257
11 33 3076
11 34 3175
11 35 3257
11 36 3283
11 37 3119
11 38 3262
11 39 3149
11 40 3215
11 41 3053
11 42 3286
11 43 3165
11 44 3284
11 45 3136
11 46 3296
11 47 3123
11 48 3292
11 49 3266
11 50 3276
12 13 3071
12 14 3013
12 15 3300
12 16 3182
12 17 3015
12 18 3024
12 19 3192
12 20 3064
12 21 3274
12 22 3185
12 23 3295
12 24 3094
12 25 3025
12 26 3009
12 27 3227
12 28 3004
12 29 3153
12 30 3096
12 31 3031
12 32 3056
12 33 3228
12 34 3087
12 35 3093
12 36 3157
12 37 3107
12 38 3135
12 39 3143
12 40 3093
12 41 3033
12 42 3012
12 43 3251
12 44 3072
12 45 3103
12 46 3172
12 47 3222
12 48 3175
12 49 3254
12 50 3209
13 14 3182
13 15 3134
13 16 3088
13 17 3058
13 18 3008
13 19 3198
13 20 3023
13 21 3042
13 22 3131
13 23 3076
13 24 3037
13 25 3120
13 26 3018
13 27 3028
13 28 3174
13 29 3269
13 30 3150
13 31 3191
13 32 3257
13 33 3157
13 34 3018
13 35 3109
13 36 3116
13 37 3215
13 38 3153
13 39 3143
13 40 3015
13 41 3264
13 42 3232
13 43 3086
13 44 3285
13 45 3020
13 46 3253
13 47 3047
13 48 3203
13 49 3073
13 50 3197
14 15 3045
14 16 3182
14 17 3286
14 18 3243
14 19 3118
14 20 3053
14 21 3133
14 22 3070
14 23 3086
14 24 3197
14 25 3053
14 26 3111
14 27 3078
14 28 3192
14 29 3121
14 30 3041
14 31 3283
14 32 3243
14 33 3252
14 34 3151
14 35 3240
14 36 3044
14 37 3095
14 38 3110
14 39 3284
14 40 3108
14 41 3137
14 42 3044
14 43 3117
14 44 3013
14 45 3026
14 46 3170
14 47 3294
14 48 3165
14 49 3184
14 50 3167
15 16 3138
15 17 3298
15 18 3293
15 19 3223
15 20 3091
15 21 3224
15 22 3048
15 23 3241
15 24 3024
15 25 3135
15 26 3284
15 27 3144
15 28 3235
15 29 3102
15 30 3259
15 31 3242
15 32 3300
15 33 3076
15 34 3280
15 35 3148
15 36 3215
15 37 3275
15 38 3197
15 39 3184
15 40 3178
15 41 3040
15 42 3266
15 43 3252
15 44 3125
15 45 3053
15 46 3264
15 47 3060
15 48 3001
15 49 3219
15 50 3011
16 17 3027
16 18 3250
16 19 3232
16 20 3009
16 21 3058
16 22 3252
16 23 3194
16 24 3116
16 25 3280
16 26 3137
16 27 3001
16 28 3092
16 29 3004
16 30 3074
16 31 3049
16 32 3187
16 33 3127
16 34 3249
16 35 3255
16 36 3211
16 37 3079
16 38 3110
16 39 3279
16 40 3287
16 41 3281
16 42 3103
16 43 3244
16 44 3175
16 45 3192
16 46 3246
16 47 3008
16 48 3247
16 49 3120
16 50 3055
17 18 3216
17 19 3244
17 20 3196
17 21 3203
17 22 3061
17 23 3107
17 24 3176
17 25 3210
17 26 3161
17 27 3052
17 28 3103
17 29 3165
17 30 3083
17 31 3036
17 32 3174
17 33 3202
17 34 3066
17 35 3115
17 36 3223
17 37 3275
17 38 3050
17 39 3139
17 40 3215
17 41 3239
17 42 3084
17 43 3007
17 44 3217
17 45 3137
17 46 3013
17 47 3142
17 48 3121
17 49 3014
17 50 3015
18 19 3277
18 20 3174
18 21 3031
18 22 3076
18 23 3028
18 24 3016
18 25 3257
18 26 3289
18 27 3294
18 28 3282
18 29 3192
18 30 3016
18 31 3260
18 32 3097
18 33 3140
18 34 3078
18 35 3290
18 36 3092
18 37 3159
18 38 3018
18 39 3286
18 40 3194
18 41 3061
18 42 3272
18 43 3174
18 44 3243
18 45 3050
18 46 3195
18 47 3123
18 48 3134
18 49 3220
18 50 3160
19 20 3117
19 21 3256
19 22 3078
19 23 3300
19 24 3136
19 25 3264
19 26 3034
19 27 3141
19 28 3286
19 29 3142
19 30 3224
19 31 3134
19 32 3110
19 33 3229
19 34 3249
19 35 3175
19 36 3234
19 37 3244
19 38 3125
19 39 3198
19 40 3106
19 41 3008
19 42 3085
19 43 3289
19 44 3072
19 45 3288
19 46 3014
19 47 3001
19 48 3134
19 49 3244
19 50 3047
20 21 3092
20 22 3187
20 23 3263
20 24 3199
20 25 3104
20 26 3133
20 27 3205
20 28 3177
20 29 3122
20 30 3116
20 31 3025
20 32 3179
20 33 3276
20 34 3154
20 35 3076
20 36 3160
20 37 3259
20 38 3097
20 39 3089
20 40 3053
20 41 3258
20 42 3297
20 43 3099
20 44 3003
20 45 3165
20 46 3111
20 47 3094
20 48 3103
20 49 3291
20 50 3167
21 22 3254
21 23 3122
21 24 3273
21 25 3195
21 26 3294
21 27 3135
21 28 3216
21 29 3113
21 30 3002
21 31 3143
21 32 3123
21 33 3289
21 34 3065
21 35 3060
21 36 3126
21 37 3177
21 38 3068
21 39 3125
21 40 3080
21 41 3047
21 42 3118
21 43 3144
21 44 3214
21 45 3006
21 46 3122
21 47 3032
21 48 3282
21 49 3221
21 50 3212
22 23 3047
22 24 3145
22 25 3031
22 26 3016
22 27 3118
22 28 3078
22 29 3265
22 30 3033
22 31 3108
22 32 3241
22 33 3243
22 34 3003
22 35 3267
22 36 3248
22 37 3088
22 38 3005
22 39 3287
22 40 3125
22 41 3213
22 42 3284
22 43 3076
22 44 3209
22 45 3230
22 46 3175
22 47 3044
22 48 3199
22 49 3297
22 50 3285
23 24 3299
23 25 3003
23 26 3077
23 27 3082
23 28 3290
23 29 3192
23 30 3152
23 31 3166
23 32 3128
23 33 3035
23 34 3270
23 35 3180
23 36 3092
23 37 3005
23 38 3016
23 39 3208
23 40 3005
23 41 3253
23 42 3085
23 43 3278
23 44 3292
23 45 3023
23 46 3048
23 47 3185
23 48 3130
23 49 3230
23 50 3148
24 25 3084
24 26 3051
24 27 3296
24 28 3019
24 29 3244
24 30 3217
24 31 3145
24 32 3111
24 33 3093
24 34 3190
24 35 3111
24 36 3108
24 37 3092
24 38 3061
24 39 3120
24 40 3169
24 41 3188
24 42 3010
24 43 3150
24 44 3034
24 45 3066
24 46 3293
24 47 3010
24 48 3300
24 49 3094
24 50 3032
25 26 3194
25 27 3249
25 28 3245
25 29 3122
25 30 3144
25 31 3248
25 32 3222
25 33 3181
25 34 3037
25 35 3098
25 36 3208
25 37 3048
25 38 3234
25 39 3300
25 40 3147
25 41 3193
25 42 3230
25 43 3259
25 44 3063
25 45 3008
25 46 3126
25 47 3270
25 48 3087
25 49 3135
25 50 3067
26 27 3187
26 28 3108
26 29 3288
26 30 3012
26 31 3202
26 32 3051
26 33 3274
26 34 3158
26 35 3001
26 36 3130
26 37 3168
26 38 3038
26 39 3262
26 40 3248
26 41 3264
26 42 3106
26 43 3284
26 44 3064
26 45 3106
26 46 3256
26 47 3039
26 48 3102
26 49 3094
26 50 3229
27 28 3111
27 29 3230
27 30 3178
27 31 3232
27 32 3261
27 33 3300
27 34 3089
27 35 3165
27 36 3014
27 37 3082
27 38 3025
27 39 3294
27 40 3246
27 41 3164
27 42 3102
27 43 3149
27 44 3170
27 45 3015
27 46 3269
27 47 3212
27 48 3174
27 49 3238
27 50 3250
28 29 3104
28 30 3209
28 31 3156
28 32 3054
28 33 3038
28 34 3272
28 35 3230
28 36 3201
28 37 3069
28 38 3094
28 39 3166
28 40 3129
28 41 3162
28 42 3219
28 43 3024
28 44 3214
28 45 3299
28 46 3072
28 47 3288
28 48 3160
28 49 3080
28 50 3268
29 30 3294
29 31 3052
29 32 3125
29 33 3010
29 34 3029
29 35 3239
29 36 3018
29 37 3017
29 38 3017
29 39 3270
29 40 3278
29 41 3083
29 42 3073
29 43 3136
29 44 3165
29 45 3095
29 46 3249
29 47 3243
29 48 3097
29 49 3083
29 50 3253
30 31 3003
30 32 3260
30 33 3266
30 34 3076
30 35 3297
30 36 3113
30 37 3063
30 38 3107
30 39 3130
30 40 3211
30 41 3220
30 42 3155
30 43 3013
30 44 3253
30 45 3021
30 46 3182
30 47 3148
30 48 3125
30 49 3006
30 50 3027
31 32 3136
31 33 3228
31 34 3072
31 35 3254
31 36 3249
31 37 3163
31 38 3153
31 39 3201
31 40 3063
31 41 3273
31 42 3002
31 43 3229
31 44 3259
31 45 3155
31 46 3112
31 47 3025
31 48 3214
31 49 3063
31 50 3177
32 33 3205
32 34 3289
32 35 3142
32 36 3007
32 37 3209
32 38 3084
32 39 3189
32 40 3053
32 41 3236
32 42 3112
32 43 3184
32 44 3105
32 45 3094
32 46 3116
32 47 3106
32 48 3155
32 49 3123
32 50 3239
33 34 3250
33 35 3140
33 36 3105
33 37 3289
33 38 3278
33 39 3164
33 40 3081
33 41 3205
33 42 3122
33 43 3113
33 44 3222
33 45 3286
33 46 3025
33 47 3021
33 48 3265
33 49 3143
33 50 3277
34 35 3248
34 36 3171
34 37 3017
34 38 3170
34 39 3008
34 40 3203
34 41 3197
34 42 3031
34 43 3067
34 44 3129
34 45 3091
34 46 3277
34 47 3264
34 48 3188
34 49 3236
34 50 3089
35 36 3102
35 37 3233
35 38 3097
35 39 3206
35 40 3260
35 41 3077
35 42 3234
35 43 3021
35 44 3275
35 45 3100
35 46 3088
35 47 3292
35 48 3016
35 49 3216
35 50 3211
36 37 3140
36 38 3247
36 39 3038
36 40 3117
36 41 3015
36 42 3173
36 43 3209
36 44 3221
36 45 3218
36 46 3155
36 47 3121
36 48 3124
36 49 3155
36 50 3012
37 38 3105
37 39 3020
37 40 3129
37 41 3035
37 42 3074
37 43 3184
37 44 3203
37 45 3234
37 46 3138
37 47 3253
37 48 3129
37 49 3192
37 50 3077
38 39 3008
38 40 3235
38 41 3232
38 42 3176
38 43 3066
38 44 3203
38 45 3257
38 46 3288
38 47 3066
38 48 3096
38 49 3012
38 50 3200
39 40 3183
39 41 3145
39 42 3285
39 43 3049
39 44 3299
39 45 3010
39 46 3229
39 47 3015
39 48 3017
39 49 3264
39 50 3281
40 41 3198
40 42 3256
40 43 3132
40 44 3010
40 45 3231
40 46 3054
40 47 3072
40 48 3103
40 49 3119
40 50 3086
41 42 3214
41 43 3095
41 44 3075
41 45 3294
41 46 3291
41 47 3180
41 48 3251
41 49 3170
41 50 3233
42 43 3045
42 44 3235
42 45 3267
42 46 3065
42 47 3257
42 48 3268
42 49 3245
42 50 3158
43 44 3229
43 45 3241
43 46 3077
43 47 3112
43 48 3170
43 49 3095
43 50 3111
44 45 3138
44 46 3201
44 47 3112
44 48 3213
44 49 3128
44 50 3133
45 46 3045
45 47 3179
45 48 3038
45 49 3140
45 50 3263
46 47 3101
46 48 3207
46 49 3106
46 50 3174
47 48 3112
47 49 3130
47 50 3173
48 49 3094
48 50 3241
49 50 3113
