100 4950 1 100
2 1 10000
3 1 10000
4 1 10000
5 1 10000
6 1 10000
7 1 10000
8 1 10000
9 1 10000
10 1 10000
11 1 10000
12 1 10000
13 1 10000
14 1 10000
15 1 10000
16 1 10000
17 1 10000
18 1 10000
19 1 10000
20 1 10000
21 1 10000
22 1 10000
23 1 10000
24 1 10000
25 1 10000
26 1 10000
27 1 10000
28 1 10000
29 1 10000
30 1 10000
31 1 10000
32 1 10000
33 1 10000
34 1 10000
35 1 10000
36 1 10000
37 1 10000
38 1 10000
39 1 10000
40 1 10000
41 1 10000
42 1 10000
43 1 10000
44 1 10000
45 1 10000
46 1 10000
47 1 10000
48 1 10000
49 1 10000
50 1 10000
51 1 10000
52 1 10000
53 1 10000
54 1 10000
55 1 10000
56 1 10000
57 1 10000
58 1 10000
59 1 10000
60 1 10000
61 1 10000
62 1 10000
63 1 10000
64 1 10000
65 1 10000
66 1 10000
67 1 10000
68 1 10000
69 1 10000
70 1 10000
71 1 10000
72 1 10000
73 1 10000
74 1 10000
75 1 10000
76 1 10000
77 1 10000
78 1 10000
79 1 10000
80 1 10000
81 1 10000
82 1 10000
83 1 10000
84 1 10000
85 1 10000
86 1 10000
87 1 10000
88 1 10000
89 1 10000
90 1 10000
91 1 10000
92 1 10000
93 1 10000
94 1 10000
95 1 10000
96 1 10000
97 1 10000
98 1 10000
99 1 10000
100 1 10000
2 3 20
2 4 20
2 5 20
2 6 20
2 7 20
2 8 20
2 9 20
2 10 20
2 11 20
2 12 20
2 13 20
2 14 20
2 15 20
2 16 20
2 17 20
2 18 20
2 19 20
2 20 20
2 21 20
2 22 20
2 23 20
2 24 20
2 25 20
2 26 20
2 27 20
2 28 20
2 29 20
2 30 20
2 31 20
2 32 20
2 33 20
2 34 20
2 35 20
2 36 20
2 37 20
2 38 20
2 39 20
2 40 20
2 41 20
2 42 20
2 43 20
2 44 20
2 45 20
2 46 20
2 47 20
2 48 20
2 49 20
2 50 20
2 51 20
2 52 20
2 53 20
2 54 20
2 55 20
2 56 20
2 57 20
2 58 20
2 59 20
2 60 20
2 61 20
2 62 20
2 63 20
2 64 20
2 65 20
2 66 20
2 67 20
2 68 20
2 69 20
2 70 20
2 71 20
2 72 20
2 73 20
2 74 20
2 75 20
2 76 20
2 77 20
2 78 20
2 79 20
2 80 20
2 81 20
2 82 20
2 83 20
2 84 20
2 85 20
2 86 20
2 87 20
2 88 20
2 89 20
2 90 20
2 91 20
2 92 20
2 93 20
2 94 20
2 95 20
2 96 20
2 97 20
2 98 20
2 99 20
2 100 8060
3 4 20
3 5 20
3 6 20
3 7 20
3 8 20
3 9 20
3 10 20
3 11 20
3 12 20
3 13 20
3 14 20
3 15 20
3 16 20
3 17 20
3 18 20
3 19 20
3 20 20
3 21 20
3 22 20
3 23 20
3 24 20
3 25 20
3 26 20
3 27 20
3 28 20
3 29 20
3 30 20
3 31 20
3 32 20
3 33 20
3 34 20
3 35 20
3 36 20
3 37 20
3 38 20
3 39 20
3 40 20
3 41 20
3 42 20
3 43 20
3 44 20
3 45 20
3 46 20
3 47 20
3 48 20
3 49 20
3 50 20
3 51 20
3 52 20
3 53 20
3 54 20
3 55 20
3 56 20
3 57 20
3 58 20
3 59 20
3 60 20
3 61 20
3 62 20
3 63 20
3 64 20
3 65 20
3 66 20
3 67 20
3 68 20
3 69 20
3 70 20
3 71 20
3 72 20
3 73 20
3 74 20
3 75 20
3 76 20
3 77 20
3 78 20
3 79 20
3 80 20
3 81 20
3 82 20
3 83 20
3 84 20
3 85 20
3 86 20
3 87 20
3 88 20
3 89 20
3 90 20
3 91 20
3 92 20
3 93 20
3 94 20
3 95 20
3 96 20
3 97 20
3 98 20
3 99 20
3 100 8100
4 5 20
4 6 20
4 7 20
4 8 20
4 9 20
4 10 20
4 11 20
4 12 20
4 13 20
4 14 20
4 15 20
4 16 20
4 17 20
4 18 20
4 19 20
4 20 20
4 21 20
4 22 20
4 23 20
4 24 20
4 25 20
4 26 20
4 27 20
4 28 20
4 29 20
4 30 20
4 31 20
4 32 20
4 33 20
4 34 20
4 35 20
4 36 20
4 37 20
4 38 20
4 39 20
4 40 20
4 41 20
4 42 20
4 43 20
4 44 20
4 45 20
4 46 20
4 47 20
4 48 20
4 49 20
4 50 20
4 51 20
4 52 20
4 53 20
4 54 20
4 55 20
4 56 20
4 57 20
4 58 20
4 59 20
4 60 20
4 61 20
4 62 20
4 63 20
4 64 20
4 65 20
4 66 20
4 67 20
4 68 20
4 69 20
4 70 20
4 71 20
4 72 20
4 73 20
4 74 20
4 75 20
4 76 20
4 77 20
4 78 20
4 79 20
4 80 20
4 81 20
4 82 20
4 83 20
4 84 20
4 85 20
4 86 20
4 87 20
4 88 20
4 89 20
4 90 20
4 91 20
4 92 20
4 93 20
4 94 20
4 95 20
4 96 20
4 97 20
4 98 20
4 99 20
4 100 8140
5 6 20
5 7 20
5 8 20
5 9 20
5 10 20
5 11 20
5 12 20
5 13 20
5 14 20
5 15 20
5 16 20
5 17 20
5 18 20
5 19 20
5 20 20
5 21 20
5 22 20
5 23 20
5 24 20
5 25 20
5 26 20
5 27 20
5 28 20
5 29 20
5 30 20
5 31 20
5 32 20
5 33 20
5 34 20
5 35 20
5 36 20
5 37 20
5 38 20
5 39 20
5 40 20
5 41 20
5 42 20
5 43 20
5 44 20
5 45 20
5 46 20
5 47 20
5 48 20
5 49 20
5 50 20
5 51 20
5 52 20
5 53 20
5 54 20
5 55 20
5 56 20
5 57 20
5 58 20
5 59 20
5 60 20
5 61 20
5 62 20
5 63 20
5 64 20
5 65 20
5 66 20
5 67 20
5 68 20
5 69 20
5 70 20
5 71 20
5 72 20
5 73 20
5 74 20
5 75 20
5 76 20
5 77 20
5 78 20
5 79 20
5 80 20
5 81 20
5 82 20
5 83 20
5 84 20
5 85 20
5 86 20
5 87 20
5 88 20
5 89 20
5 90 20
5 91 20
5 92 20
5 93 20
5 94 20
5 95 20
5 96 20
5 97 20
5 98 20
5 99 20
5 100 8180
6 7 20
6 8 20
6 9 20
6 10 20
6 11 20
6 12 20
6 13 20
6 14 20
6 15 20
6 16 20
6 17 20
6 18 20
6 19 20
6 20 20
6 21 20
6 22 20
6 23 20
6 24 20
6 25 20
6 26 20
6 27 20
6 28 20
6 29 20
6 30 20
6 31 20
6 32 20
6 33 20
6 34 20
6 35 20
6 36 20
6 37 20
6 38 20
6 39 20
6 40 20
6 41 20
6 42 20
6 43 20
6 44 20
6 45 20
6 46 20
6 47 20
6 48 20
6 49 20
6 50 20
6 51 20
6 52 20
6 53 20
6 54 20
6 55 20
6 56 20
6 57 20
6 58 20
6 59 20
6 60 20
6 61 20
6 62 20
6 63 20
6 64 20
6 65 20
6 66 20
6 67 20
6 68 20
6 69 20
6 70 20
6 71 20
6 72 20
6 73 20
6 74 20
6 75 20
6 76 20
6 77 20
6 78 20
6 79 20
6 80 20
6 81 20
6 82 20
6 83 20
6 84 20
6 85 20
6 86 20
6 87 20
6 88 20
6 89 20
6 90 20
6 91 20
6 92 20
6 93 20
6 94 20
6 95 20
6 96 20
6 97 20
6 98 20
6 99 20
6 100 8220
7 8 20
7 9 20
7 10 20
7 11 20
7 12 20
7 13 20
7 14 20
7 15 20
7 16 20
7 17 20
7 18 20
7 19 20
7 20 20
7 21 20
7 22 20
7 23 20
7 24 20
7 25 20
7 26 20
7 27 20
7 28 20
7 29 20
7 30 20
7 31 20
7 32 20
7 33 20
7 34 20
7 35 20
7 36 20
7 37 20
7 38 20
7 39 20
7 40 20
7 41 20
7 42 20
7 43 20
7 44 20
7 45 20
7 46 20
7 47 20
7 48 20
7 49 20
7 50 20
7 51 20
7 52 20
7 53 20
7 54 20
7 55 20
7 56 20
7 57 20
7 58 20
7 59 20
7 60 20
7 61 20
7 62 20
7 63 20
7 64 20
7 65 20
7 66 20
7 67 20
7 68 20
7 69 20
7 70 20
7 71 20
7 72 20
7 73 20
7 74 20
7 75 20
7 76 20
7 77 20
7 78 20
7 79 20
7 80 20
7 81 20
7 82 20
7 83 20
7 84 20
7 85 20
7 86 20
7 87 20
7 88 20
7 89 20
7 90 20
7 91 20
7 92 20
7 93 20
7 94 20
7 95 20
7 96 20
7 97 20
7 98 20
7 99 20
7 100 8260
8 9 20
8 10 20
8 11 20
8 12 20
8 13 20
8 14 20
8 15 20
8 16 20
8 17 20
8 18 20
8 19 20
8 20 20
8 21 20
8 22 20
8 23 20
8 24 20
8 25 20
8 26 20
8 27 20
8 28 20
8 29 20
8 30 20
8 31 20
8 32 20
8 33 20
8 34 20
8 35 20
8 36 20
8 37 20
8 38 20
8 39 20
8 40 20
8 41 20
8 42 20
8 43 20
8 44 20
8 45 20
8 46 20
8 47 20
8 48 20
8 49 20
8 50 20
8 51 20
8 52 20
8 53 20
8 54 20
8 55 20
8 56 20
8 57 20
8 58 20
8 59 20
8 60 20
8 61 20
8 62 20
8 63 20
8 64 20
8 65 20
8 66 20
8 67 20
8 68 20
8 69 20
8 70 20
8 71 20
8 72 20
8 73 20
8 74 20
8 75 20
8 76 20
8 77 20
8 78 20
8 79 20
8 80 20
8 81 20
8 82 20
8 83 20
8 84 20
8 85 20
8 86 20
8 87 20
8 88 20
8 89 20
8 90 20
8 91 20
8 92 20
8 93 20
8 94 20
8 95 20
8 96 20
8 97 20
8 98 20
8 99 20
8 100 8300
9 10 20
9 11 20
9 12 20
9 13 20
9 14 20
9 15 20
9 16 20
9 17 20
9 18 20
9 19 20
9 20 20
9 21 20
9 22 20
9 23 20
9 24 20
9 25 20
9 26 20
9 27 20
9 28 20
9 29 20
9 30 20
9 31 20
9 32 20
9 33 20
9 34 20
9 35 20
9 36 20
9 37 20
9 38 20
9 39 20
9 40 20
9 41 20
9 42 20
9 43 20
9 44 20
9 45 20
9 46 20
9 47 20
9 48 20
9 49 20
9 50 20
9 51 20
9 52 20
9 53 20
9 54 20
9 55 20
9 56 20
9 57 20
9 58 20
9 59 20
9 60 20
9 61 20
9 62 20
9 63 20
9 64 20
9 65 20
9 66 20
9 67 20
9 68 20
9 69 20
9 70 20
9 71 20
9 72 20
9 73 20
9 74 20
9 75 20
9 76 20
9 77 20
9 78 20
9 79 20
9 80 20
9 81 20
9 82 20
9 83 20
9 84 20
9 85 20
9 86 20
9 87 20
9 88 20
9 89 20
9 90 20
9 91 20
9 92 20
9 93 20
9 94 20
9 95 20
9 96 20
9 97 20
9 98 20
9 99 20
9 100 8340
10 11 20
10 12 20
10 13 20
10 14 20
10 15 20
10 16 20
10 17 20
10 18 20
10 19 20
10 20 20
10 21 20
10 22 20
10 23 20
10 24 20
10 25 20
10 26 20
10 27 20
10 28 20
10 29 20
10 30 20
10 31 20
10 32 20
10 33 20
10 34 20
10 35 20
10 36 20
10 37 20
10 38 20
10 39 20
10 40 20
10 41 20
10 42 20
10 43 20
10 44 20
10 45 20
10 46 20
10 47 20
10 48 20
10 49 20
10 50 20
10 51 20
10 52 20
10 53 20
10 54 20
10 55 20
10 56 20
10 57 20
10 58 20
10 59 20
10 60 20
10 61 20
10 62 20
10 63 20
10 64 20
10 65 20
10 66 20
10 67 20
10 68 20
10 69 20
10 70 20
10 71 20
10 72 20
10 73 20
10 74 20
10 75 20
10 76 20
10 77 20
10 78 20
10 79 20
10 80 20
10 81 20
10 82 20
10 83 20
10 84 20
10 85 20
10 86 20
10 87 20
10 88 20
10 89 20
10 90 20
10 91 20
10 92 20
10 93 20
10 94 20
10 95 20
10 96 20
10 97 20
10 98 20
10 99 20
10 100 8380
11 12 20
11 13 20
11 14 20
11 15 20
11 16 20
11 17 20
11 18 20
11 19 20
11 20 20
11 21 20
11 22 20
11 23 20
11 24 20
11 25 20
11 26 20
11 27 20
11 28 20
11 29 20
11 30 20
11 31 20
11 32 20
11 33 20
11 34 20
11 35 20
11 36 20
11 37 20
11 38 20
11 39 20
11 40 20
11 41 20
11 42 20
11 43 20
11 44 20
11 45 20
11 46 20
11 47 20
11 48 20
11 49 20
11 50 20
11 51 20
11 52 20
11 53 20
11 54 20
11 55 20
11 56 20
11 57 20
11 58 20
11 59 20
11 60 20
11 61 20
11 62 20
11 63 20
11 64 20
11 65 20
11 66 20
11 67 20
11 68 20
11 69 20
11 70 20
11 71 20
11 72 20
11 73 20
11 74 20
11 75 20
11 76 20
11 77 20
11 78 20
11 79 20
11 80 20
11 81 20
11 82 20
11 83 20
11 84 20
11 85 20
11 86 20
11 87 20
11 88 20
11 89 20
11 90 20
11 91 20
11 92 20
11 93 20
11 94 20
11 95 20
11 96 20
11 97 20
11 98 20
11 99 20
11 100 8420
12 13 20
12 14 20
12 15 20
12 16 20
12 17 20
12 18 20
12 19 20
12 20 20
12 21 20
12 22 20
12 23 20
12 24 20
12 25 20
12 26 20
12 27 20
12 28 20
12 29 20
12 30 20
12 31 20
12 32 20
12 33 20
12 34 20
12 35 20
12 36 20
12 37 20
12 38 20
12 39 20
12 40 20
12 41 20
12 42 20
12 43 20
12 44 20
12 45 20
12 46 20
12 47 20
12 48 20
12 49 20
12 50 20
12 51 20
12 52 20
12 53 20
12 54 20
12 55 20
12 56 20
12 57 20
12 58 20
12 59 20
12 60 20
12 61 20
12 62 20
12 63 20
12 64 20
12 65 20
12 66 20
12 67 20
12 68 20
12 69 20
12 70 20
12 71 20
12 72 20
12 73 20
12 74 20
12 75 20
12 76 20
12 77 20
12 78 20
12 79 20
12 80 20
12 81 20
12 82 20
12 83 20
12 84 20
12 85 20
12 86 20
12 87 20
12 88 20
12 89 20
12 90 20
12 91 20
12 92 20
12 93 20
12 94 20
12 95 20
12 96 20
12 97 20
12 98 20
12 99 20
12 100 8460
13 14 20
13 15 20
13 16 20
13 17 20
13 18 20
13 19 20
13 20 20
13 21 20
13 22 20
13 23 20
13 24 20
13 25 20
13 26 20
13 27 20
13 28 20
13 29 20
13 30 20
13 31 20
13 32 20
13 33 20
13 34 20
13 35 20
13 36 20
13 37 20
13 38 20
13 39 20
13 40 20
13 41 20
13 42 20
13 43 20
13 44 20
13 45 20
13 46 20
13 47 20
13 48 20
13 49 20
13 50 20
13 51 20
13 52 20
13 53 20
13 54 20
13 55 20
13 56 20
13 57 20
13 58 20
13 59 20
13 60 20
13 61 20
13 62 20
13 63 20
13 64 20
13 65 20
13 66 20
13 67 20
13 68 20
13 69 20
13 70 20
13 71 20
13 72 20
13 73 20
13 74 20
13 75 20
13 76 20
13 77 20
13 78 20
13 79 20
13 80 20
13 81 20
13 82 20
13 83 20
13 84 20
13 85 20
13 86 20
13 87 20
13 88 20
13 89 20
13 90 20
13 91 20
13 92 20
13 93 20
13 94 20
13 95 20
13 96 20
13 97 20
13 98 20
13 99 20
13 100 8500
14 15 20
14 16 20
14 17 20
14 18 20
14 19 20
14 20 20
14 21 20
14 22 20
14 23 20
14 24 20
14 25 20
14 26 20
14 27 20
14 28 20
14 29 20
14 30 20
14 31 20
14 32 20
14 33 20
14 34 20
14 35 20
14 36 20
14 37 20
14 38 20
14 39 20
14 40 20
14 41 20
14 42 20
14 43 20
14 44 20
14 45 20
14 46 20
14 47 20
14 48 20
14 49 20
14 50 20
14 51 20
14 52 20
14 53 20
14 54 20
14 55 20
14 56 20
14 57 20
14 58 20
14 59 20
14 60 20
14 61 20
14 62 20
14 63 20
14 64 20
14 65 20
14 66 20
14 67 20
14 68 20
14 69 20
14 70 20
14 71 20
14 72 20
14 73 20
14 74 20
14 75 20
14 76 20
14 77 20
14 78 20
14 79 20
14 80 20
14 81 20
14 82 20
14 83 20
14 84 20
14 85 20
14 86 20
14 87 20
14 88 20
14 89 20
14 90 20
14 91 20
14 92 20
14 93 20
14 94 20
14 95 20
14 96 20
14 97 20
14 98 20
14 99 20
14 100 8540
15 16 20
15 17 20
15 18 20
15 19 20
15 20 20
15 21 20
15 22 20
15 23 20
15 24 20
15 25 20
15 26 20
15 27 20
15 28 20
15 29 20
15 30 20
15 31 20
15 32 20
15 33 20
15 34 20
15 35 20
15 36 20
15 37 20
15 38 20
15 39 20
15 40 20
15 41 20
15 42 20
15 43 20
15 44 20
15 45 20
15 46 20
15 47 20
15 48 20
15 49 20
15 50 20
15 51 20
15 52 20
15 53 20
15 54 20
15 55 20
15 56 20
15 57 20
15 58 20
15 59 20
15 60 20
15 61 20
15 62 20
15 63 20
15 64 20
15 65 20
15 66 20
15 67 20
15 68 20
15 69 20
15 70 20
15 71 20
15 72 20
15 73 20
15 74 20
15 75 20
15 76 20
15 77 20
15 78 20
15 79 20
15 80 20
15 81 20
15 82 20
15 83 20
15 84 20
15 85 20
15 86 20
15 87 20
15 88 20
15 89 20
15 90 20
15 91 20
15 92 20
15 93 20
15 94 20
15 95 20
15 96 20
15 97 20
15 98 20
15 99 20
15 100 8580
16 17 20
16 18 20
16 19 20
16 20 20
16 21 20
16 22 20
16 23 20
16 24 20
16 25 20
16 26 20
16 27 20
16 28 20
16 29 20
16 30 20
16 31 20
16 32 20
16 33 20
16 34 20
16 35 20
16 36 20
16 37 20
16 38 20
16 39 20
16 40 20
16 41 20
16 42 20
16 43 20
16 44 20
16 45 20
16 46 20
16 47 20
16 48 20
16 49 20
16 50 20
16 51 20
16 52 20
16 53 20
16 54 20
16 55 20
16 56 20
16 57 20
16 58 20
16 59 20
16 60 20
16 61 20
16 62 20
16 63 20
16 64 20
16 65 20
16 66 20
16 67 20
16 68 20
16 69 20
16 70 20
16 71 20
16 72 20
16 73 20
16 74 20
16 75 20
16 76 20
16 77 20
16 78 20
16 79 20
16 80 20
16 81 20
16 82 20
16 83 20
16 84 20
16 85 20
16 86 20
16 87 20
16 88 20
16 89 20
16 90 20
16 91 20
16 92 20
16 93 20
16 94 20
16 95 20
16 96 20
16 97 20
16 98 20
16 99 20
16 100 8620
17 18 20
17 19 20
17 20 20
17 21 20
17 22 20
17 23 20
17 24 20
17 25 20
17 26 20
17 27 20
17 28 20
17 29 20
17 30 20
17 31 20
17 32 20
17 33 20
17 34 20
17 35 20
17 36 20
17 37 20
17 38 20
17 39 20
17 40 20
17 41 20
17 42 20
17 43 20
17 44 20
17 45 20
17 46 20
17 47 20
17 48 20
17 49 20
17 50 20
17 51 20
17 52 20
17 53 20
17 54 20
17 55 20
17 56 20
17 57 20
17 58 20
17 59 20
17 60 20
17 61 20
17 62 20
17 63 20
17 64 20
17 65 20
17 66 20
17 67 20
17 68 20
17 69 20
17 70 20
17 71 20
17 72 20
17 73 20
17 74 20
17 75 20
17 76 20
17 77 20
17 78 20
17 79 20
17 80 20
17 81 20
17 82 20
17 83 20
17 84 20
17 85 20
17 86 20
17 87 20
17 88 20
17 89 20
17 90 20
17 91 20
17 92 20
17 93 20
17 94 20
17 95 20
17 96 20
17 97 20
17 98 20
17 99 20
17 100 8660
18 19 20
18 20 20
18 21 20
18 22 20
18 23 20
18 24 20
18 25 20
18 26 20
18 27 20
18 28 20
18 29 20
18 30 20
18 31 20
18 32 20
18 33 20
18 34 20
18 35 20
18 36 20
18 37 20
18 38 20
18 39 20
18 40 20
18 41 20
18 42 20
18 43 20
18 44 20
18 45 20
18 46 20
18 47 20
18 48 20
18 49 20
18 50 20
18 51 20
18 52 20
18 53 20
18 54 20
18 55 20
18 56 20
18 57 20
18 58 20
18 59 20
18 60 20
18 61 20
18 62 20
18 63 20
18 64 20
18 65 20
18 66 20
18 67 20
18 68 20
18 69 20
18 70 20
18 71 20
18 72 20
18 73 20
18 74 20
18 75 20
18 76 20
18 77 20
18 78 20
18 79 20
18 80 20
18 81 20
18 82 20
18 83 20
18 84 20
18 85 20
18 86 20
18 87 20
18 88 20
18 89 20
18 90 20
18 91 20
18 92 20
18 93 20
18 94 20
18 95 20
18 96 20
18 97 20
18 98 20
18 99 20
18 100 8700
19 20 20
19 21 20
19 22 20
19 23 20
19 24 20
19 25 20
19 26 20
19 27 20
19 28 20
19 29 20
19 30 20
19 31 20
19 32 20
19 33 20
19 34 20
19 35 20
19 36 20
19 37 20
19 38 20
19 39 20
19 40 20
19 41 20
19 42 20
19 43 20
19 44 20
19 45 20
19 46 20
19 47 20
19 48 20
19 49 20
19 50 20
19 51 20
19 52 20
19 53 20
19 54 20
19 55 20
19 56 20
19 57 20
19 58 20
19 59 20
19 60 20
19 61 20
19 62 20
19 63 20
19 64 20
19 65 20
19 66 20
19 67 20
19 68 20
19 69 20
19 70 20
19 71 20
19 72 20
19 73 20
19 74 20
19 75 20
19 76 20
19 77 20
19 78 20
19 79 20
19 80 20
19 81 20
19 82 20
19 83 20
19 84 20
19 85 20
19 86 20
19 87 20
19 88 20
19 89 20
19 90 20
19 91 20
19 92 20
19 93 20
19 94 20
19 95 20
19 96 20
19 97 20
19 98 20
19 99 20
19 100 8740
20 21 20
20 22 20
20 23 20
20 24 20
20 25 20
20 26 20
20 27 20
20 28 20
20 29 20
20 30 20
20 31 20
20 32 20
20 33 20
20 34 20
20 35 20
20 36 20
20 37 20
20 38 20
20 39 20
20 40 20
20 41 20
20 42 20
20 43 20
20 44 20
20 45 20
20 46 20
20 47 20
20 48 20
20 49 20
20 50 20
20 51 20
20 52 20
20 53 20
20 54 20
20 55 20
20 56 20
20 57 20
20 58 20
20 59 20
20 60 20
20 61 20
20 62 20
20 63 20
20 64 20
20 65 20
20 66 20
20 67 20
20 68 20
20 69 20
20 70 20
20 71 20
20 72 20
20 73 20
20 74 20
20 75 20
20 76 20
20 77 20
20 78 20
20 79 20
20 80 20
20 81 20
20 82 20
20 83 20
20 84 20
20 85 20
20 86 20
20 87 20
20 88 20
20 89 20
20 90 20
20 91 20
20 92 20
20 93 20
20 94 20
20 95 20
20 96 20
20 97 20
20 98 20
20 99 20
20 100 8780
21 22 20
21 23 20
21 24 20
21 25 20
21 26 20
21 27 20
21 28 20
21 29 20
21 30 20
21 31 20
21 32 20
21 33 20
21 34 20
21 35 20
21 36 20
21 37 20
21 38 20
21 39 20
21 40 20
21 41 20
21 42 20
21 43 20
21 44 20
21 45 20
21 46 20
21 47 20
21 48 20
21 49 20
21 50 20
21 51 20
21 52 20
21 53 20
21 54 20
21 55 20
21 56 20
21 57 20
21 58 20
21 59 20
21 60 20
21 61 20
21 62 20
21 63 20
21 64 20
21 65 20
21 66 20
21 67 20
21 68 20
21 69 20
21 70 20
21 71 20
21 72 20
21 73 20
21 74 20
21 75 20
21 76 20
21 77 20
21 78 20
21 79 20
21 80 20
21 81 20
21 82 20
21 83 20
21 84 20
21 85 20
21 86 20
21 87 20
21 88 20
21 89 20
21 90 20
21 91 20
21 92 20
21 93 20
21 94 20
21 95 20
21 96 20
21 97 20
21 98 20
21 99 20
21 100 8820
22 23 20
22 24 20
22 25 20
22 26 20
22 27 20
22 28 20
22 29 20
22 30 20
22 31 20
22 32 20
22 33 20
22 34 20
22 35 20
22 36 20
22 37 20
22 38 20
22 39 20
22 40 20
22 41 20
22 42 20
22 43 20
22 44 20
22 45 20
22 46 20
22 47 20
22 48 20
22 49 20
22 50 20
22 51 20
22 52 20
22 53 20
22 54 20
22 55 20
22 56 20
22 57 20
22 58 20
22 59 20
22 60 20
22 61 20
22 62 20
22 63 20
22 64 20
22 65 20
22 66 20
22 67 20
22 68 20
22 69 20
22 70 20
22 71 20
22 72 20
22 73 20
22 74 20
22 75 20
22 76 20
22 77 20
22 78 20
22 79 20
22 80 20
22 81 20
22 82 20
22 83 20
22 84 20
22 85 20
22 86 20
22 87 20
22 88 20
22 89 20
22 90 20
22 91 20
22 92 20
22 93 20
22 94 20
22 95 20
22 96 20
22 97 20
22 98 20
22 99 20
22 100 8860
23 24 20
23 25 20
23 26 20
23 27 20
23 28 20
23 29 20
23 30 20
23 31 20
23 32 20
23 33 20
23 34 20
23 35 20
23 36 20
23 37 20
23 38 20
23 39 20
23 40 20
23 41 20
23 42 20
23 43 20
23 44 20
23 45 20
23 46 20
23 47 20
23 48 20
23 49 20
23 50 20
23 51 20
23 52 20
23 53 20
23 54 20
23 55 20
23 56 20
23 57 20
23 58 20
23 59 20
23 60 20
23 61 20
23 62 20
23 63 20
23 64 20
23 65 20
23 66 20
23 67 20
23 68 20
23 69 20
23 70 20
23 71 20
23 72 20
23 73 20
23 74 20
23 75 20
23 76 20
23 77 20
23 78 20
23 79 20
23 80 20
23 81 20
23 82 20
23 83 20
23 84 20
23 85 20
23 86 20
23 87 20
23 88 20
23 89 20
23 90 20
23 91 20
23 92 20
23 93 20
23 94 20
23 95 20
23 96 20
23 97 20
23 98 20
23 99 20
23 100 8900
24 25 20
24 26 20
24 27 20
24 28 20
24 29 20
24 30 20
24 31 20
24 32 20
24 33 20
24 34 20
24 35 20
24 36 20
24 37 20
24 38 20
24 39 20
24 40 20
24 41 20
24 42 20
24 43 20
24 44 20
24 45 20
24 46 20
24 47 20
24 48 20
24 49 20
24 50 20
24 51 20
24 52 20
24 53 20
24 54 20
24 55 20
24 56 20
24 57 20
24 58 20
24 59 20
24 60 20
24 61 20
24 62 20
24 63 20
24 64 20
24 65 20
24 66 20
24 67 20
24 68 20
24 69 20
24 70 20
24 71 20
24 72 20
24 73 20
24 74 20
24 75 20
24 76 20
24 77 20
24 78 20
24 79 20
24 80 20
24 81 20
24 82 20
24 83 20
24 84 20
24 85 20
24 86 20
24 87 20
24 88 20
24 89 20
24 90 20
24 91 20
24 92 20
24 93 20
24 94 20
24 95 20
24 96 20
24 97 20
24 98 20
24 99 20
24 100 8940
25 26 20
25 27 20
25 28 20
25 29 20
25 30 20
25 31 20
25 32 20
25 33 20
25 34 20
25 35 20
25 36 20
25 37 20
25 38 20
25 39 20
25 40 20
25 41 20
25 42 20
25 43 20
25 44 20
25 45 20
25 46 20
25 47 20
25 48 20
25 49 20
25 50 20
25 51 20
25 52 20
25 53 20
25 54 20
25 55 20
25 56 20
25 57 20
25 58 20
25 59 20
25 60 20
25 61 20
25 62 20
25 63 20
25 64 20
25 65 20
25 66 20
25 67 20
25 68 20
25 69 20
25 70 20
25 71 20
25 72 20
25 73 20
25 74 20
25 75 20
25 76 20
25 77 20
25 78 20
25 79 20
25 80 20
25 81 20
25 82 20
25 83 20
25 84 20
25 85 20
25 86 20
25 87 20
25 88 20
25 89 20
25 90 20
25 91 20
25 92 20
25 93 20
25 94 20
25 95 20
25 96 20
25 97 20
25 98 20
25 99 20
25 100 8980
26 27 20
26 28 20
26 29 20
26 30 20
26 31 20
26 32 20
26 33 20
26 34 20
26 35 20
26 36 20
26 37 20
26 38 20
26 39 20
26 40 20
26 41 20
26 42 20
26 43 20
26 44 20
26 45 20
26 46 20
26 47 20
26 48 20
26 49 20
26 50 20
26 51 20
26 52 20
26 53 20
26 54 20
26 55 20
26 56 20
26 57 20
26 58 20
26 59 20
26 60 20
26 61 20
26 62 20
26 63 20
26 64 20
26 65 20
26 66 20
26 67 20
26 68 20
26 69 20
26 70 20
26 71 20
26 72 20
26 73 20
26 74 20
26 75 20
26 76 20
26 77 20
26 78 20
26 79 20
26 80 20
26 81 20
26 82 20
26 83 20
26 84 20
26 85 20
26 86 20
26 87 20
26 88 20
26 89 20
26 90 20
26 91 20
26 92 20
26 93 20
26 94 20
26 95 20
26 96 20
26 97 20
26 98 20
26 99 20
26 100 9020
27 28 20
27 29 20
27 30 20
27 31 20
27 32 20
27 33 20
27 34 20
27 35 20
27 36 20
27 37 20
27 38 20
27 39 20
27 40 20
27 41 20
27 42 20
27 43 20
27 44 20
27 45 20
27 46 20
27 47 20
27 48 20
27 49 20
27 50 20
27 51 20
27 52 20
27 53 20
27 54 20
27 55 20
27 56 20
27 57 20
27 58 20
27 59 20
27 60 20
27 61 20
27 62 20
27 63 20
27 64 20
27 65 20
27 66 20
27 67 20
27 68 20
27 69 20
27 70 20
27 71 20
27 72 20
27 73 20
27 74 20
27 75 20
27 76 20
27 77 20
27 78 20
27 79 20
27 80 20
27 81 20
27 82 20
27 83 20
27 84 20
27 85 20
27 86 20
27 87 20
27 88 20
27 89 20
27 90 20
27 91 20
27 92 20
27 93 20
27 94 20
27 95 20
27 96 20
27 97 20
27 98 20
27 99 20
27 100 9060
28 29 20
28 30 20
28 31 20
28 32 20
28 33 20
28 34 20
28 35 20
28 36 20
28 37 20
28 38 20
28 39 20
28 40 20
28 41 20
28 42 20
28 43 20
28 44 20
28 45 20
28 46 20
28 47 20
28 48 20
28 49 20
28 50 20
28 51 20
28 52 20
28 53 20
28 54 20
28 55 20
28 56 20
28 57 20
28 58 20
28 59 20
28 60 20
28 61 20
28 62 20
28 63 20
28 64 20
28 65 20
28 66 20
28 67 20
28 68 20
28 69 20
28 70 20
28 71 20
28 72 20
28 73 20
28 74 20
28 75 20
28 76 20
28 77 20
28 78 20
28 79 20
28 80 20
28 81 20
28 82 20
28 83 20
28 84 20
28 85 20
28 86 20
28 87 20
28 88 20
28 89 20
28 90 20
28 91 20
28 92 20
28 93 20
28 94 20
28 95 20
28 96 20
28 97 20
28 98 20
28 99 20
28 100 9100
29 30 20
29 31 20
29 32 20
29 33 20
29 34 20
29 35 20
29 36 20
29 37 20
29 38 20
29 39 20
29 40 20
29 41 20
29 42 20
29 43 20
29 44 20
29 45 20
29 46 20
29 47 20
29 48 20
29 49 20
29 50 20
29 51 20
29 52 20
29 53 20
29 54 20
29 55 20
29 56 20
29 57 20
29 58 20
29 59 20
29 60 20
29 61 20
29 62 20
29 63 20
29 64 20
29 65 20
29 66 20
29 67 20
29 68 20
29 69 20
29 70 20
29 71 20
29 72 20
29 73 20
29 74 20
29 75 20
29 76 20
29 77 20
29 78 20
29 79 20
29 80 20
29 81 20
29 82 20
29 83 20
29 84 20
29 85 20
29 86 20
29 87 20
29 88 20
29 89 20
29 90 20
29 91 20
29 92 20
29 93 20
29 94 20
29 95 20
29 96 20
29 97 20
29 98 20
29 99 20
29 100 9140
30 31 20
30 32 20
30 33 20
30 34 20
30 35 20
30 36 20
30 37 20
30 38 20
30 39 20
30 40 20
30 41 20
30 42 20
30 43 20
30 44 20
30 45 20
30 46 20
30 47 20
30 48 20
30 49 20
30 50 20
30 51 20
30 52 20
30 53 20
30 54 20
30 55 20
30 56 20
30 57 20
30 58 20
30 59 20
30 60 20
30 61 20
30 62 20
30 63 20
30 64 20
30 65 20
30 66 20
30 67 20
30 68 20
30 69 20
30 70 20
30 71 20
30 72 20
30 73 20
30 74 20
30 75 20
30 76 20
30 77 20
30 78 20
30 79 20
30 80 20
30 81 20
30 82 20
30 83 20
30 84 20
30 85 20
30 86 20
30 87 20
30 88 20
30 89 20
30 90 20
30 91 20
30 92 20
30 93 20
30 94 20
30 95 20
30 96 20
30 97 20
30 98 20
30 99 20
30 100 9180
31 32 20
31 33 20
31 34 20
31 35 20
31 36 20
31 37 20
31 38 20
31 39 20
31 40 20
31 41 20
31 42 20
31 43 20
31 44 20
31 45 20
31 46 20
31 47 20
31 48 20
31 49 20
31 50 20
31 51 20
31 52 20
31 53 20
31 54 20
31 55 20
31 56 20
31 57 20
31 58 20
31 59 20
31 60 20
31 61 20
31 62 20
31 63 20
31 64 20
31 65 20
31 66 20
31 67 20
31 68 20
31 69 20
31 70 20
31 71 20
31 72 20
31 73 20
31 74 20
31 75 20
31 76 20
31 77 20
31 78 20
31 79 20
31 80 20
31 81 20
31 82 20
31 83 20
31 84 20
31 85 20
31 86 20
31 87 20
31 88 20
31 89 20
31 90 20
31 91 20
31 92 20
31 93 20
31 94 20
31 95 20
31 96 20
31 97 20
31 98 20
31 99 20
31 100 9220
32 33 20
32 34 20
32 35 20
32 36 20
32 37 20
32 38 20
32 39 20
32 40 20
32 41 20
32 42 20
32 43 20
32 44 20
32 45 20
32 46 20
32 47 20
32 48 20
32 49 20
32 50 20
32 51 20
32 52 20
32 53 20
32 54 20
32 55 20
32 56 20
32 57 20
32 58 20
32 59 20
32 60 20
32 61 20
32 62 20
32 63 20
32 64 20
32 65 20
32 66 20
32 67 20
32 68 20
32 69 20
32 70 20
32 71 20
32 72 20
32 73 20
32 74 20
32 75 20
32 76 20
32 77 20
32 78 20
32 79 20
32 80 20
32 81 20
32 82 20
32 83 20
32 84 20
32 85 20
32 86 20
32 87 20
32 88 20
32 89 20
32 90 20
32 91 20
32 92 20
32 93 20
32 94 20
32 95 20
32 96 20
32 97 20
32 98 20
32 99 20
32 100 9260
33 34 20
33 35 20
33 36 20
33 37 20
33 38 20
33 39 20
33 40 20
33 41 20
33 42 20
33 43 20
33 44 20
33 45 20
33 46 20
33 47 20
33 48 20
33 49 20
33 50 20
33 51 20
33 52 20
33 53 20
33 54 20
33 55 20
33 56 20
33 57 20
33 58 20
33 59 20
33 60 20
33 61 20
33 62 20
33 63 20
33 64 20
33 65 20
33 66 20
33 67 20
33 68 20
33 69 20
33 70 20
33 71 20
33 72 20
33 73 20
33 74 20
33 75 20
33 76 20
33 77 20
33 78 20
33 79 20
33 80 20
33 81 20
33 82 20
33 83 20
33 84 20
33 85 20
33 86 20
33 87 20
33 88 20
33 89 20
33 90 20
33 91 20
33 92 20
33 93 20
33 94 20
33 95 20
33 96 20
33 97 20
33 98 20
33 99 20
33 100 9300
34 35 20
34 36 20
34 37 20
34 38 20
34 39 20
34 40 20
34 41 20
34 42 20
34 43 20
34 44 20
34 45 20
34 46 20
34 47 20
34 48 20
34 49 20
34 50 20
34 51 20
34 52 20
34 53 20
34 54 20
34 55 20
34 56 20
34 57 20
34 58 20
34 59 20
34 60 20
34 61 20
34 62 20
34 63 20
34 64 20
34 65 20
34 66 20
34 67 20
34 68 20
34 69 20
34 70 20
34 71 20
34 72 20
34 73 20
34 74 20
34 75 20
34 76 20
34 77 20
34 78 20
34 79 20
34 80 20
34 81 20
34 82 20
34 83 20
34 84 20
34 85 20
34 86 20
34 87 20
34 88 20
34 89 20
34 90 20
34 91 20
34 92 20
34 93 20
34 94 20
34 95 20
34 96 20
34 97 20
34 98 20
34 99 20
34 100 9340
35 36 20
35 37 20
35 38 20
35 39 20
35 40 20
35 41 20
35 42 20
35 43 20
35 44 20
35 45 20
35 46 20
35 47 20
35 48 20
35 49 20
35 50 20
35 51 20
35 52 20
35 53 20
35 54 20
35 55 20
35 56 20
35 57 20
35 58 20
35 59 20
35 60 20
35 61 20
35 62 20
35 63 20
35 64 20
35 65 20
35 66 20
35 67 20
35 68 20
35 69 20
35 70 20
35 71 20
35 72 20
35 73 20
35 74 20
35 75 20
35 76 20
35 77 20
35 78 20
35 79 20
35 80 20
35 81 20
35 82 20
35 83 20
35 84 20
35 85 20
35 86 20
35 87 20
35 88 20
35 89 20
35 90 20
35 91 20
35 92 20
35 93 20
35 94 20
35 95 20
35 96 20
35 97 20
35 98 20
35 99 20
35 100 9380
36 37 20
36 38 20
36 39 20
36 40 20
36 41 20
36 42 20
36 43 20
36 44 20
36 45 20
36 46 20
36 47 20
36 48 20
36 49 20
36 50 20
36 51 20
36 52 20
36 53 20
36 54 20
36 55 20
36 56 20
36 57 20
36 58 20
36 59 20
36 60 20
36 61 20
36 62 20
36 63 20
36 64 20
36 65 20
36 66 20
36 67 20
36 68 20
36 69 20
36 70 20
36 71 20
36 72 20
36 73 20
36 74 20
36 75 20
36 76 20
36 77 20
36 78 20
36 79 20
36 80 20
36 81 20
36 82 20
36 83 20
36 84 20
36 85 20
36 86 20
36 87 20
36 88 20
36 89 20
36 90 20
36 91 20
36 92 20
36 93 20
36 94 20
36 95 20
36 96 20
36 97 20
36 98 20
36 99 20
36 100 9420
37 38 20
37 39 20
37 40 20
37 41 20
37 42 20
37 43 20
37 44 20
37 45 20
37 46 20
37 47 20
37 48 20
37 49 20
37 50 20
37 51 20
37 52 20
37 53 20
37 54 20
37 55 20
37 56 20
37 57 20
37 58 20
37 59 20
37 60 20
37 61 20
37 62 20
37 63 20
37 64 20
37 65 20
37 66 20
37 67 20
37 68 20
37 69 20
37 70 20
37 71 20
37 72 20
37 73 20
37 74 20
37 75 20
37 76 20
37 77 20
37 78 20
37 79 20
37 80 20
37 81 20
37 82 20
37 83 20
37 84 20
37 85 20
37 86 20
37 87 20
37 88 20
37 89 20
37 90 20
37 91 20
37 92 20
37 93 20
37 94 20
37 95 20
37 96 20
37 97 20
37 98 20
37 99 20
37 100 9460
38 39 20
38 40 20
38 41 20
38 42 20
38 43 20
38 44 20
38 45 20
38 46 20
38 47 20
38 48 20
38 49 20
38 50 20
38 51 20
38 52 20
38 53 20
38 54 20
38 55 20
38 56 20
38 57 20
38 58 20
38 59 20
38 60 20
38 61 20
38 62 20
38 63 20
38 64 20
38 65 20
38 66 20
38 67 20
38 68 20
38 69 20
38 70 20
38 71 20
38 72 20
38 73 20
38 74 20
38 75 20
38 76 20
38 77 20
38 78 20
38 79 20
38 80 20
38 81 20
38 82 20
38 83 20
38 84 20
38 85 20
38 86 20
38 87 20
38 88 20
38 89 20
38 90 20
38 91 20
38 92 20
38 93 20
38 94 20
38 95 20
38 96 20
38 97 20
38 98 20
38 99 20
38 100 9500
39 40 20
39 41 20
39 42 20
39 43 20
39 44 20
39 45 20
39 46 20
39 47 20
39 48 20
39 49 20
39 50 20
39 51 20
39 52 20
39 53 20
39 54 20
39 55 20
39 56 20
39 57 20
39 58 20
39 59 20
39 60 20
39 61 20
39 62 20
39 63 20
39 64 20
39 65 20
39 66 20
39 67 20
39 68 20
39 69 20
39 70 20
39 71 20
39 72 20
39 73 20
39 74 20
39 75 20
39 76 20
39 77 20
39 78 20
39 79 20
39 80 20
39 81 20
39 82 20
39 83 20
39 84 20
39 85 20
39 86 20
39 87 20
39 88 20
39 89 20
39 90 20
39 91 20
39 92 20
39 93 20
39 94 20
39 95 20
39 96 20
39 97 20
39 98 20
39 99 20
39 100 9540
40 41 20
40 42 20
40 43 20
40 44 20
40 45 20
40 46 20
40 47 20
40 48 20
40 49 20
40 50 20
40 51 20
40 52 20
40 53 20
40 54 20
40 55 20
40 56 20
40 57 20
40 58 20
40 59 20
40 60 20
40 61 20
40 62 20
40 63 20
40 64 20
40 65 20
40 66 20
40 67 20
40 68 20
40 69 20
40 70 20
40 71 20
40 72 20
40 73 20
40 74 20
40 75 20
40 76 20
40 77 20
40 78 20
40 79 20
40 80 20
40 81 20
40 82 20
40 83 20
40 84 20
40 85 20
40 86 20
40 87 20
40 88 20
40 89 20
40 90 20
40 91 20
40 92 20
40 93 20
40 94 20
40 95 20
40 96 20
40 97 20
40 98 20
40 99 20
40 100 9580
41 42 20
41 43 20
41 44 20
41 45 20
41 46 20
41 47 20
41 48 20
41 49 20
41 50 20
41 51 20
41 52 20
41 53 20
41 54 20
41 55 20
41 56 20
41 57 20
41 58 20
41 59 20
41 60 20
41 61 20
41 62 20
41 63 20
41 64 20
41 65 20
41 66 20
41 67 20
41 68 20
41 69 20
41 70 20
41 71 20
41 72 20
41 73 20
41 74 20
41 75 20
41 76 20
41 77 20
41 78 20
41 79 20
41 80 20
41 81 20
41 82 20
41 83 20
41 84 20
41 85 20
41 86 20
41 87 20
41 88 20
41 89 20
41 90 20
41 91 20
41 92 20
41 93 20
41 94 20
41 95 20
41 96 20
41 97 20
41 98 20
41 99 20
41 100 9620
42 43 20
42 44 20
42 45 20
42 46 20
42 47 20
42 48 20
42 49 20
42 50 20
42 51 20
42 52 20
42 53 20
42 54 20
42 55 20
42 56 20
42 57 20
42 58 20
42 59 20
42 60 20
42 61 20
42 62 20
42 63 20
42 64 20
42 65 20
42 66 20
42 67 20
42 68 20
42 69 20
42 70 20
42 71 20
42 72 20
42 73 20
42 74 20
42 75 20
42 76 20
42 77 20
42 78 20
42 79 20
42 80 20
42 81 20
42 82 20
42 83 20
42 84 20
42 85 20
42 86 20
42 87 20
42 88 20
42 89 20
42 90 20
42 91 20
42 92 20
42 93 20
42 94 20
42 95 20
42 96 20
42 97 20
42 98 20
42 99 20
42 100 9660
43 44 20
43 45 20
43 46 20
43 47 20
43 48 20
43 49 20
43 50 20
43 51 20
43 52 20
43 53 20
43 54 20
43 55 20
43 56 20
43 57 20
43 58 20
43 59 20
43 60 20
43 61 20
43 62 20
43 63 20
43 64 20
43 65 20
43 66 20
43 67 20
43 68 20
43 69 20
43 70 20
43 71 20
43 72 20
43 73 20
43 74 20
43 75 20
43 76 20
43 77 20
43 78 20
43 79 20
43 80 20
43 81 20
43 82 20
43 83 20
43 84 20
43 85 20
43 86 20
43 87 20
43 88 20
43 89 20
43 90 20
43 91 20
43 92 20
43 93 20
43 94 20
43 95 20
43 96 20
43 97 20
43 98 20
43 99 20
43 100 9700
44 45 20
44 46 20
44 47 20
44 48 20
44 49 20
44 50 20
44 51 20
44 52 20
44 53 20
44 54 20
44 55 20
44 56 20
44 57 20
44 58 20
44 59 20
44 60 20
44 61 20
44 62 20
44 63 20
44 64 20
44 65 20
44 66 20
44 67 20
44 68 20
44 69 20
44 70 20
44 71 20
44 72 20
44 73 20
44 74 20
44 75 20
44 76 20
44 77 20
44 78 20
44 79 20
44 80 20
44 81 20
44 82 20
44 83 20
44 84 20
44 85 20
44 86 20
44 87 20
44 88 20
44 89 20
44 90 20
44 91 20
44 92 20
44 93 20
44 94 20
44 95 20
44 96 20
44 97 20
44 98 20
44 99 20
44 100 9740
45 46 20
45 47 20
45 48 20
45 49 20
45 50 20
45 51 20
45 52 20
45 53 20
45 54 20
45 55 20
45 56 20
45 57 20
45 58 20
45 59 20
45 60 20
45 61 20
45 62 20
45 63 20
45 64 20
45 65 20
45 66 20
45 67 20
45 68 20
45 69 20
45 70 20
45 71 20
45 72 20
45 73 20
45 74 20
45 75 20
45 76 20
45 77 20
45 78 20
45 79 20
45 80 20
45 81 20
45 82 20
45 83 20
45 84 20
45 85 20
45 86 20
45 87 20
45 88 20
45 89 20
45 90 20
45 91 20
45 92 20
45 93 20
45 94 20
45 95 20
45 96 20
45 97 20
45 98 20
45 99 20
45 100 9780
46 47 20
46 48 20
46 49 20
46 50 20
46 51 20
46 52 20
46 53 20
46 54 20
46 55 20
46 56 20
46 57 20
46 58 20
46 59 20
46 60 20
46 61 20
46 62 20
46 63 20
46 64 20
46 65 20
46 66 20
46 67 20
46 68 20
46 69 20
46 70 20
46 71 20
46 72 20
46 73 20
46 74 20
46 75 20
46 76 20
46 77 20
46 78 20
46 79 20
46 80 20
46 81 20
46 82 20
46 83 20
46 84 20
46 85 20
46 86 20
46 87 20
46 88 20
46 89 20
46 90 20
46 91 20
46 92 20
46 93 20
46 94 20
46 95 20
46 96 20
46 97 20
46 98 20
46 99 20
46 100 9820
47 48 20
47 49 20
47 50 20
47 51 20
47 52 20
47 53 20
47 54 20
47 55 20
47 56 20
47 57 20
47 58 20
47 59 20
47 60 20
47 61 20
47 62 20
47 63 20
47 64 20
47 65 20
47 66 20
47 67 20
47 68 20
47 69 20
47 70 20
47 71 20
47 72 20
47 73 20
47 74 20
47 75 20
47 76 20
47 77 20
47 78 20
47 79 20
47 80 20
47 81 20
47 82 20
47 83 20
47 84 20
47 85 20
47 86 20
47 87 20
47 88 20
47 89 20
47 90 20
47 91 20
47 92 20
47 93 20
47 94 20
47 95 20
47 96 20
47 97 20
47 98 20
47 99 20
47 100 9860
48 49 20
48 50 20
48 51 20
48 52 20
48 53 20
48 54 20
48 55 20
48 56 20
48 57 20
48 58 20
48 59 20
48 60 20
48 61 20
48 62 20
48 63 20
48 64 20
48 65 20
48 66 20
48 67 20
48 68 20
48 69 20
48 70 20
48 71 20
48 72 20
48 73 20
48 74 20
48 75 20
48 76 20
48 77 20
48 78 20
48 79 20
48 80 20
48 81 20
48 82 20
48 83 20
48 84 20
48 85 20
48 86 20
48 87 20
48 88 20
48 89 20
48 90 20
48 91 20
48 92 20
48 93 20
48 94 20
48 95 20
48 96 20
48 97 20
48 98 20
48 99 20
48 100 9900
49 50 20
49 51 20
49 52 20
49 53 20
49 54 20
49 55 20
49 56 20
49 57 20
49 58 20
49 59 20
49 60 20
49 61 20
49 62 20
49 63 20
49 64 20
49 65 20
49 66 20
49 67 20
49 68 20
49 69 20
49 70 20
49 71 20
49 72 20
49 73 20
49 74 20
49 75 20
49 76 20
49 77 20
49 78 20
49 79 20
49 80 20
49 81 20
49 82 20
49 83 20
49 84 20
49 85 20
49 86 20
49 87 20
49 88 20
49 89 20
49 90 20
49 91 20
49 92 20
49 93 20
49 94 20
49 95 20
49 96 20
49 97 20
49 98 20
49 99 20
49 100 9940
50 51 20
50 52 20
50 53 20
50 54 20
50 55 20
50 56 20
50 57 20
50 58 20
50 59 20
50 60 20
50 61 20
50 62 20
50 63 20
50 64 20
50 65 20
50 66 20
50 67 20
50 68 20
50 69 20
50 70 20
50 71 20
50 72 20
50 73 20
50 74 20
50 75 20
50 76 20
50 77 20
50 78 20
50 79 20
50 80 20
50 81 20
50 82 20
50 83 20
50 84 20
50 85 20
50 86 20
50 87 20
50 88 20
50 89 20
50 90 20
50 91 20
50 92 20
50 93 20
50 94 20
50 95 20
50 96 20
50 97 20
50 98 20
50 99 20
50 100 9980
51 52 20
51 53 20
51 54 20
51 55 20
51 56 20
51 57 20
51 58 20
51 59 20
51 60 20
51 61 20
51 62 20
51 63 20
51 64 20
51 65 20
51 66 20
51 67 20
51 68 20
51 69 20
51 70 20
51 71 20
51 72 20
51 73 20
51 74 20
51 75 20
51 76 20
51 77 20
51 78 20
51 79 20
51 80 20
51 81 20
51 82 20
51 83 20
51 84 20
51 85 20
51 86 20
51 87 20
51 88 20
51 89 20
51 90 20
51 91 20
51 92 20
51 93 20
51 94 20
51 95 20
51 96 20
51 97 20
51 98 20
51 99 20
51 100 10020
52 53 20
52 54 20
52 55 20
52 56 20
52 57 20
52 58 20
52 59 20
52 60 20
52 61 20
52 62 20
52 63 20
52 64 20
52 65 20
52 66 20
52 67 20
52 68 20
52 69 20
52 70 20
52 71 20
52 72 20
52 73 20
52 74 20
52 75 20
52 76 20
52 77 20
52 78 20
52 79 20
52 80 20
52 81 20
52 82 20
52 83 20
52 84 20
52 85 20
52 86 20
52 87 20
52 88 20
52 89 20
52 90 20
52 91 20
52 92 20
52 93 20
52 94 20
52 95 20
52 96 20
52 97 20
52 98 20
52 99 20
52 100 10060
53 54 20
53 55 20
53 56 20
53 57 20
53 58 20
53 59 20
53 60 20
53 61 20
53 62 20
53 63 20
53 64 20
53 65 20
53 66 20
53 67 20
53 68 20
53 69 20
53 70 20
53 71 20
53 72 20
53 73 20
53 74 20
53 75 20
53 76 20
53 77 20
53 78 20
53 79 20
53 80 20
53 81 20
53 82 20
53 83 20
53 84 20
53 85 20
53 86 20
53 87 20
53 88 20
53 89 20
53 90 20
53 91 20
53 92 20
53 93 20
53 94 20
53 95 20
53 96 20
53 97 20
53 98 20
53 99 20
53 100 10100
54 55 20
54 56 20
54 57 20
54 58 20
54 59 20
54 60 20
54 61 20
54 62 20
54 63 20
54 64 20
54 65 20
54 66 20
54 67 20
54 68 20
54 69 20
54 70 20
54 71 20
54 72 20
54 73 20
54 74 20
54 75 20
54 76 20
54 77 20
54 78 20
54 79 20
54 80 20
54 81 20
54 82 20
54 83 20
54 84 20
54 85 20
54 86 20
54 87 20
54 88 20
54 89 20
54 90 20
54 91 20
54 92 20
54 93 20
54 94 20
54 95 20
54 96 20
54 97 20
54 98 20
54 99 20
54 100 10140
55 56 20
55 57 20
55 58 20
55 59 20
55 60 20
55 61 20
55 62 20
55 63 20
55 64 20
55 65 20
55 66 20
55 67 20
55 68 20
55 69 20
55 70 20
55 71 20
55 72 20
55 73 20
55 74 20
55 75 20
55 76 20
55 77 20
55 78 20
55 79 20
55 80 20
55 81 20
55 82 20
55 83 20
55 84 20
55 85 20
55 86 20
55 87 20
55 88 20
55 89 20
55 90 20
55 91 20
55 92 20
55 93 20
55 94 20
55 95 20
55 96 20
55 97 20
55 98 20
55 99 20
55 100 10180
56 57 20
56 58 20
56 59 20
56 60 20
56 61 20
56 62 20
56 63 20
56 64 20
56 65 20
56 66 20
56 67 20
56 68 20
56 69 20
56 70 20
56 71 20
56 72 20
56 73 20
56 74 20
56 75 20
56 76 20
56 77 20
56 78 20
56 79 20
56 80 20
56 81 20
56 82 20
56 83 20
56 84 20
56 85 20
56 86 20
56 87 20
56 88 20
56 89 20
56 90 20
56 91 20
56 92 20
56 93 20
56 94 20
56 95 20
56 96 20
56 97 20
56 98 20
56 99 20
56 100 10220
57 58 20
57 59 20
57 60 20
57 61 20
57 62 20
57 63 20
57 64 20
57 65 20
57 66 20
57 67 20
57 68 20
57 69 20
57 70 20
57 71 20
57 72 20
57 73 20
57 74 20
57 75 20
57 76 20
57 77 20
57 78 20
57 79 20
57 80 20
57 81 20
57 82 20
57 83 20
57 84 20
57 85 20
57 86 20
57 87 20
57 88 20
57 89 20
57 90 20
57 91 20
57 92 20
57 93 20
57 94 20
57 95 20
57 96 20
57 97 20
57 98 20
57 99 20
57 100 10260
58 59 20
58 60 20
58 61 20
58 62 20
58 63 20
58 64 20
58 65 20
58 66 20
58 67 20
58 68 20
58 69 20
58 70 20
58 71 20
58 72 20
58 73 20
58 74 20
58 75 20
58 76 20
58 77 20
58 78 20
58 79 20
58 80 20
58 81 20
58 82 20
58 83 20
58 84 20
58 85 20
58 86 20
58 87 20
58 88 20
58 89 20
58 90 20
58 91 20
58 92 20
58 93 20
58 94 20
58 95 20
58 96 20
58 97 20
58 98 20
58 99 20
58 100 10300
59 60 20
59 61 20
59 62 20
59 63 20
59 64 20
59 65 20
59 66 20
59 67 20
59 68 20
59 69 20
59 70 20
59 71 20
59 72 20
59 73 20
59 74 20
59 75 20
59 76 20
59 77 20
59 78 20
59 79 20
59 80 20
59 81 20
59 82 20
59 83 20
59 84 20
59 85 20
59 86 20
59 87 20
59 88 20
59 89 20
59 90 20
59 91 20
59 92 20
59 93 20
59 94 20
59 95 20
59 96 20
59 97 20
59 98 20
59 99 20
59 100 10340
60 61 20
60 62 20
60 63 20
60 64 20
60 65 20
60 66 20
60 67 20
60 68 20
60 69 20
60 70 20
60 71 20
60 72 20
60 73 20
60 74 20
60 75 20
60 76 20
60 77 20
60 78 20
60 79 20
60 80 20
60 81 20
60 82 20
60 83 20
60 84 20
60 85 20
60 86 20
60 87 20
60 88 20
60 89 20
60 90 20
60 91 20
60 92 20
60 93 20
60 94 20
60 95 20
60 96 20
60 97 20
60 98 20
60 99 20
60 100 10380
61 62 20
61 63 20
61 64 20
61 65 20
61 66 20
61 67 20
61 68 20
61 69 20
61 70 20
61 71 20
61 72 20
61 73 20
61 74 20
61 75 20
61 76 20
61 77 20
61 78 20
61 79 20
61 80 20
61 81 20
61 82 20
61 83 20
61 84 20
61 85 20
61 86 20
61 87 20
61 88 20
61 89 20
61 90 20
61 91 20
61 92 20
61 93 20
61 94 20
61 95 20
61 96 20
61 97 20
61 98 20
61 99 20
61 100 10420
62 63 20
62 64 20
62 65 20
62 66 20
62 67 20
62 68 20
62 69 20
62 70 20
62 71 20
62 72 20
62 73 20
62 74 20
62 75 20
62 76 20
62 77 20
62 78 20
62 79 20
62 80 20
62 81 20
62 82 20
62 83 20
62 84 20
62 85 20
62 86 20
62 87 20
62 88 20
62 89 20
62 90 20
62 91 20
62 92 20
62 93 20
62 94 20
62 95 20
62 96 20
62 97 20
62 98 20
62 99 20
62 100 10460
63 64 20
63 65 20
63 66 20
63 67 20
63 68 20
63 69 20
63 70 20
63 71 20
63 72 20
63 73 20
63 74 20
63 75 20
63 76 20
63 77 20
63 78 20
63 79 20
63 80 20
63 81 20
63 82 20
63 83 20
63 84 20
63 85 20
63 86 20
63 87 20
63 88 20
63 89 20
63 90 20
63 91 20
63 92 20
63 93 20
63 94 20
63 95 20
63 96 20
63 97 20
63 98 20
63 99 20
63 100 10500
64 65 20
64 66 20
64 67 20
64 68 20
64 69 20
64 70 20
64 71 20
64 72 20
64 73 20
64 74 20
64 75 20
64 76 20
64 77 20
64 78 20
64 79 20
64 80 20
64 81 20
64 82 20
64 83 20
64 84 20
64 85 20
64 86 20
64 87 20
64 88 20
64 89 20
64 90 20
64 91 20
64 92 20
64 93 20
64 94 20
64 95 20
64 96 20
64 97 20
64 98 20
64 99 20
64 100 10540
65 66 20
65 67 20
65 68 20
65 69 20
65 70 20
65 71 20
65 72 20
65 73 20
65 74 20
65 75 20
65 76 20
65 77 20
65 78 20
65 79 20
65 80 20
65 81 20
65 82 20
65 83 20
65 84 20
65 85 20
65 86 20
65 87 20
65 88 20
65 89 20
65 90 20
65 91 20
65 92 20
65 93 20
65 94 20
65 95 20
65 96 20
65 97 20
65 98 20
65 99 20
65 100 10580
66 67 20
66 68 20
66 69 20
66 70 20
66 71 20
66 72 20
66 73 20
66 74 20
66 75 20
66 76 20
66 77 20
66 78 20
66 79 20
66 80 20
66 81 20
66 82 20
66 83 20
66 84 20
66 85 20
66 86 20
66 87 20
66 88 20
66 89 20
66 90 20
66 91 20
66 92 20
66 93 20
66 94 20
66 95 20
66 96 20
66 97 20
66 98 20
66 99 20
66 100 10620
67 68 20
67 69 20
67 70 20
67 71 20
67 72 20
67 73 20
67 74 20
67 75 20
67 76 20
67 77 20
67 78 20
67 79 20
67 80 20
67 81 20
67 82 20
67 83 20
67 84 20
67 85 20
67 86 20
67 87 20
67 88 20
67 89 20
67 90 20
67 91 20
67 92 20
67 93 20
67 94 20
67 95 20
67 96 20
67 97 20
67 98 20
67 99 20
67 100 10660
68 69 20
68 70 20
68 71 20
68 72 20
68 73 20
68 74 20
68 75 20
68 76 20
68 77 20
68 78 20
68 79 20
68 80 20
68 81 20
68 82 20
68 83 20
68 84 20
68 85 20
68 86 20
68 87 20
68 88 20
68 89 20
68 90 20
68 91 20
68 92 20
68 93 20
68 94 20
68 95 20
68 96 20
68 97 20
68 98 20
68 99 20
68 100 10700
69 70 20
69 71 20
69 72 20
69 73 20
69 74 20
69 75 20
69 76 20
69 77 20
69 78 20
69 79 20
69 80 20
69 81 20
69 82 20
69 83 20
69 84 20
69 85 20
69 86 20
69 87 20
69 88 20
69 89 20
69 90 20
69 91 20
69 92 20
69 93 20
69 94 20
69 95 20
69 96 20
69 97 20
69 98 20
69 99 20
69 100 10740
70 71 20
70 72 20
70 73 20
70 74 20
70 75 20
70 76 20
70 77 20
70 78 20
70 79 20
70 80 20
70 81 20
70 82 20
70 83 20
70 84 20
70 85 20
70 86 20
70 87 20
70 88 20
70 89 20
70 90 20
70 91 20
70 92 20
70 93 20
70 94 20
70 95 20
70 96 20
70 97 20
70 98 20
70 99 20
70 100 10780
71 72 20
71 73 20
71 74 20
71 75 20
71 76 20
71 77 20
71 78 20
71 79 20
71 80 20
71 81 20
71 82 20
71 83 20
71 84 20
71 85 20
71 86 20
71 87 20
71 88 20
71 89 20
71 90 20
71 91 20
71 92 20
71 93 20
71 94 20
71 95 20
71 96 20
71 97 20
71 98 20
71 99 20
71 100 10820
72 73 20
72 74 20
72 75 20
72 76 20
72 77 20
72 78 20
72 79 20
72 80 20
72 81 20
72 82 20
72 83 20
72 84 20
72 85 20
72 86 20
72 87 20
72 88 20
72 89 20
72 90 20
72 91 20
72 92 20
72 93 20
72 94 20
72 95 20
72 96 20
72 97 20
72 98 20
72 99 20
72 100 10860
73 74 20
73 75 20
73 76 20
73 77 20
73 78 20
73 79 20
73 80 20
73 81 20
73 82 20
73 83 20
73 84 20
73 85 20
73 86 20
73 87 20
73 88 20
73 89 20
73 90 20
73 91 20
73 92 20
73 93 20
73 94 20
73 95 20
73 96 20
73 97 20
73 98 20
73 99 20
73 100 10900
74 75 20
74 76 20
74 77 20
74 78 20
74 79 20
74 80 20
74 81 20
74 82 20
74 83 20
74 84 20
74 85 20
74 86 20
74 87 20
74 88 20
74 89 20
74 90 20
74 91 20
74 92 20
74 93 20
74 94 20
74 95 20
74 96 20
74 97 20
74 98 20
74 99 20
74 100 10940
75 76 20
75 77 20
75 78 20
75 79 20
75 80 20
75 81 20
75 82 20
75 83 20
75 84 20
75 85 20
75 86 20
75 87 20
75 88 20
75 89 20
75 90 20
75 91 20
75 92 20
75 93 20
75 94 20
75 95 20
75 96 20
75 97 20
75 98 20
75 99 20
75 100 10980
76 77 20
76 78 20
76 79 20
76 80 20
76 81 20
76 82 20
76 83 20
76 84 20
76 85 20
76 86 20
76 87 20
76 88 20
76 89 20
76 90 20
76 91 20
76 92 20
76 93 20
76 94 20
76 95 20
76 96 20
76 97 20
76 98 20
76 99 20
76 100 11020
77 78 20
77 79 20
77 80 20
77 81 20
77 82 20
77 83 20
77 84 20
77 85 20
77 86 20
77 87 20
77 88 20
77 89 20
77 90 20
77 91 20
77 92 20
77 93 20
77 94 20
77 95 20
77 96 20
77 97 20
77 98 20
77 99 20
77 100 11060
78 79 20
78 80 20
78 81 20
78 82 20
78 83 20
78 84 20
78 85 20
78 86 20
78 87 20
78 88 20
78 89 20
78 90 20
78 91 20
78 92 20
78 93 20
78 94 20
78 95 20
78 96 20
78 97 20
78 98 20
78 99 20
78 100 11100
79 80 20
79 81 20
79 82 20
79 83 20
79 84 20
79 85 20
79 86 20
79 87 20
79 88 20
79 89 20
79 90 20
79 91 20
79 92 20
79 93 20
79 94 20
79 95 20
79 96 20
79 97 20
79 98 20
79 99 20
79 100 11140
80 81 20
80 82 20
80 83 20
80 84 20
80 85 20
80 86 20
80 87 20
80 88 20
80 89 20
80 90 20
80 91 20
80 92 20
80 93 20
80 94 20
80 95 20
80 96 20
80 97 20
80 98 20
80 99 20
80 100 11180
81 82 20
81 83 20
81 84 20
81 85 20
81 86 20
81 87 20
81 88 20
81 89 20
81 90 20
81 91 20
81 92 20
81 93 20
81 94 20
81 95 20
81 96 20
81 97 20
81 98 20
81 99 20
81 100 11220
82 83 20
82 84 20
82 85 20
82 86 20
82 87 20
82 88 20
82 89 20
82 90 20
82 91 20
82 92 20
82 93 20
82 94 20
82 95 20
82 96 20
82 97 20
82 98 20
82 99 20
82 100 11260
83 84 20
83 85 20
83 86 20
83 87 20
83 88 20
83 89 20
83 90 20
83 91 20
83 92 20
83 93 20
83 94 20
83 95 20
83 96 20
83 97 20
83 98 20
83 99 20
83 100 11300
84 85 20
84 86 20
84 87 20
84 88 20
84 89 20
84 90 20
84 91 20
84 92 20
84 93 20
84 94 20
84 95 20
84 96 20
84 97 20
84 98 20
84 99 20
84 100 11340
85 86 20
85 87 20
85 88 20
85 89 20
85 90 20
85 91 20
85 92 20
85 93 20
85 94 20
85 95 20
85 96 20
85 97 20
85 98 20
85 99 20
85 100 11380
86 87 20
86 88 20
86 89 20
86 90 20
86 91 20
86 92 20
86 93 20
86 94 20
86 95 20
86 96 20
86 97 20
86 98 20
86 99 20
86 100 11420
87 88 20
87 89 20
87 90 20
87 91 20
87 92 20
87 93 20
87 94 20
87 95 20
87 96 20
87 97 20
87 98 20
87 99 20
87 100 11460
88 89 20
88 90 20
88 91 20
88 92 20
88 93 20
88 94 20
88 95 20
88 96 20
88 97 20
88 98 20
88 99 20
88 100 11500
89 90 20
89 91 20
89 92 20
89 93 20
89 94 20
89 95 20
89 96 20
89 97 20
89 98 20
89 99 20
89 100 11540
90 91 20
90 92 20
90 93 20
90 94 20
90 95 20
90 96 20
90 97 20
90 98 20
90 99 20
90 100 11580
91 92 20
91 93 20
91 94 20
91 95 20
91 96 20
91 97 20
91 98 20
91 99 20
91 100 11620
92 93 20
92 94 20
92 95 20
92 96 20
92 97 20
92 98 20
92 99 20
92 100 11660
93 94 20
93 95 20
93 96 20
93 97 20
93 98 20
93 99 20
93 100 11700
94 95 20
94 96 20
94 97 20
94 98 20
94 99 20
94 100 11740
95 96 20
95 97 20
95 98 20
95 99 20
95 100 11780
96 97 20
96 98 20
96 99 20
96 100 11820
97 98 20
97 99 20
97 100 11860
98 99 20
98 100 11900
99 100 11940
100 100 11980
