130 7574 54 55
1 2 6567
1 3 5332
1 5 5961
1 6 9901
1 7 5250
1 8 9030
1 9 6198
1 10 6562
1 11 5519
1 12 6648
1 14 6418
1 15 6909
1 17 8407
1 18 7302
1 19 5535
1 20 5318
1 22 6025
1 23 9941
1 24 6105
1 25 9265
1 26 5915
1 27 6232
1 28 6481
1 30 7461
1 31 9013
1 32 8467
1 33 7814
1 34 9080
1 35 6573
1 36 8212
1 37 8460
1 38 7548
1 39 9334
1 40 5343
1 41 8303
1 42 6242
1 43 5559
1 44 9534
1 46 6701
1 48 5346
1 49 9642
1 50 7726
1 52 9735
1 55 5089
1 56 5446
1 57 9686
1 58 7043
1 60 6745
1 61 7002
1 62 6150
1 63 9730
1 64 5936
1 65 7961
1 66 8100
1 68 6261
1 69 6203
1 70 5199
1 71 5186
1 72 7110
1 73 8544
1 74 6691
1 76 7749
1 77 9642
1 78 6438
1 79 6290
1 80 6975
1 81 6147
1 82 8353
1 83 9150
1 84 7882
1 85 6859
1 86 5714
1 87 6631
1 88 6378
1 89 9137
1 90 8729
1 91 6329
1 92 8471
1 94 8714
1 95 6087
1 96 8318
1 97 9201
1 98 6955
1 99 7893
1 100 9456
1 101 8953
1 102 7398
1 104 7705
1 105 5715
1 106 6534
1 107 6996
1 108 9376
1 109 6440
1 110 8323
1 111 8889
1 112 6664
1 113 8867
1 116 8377
1 117 9676
1 118 9605
1 119 6349
1 120 5980
1 121 7980
1 122 7610
1 124 8721
1 125 5302
1 126 6298
1 128 8659
1 129 7338
2 3 9007
2 4 9994
2 5 9356
2 6 9572
2 7 7835
2 8 7313
2 9 5813
2 10 6149
2 11 5003
2 12 6850
2 13 8048
2 14 5690
2 15 9486
2 16 5886
2 17 9982
2 18 7838
2 19 5290
2 20 6042
2 21 9302
2 22 8680
2 23 9574
2 24 7407
2 25 6673
2 26 8868
2 27 9119
2 28 8595
2 29 9366
2 30 5696
2 32 8765
2 33 9577
2 34 9190
2 35 8690
2 36 6518
2 37 7203
2 38 9431
2 39 5111
2 40 8522
2 41 5464
2 42 7248
2 43 6614
2 44 5771
2 45 8048
2 46 8726
2 47 8890
2 48 5354
2 49 5856
2 50 5018
2 52 8121
2 53 6455
2 54 7011
2 55 7146
2 57 6409
2 58 5398
2 59 8409
2 61 9850
2 62 7159
2 64 6611
2 65 7613
2 66 5086
2 67 8006
2 68 5346
2 69 6902
2 70 8797
2 71 6726
2 72 5636
2 73 5559
2 74 7580
2 76 9028
2 77 8376
2 78 6977
2 79 5283
2 81 7251
2 82 8491
2 83 7297
2 85 5012
2 86 9165
2 87 6209
2 88 7776
2 89 6022
2 91 8405
2 92 8634
2 93 7643
2 94 6996
2 95 6862
2 96 7922
2 97 7074
2 98 9789
2 100 9850
2 101 9684
2 102 7570
2 103 5510
2 104 6640
2 105 5464
2 106 5784
2 107 6453
2 108 9753
2 109 6604
2 110 9380
2 111 9812
2 112 7569
2 113 8796
2 114 6756
2 115 6962
2 116 6488
2 117 9979
2 118 6218
2 119 6915
2 120 6970
2 121 6661
2 122 8022
2 124 9020
2 128 7511
2 129 8890
2 130 8115
3 4 8442
3 5 5446
3 6 7108
3 7 8671
3 8 5500
3 9 6476
3 10 8908
3 11 8782
3 12 6382
3 14 6527
3 15 9582
3 16 7701
3 17 5894
3 18 6809
3 19 9274
3 20 6575
3 21 9095
3 22 5342
3 23 8499
3 24 9540
3 25 7574
3 26 6401
3 27 6526
3 28 8650
3 29 5373
3 30 7855
3 31 6574
3 32 9055
3 33 5569
3 34 5130
3 35 7882
3 36 9168
3 37 7696
3 38 8104
3 39 5893
3 40 9379
3 41 7754
3 42 8258
3 43 8053
3 44 8716
3 45 5509
3 46 7693
3 47 8797
3 48 6756
3 49 6535
3 50 6084
3 52 8407
3 53 5073
3 54 7241
3 55 5218
3 56 6149
3 57 7673
3 58 5488
3 59 9781
3 60 9168
3 61 5751
3 62 5821
3 63 5251
3 64 7944
3 65 6331
3 66 7131
3 67 5224
3 69 8993
3 70 5957
3 71 6530
3 72 8945
3 74 7030
3 75 5942
3 76 7789
3 77 6221
3 78 5611
3 79 8323
3 80 8591
3 81 7803
3 82 7380
3 83 9481
3 84 7325
3 85 9443
3 86 6036
3 87 5511
3 88 9004
3 90 5281
3 92 7294
3 93 7433
3 94 6821
3 95 7349
3 96 8077
3 98 5696
3 99 6150
3 100 5799
3 101 9338
3 102 8664
3 103 9038
3 104 7656
3 105 6764
3 106 6312
3 107 5779
3 108 5859
3 110 7192
3 111 6887
3 112 6163
3 113 6033
3 114 5897
3 117 6706
3 118 5014
3 119 8598
3 122 7042
3 123 9002
3 124 7550
3 125 5487
3 126 9421
3 127 8506
3 128 6204
3 130 5817
4 5 8515
4 6 7182
4 7 8752
4 8 6659
4 9 8236
4 10 7134
4 11 6654
4 12 5616
4 13 5761
4 14 8375
4 15 7409
4 16 9478
4 17 7630
4 18 6835
4 19 8496
4 20 6578
4 21 9404
4 24 6015
4 26 8116
4 27 5511
4 28 6031
4 29 7344
4 30 5652
4 31 8075
4 32 7575
4 33 9777
4 34 9087
4 35 5571
4 36 5822
4 37 8922
4 38 8018
4 39 7203
4 40 7772
4 42 7421
4 43 6319
4 44 7546
4 45 8150
4 46 8654
4 47 9088
4 48 7314
4 49 8036
4 50 8093
4 51 7646
4 52 6050
4 54 5686
4 55 9004
4 57 7727
4 58 7782
4 59 8651
4 60 8738
4 61 6068
4 62 7468
4 63 5716
4 64 5252
4 65 6750
4 66 9126
4 67 5067
4 68 9102
4 69 8175
4 70 5076
4 71 5739
4 72 8256
4 73 6244
4 74 5376
4 75 6851
4 76 7664
4 77 9478
4 78 5521
4 79 9464
4 80 7837
4 81 5917
4 82 9842
4 83 8600
4 84 5925
4 85 5800
4 86 5161
4 87 7136
4 88 9720
4 89 8358
4 90 8544
4 91 9943
4 92 5226
4 93 9921
4 94 9687
4 95 5969
4 96 6628
4 97 6125
4 98 7392
4 99 7180
4 100 9908
4 101 6525
4 102 9074
4 103 6694
4 104 9840
4 105 6687
4 106 8199
4 107 5910
4 108 7343
4 109 8219
4 110 9750
4 111 5206
4 112 8593
4 113 7368
4 114 5858
4 115 9360
4 116 8330
4 117 7703
4 118 8920
4 119 8038
4 120 6635
4 121 8598
4 122 9893
4 123 6639
4 124 8192
4 125 7718
4 126 5669
4 128 9796
4 129 6173
4 130 9037
5 6 6313
5 7 6810
5 9 7596
5 10 6979
5 11 9318
5 12 6911
5 14 7318
5 15 6442
5 16 7289
5 17 8204
5 18 8047
5 19 6884
5 20 7727
5 21 5092
5 22 5435
5 23 5973
5 24 7833
5 25 8803
5 26 8575
5 27 7121
5 29 5732
5 30 9877
5 31 5339
5 32 7580
5 33 8981
5 34 6555
5 35 5438
5 37 5131
5 38 8579
5 40 7412
5 41 6652
5 42 8218
5 43 7580
5 44 8446
5 45 6674
5 46 9723
5 47 6758
5 48 6700
5 49 9655
5 50 5161
5 52 5236
5 53 6389
5 54 5664
5 55 6721
5 56 5285
5 57 8405
5 58 6918
5 60 8045
5 61 7382
5 62 7053
5 63 5460
5 64 7245
5 65 7548
5 66 9685
5 67 7552
5 69 5686
5 70 8054
5 72 6060
5 73 9020
5 74 7998
5 75 7426
5 76 5219
5 77 8515
5 78 9515
5 79 5978
5 80 6614
5 81 6482
5 82 7170
5 84 8149
5 85 7108
5 86 9520
5 87 9870
5 88 5667
5 89 9642
5 90 9182
5 91 5287
5 92 6558
5 93 9618
5 94 7244
5 95 7628
5 96 9555
5 97 6144
5 99 9495
5 100 9026
5 102 6887
5 103 9458
5 104 5557
5 105 7826
5 106 9774
5 107 8589
5 109 8476
5 110 7010
5 111 9363
5 112 7074
5 113 8062
5 114 7839
5 115 8934
5 116 6394
5 117 8394
5 118 9987
5 119 9121
5 120 5600
5 121 6370
5 122 5366
5 123 9848
5 124 8335
5 125 7608
5 126 5468
5 127 8309
5 128 5685
5 129 5950
5 130 9302
6 7 5750
6 8 6076
6 9 8060
6 10 9801
6 11 8884
6 12 8820
6 13 5590
6 14 8341
6 15 9333
6 16 7823
6 17 6355
6 18 9879
6 19 7163
6 20 9396
6 21 7375
6 22 6735
6 23 6819
6 24 7461
6 25 5401
6 26 8082
6 27 9391
6 28 7945
6 29 6542
6 31 8973
6 32 5149
6 33 6326
6 35 8297
6 36 7133
6 38 8877
6 39 7145
6 43 5804
6 44 5090
6 45 9783
6 47 8576
6 48 6966
6 50 8179
6 51 7454
6 52 8127
6 53 8462
6 54 9266
6 55 5339
6 56 6136
6 57 7516
6 58 8557
6 59 7528
6 60 9305
6 61 7933
6 63 7791
6 64 5905
6 65 6668
6 66 7161
6 67 7799
6 68 7892
6 69 7603
6 70 9843
6 71 5738
6 72 7122
6 73 7555
6 74 6089
6 76 8959
6 77 5806
6 78 9804
6 79 7923
6 80 8096
6 81 6657
6 82 5150
6 83 9543
6 84 6871
6 85 7066
6 86 8581
6 89 9235
6 90 7798
6 91 7397
6 92 9408
6 94 7885
6 95 9657
6 96 8595
6 97 5003
6 98 8683
6 99 8859
6 100 8666
6 101 9981
6 102 6562
6 103 5874
6 104 7424
6 105 7725
6 106 6269
6 107 5106
6 108 6701
6 109 6184
6 110 9573
6 111 9748
6 112 6408
6 113 9264
6 114 5299
6 115 9628
6 116 7591
6 117 5228
6 118 5031
6 119 5609
6 120 6131
6 121 5485
6 122 7501
6 123 6169
6 124 5146
6 125 5025
6 126 6850
6 127 8915
6 128 6883
6 129 8331
6 130 9147
7 9 5779
7 10 7920
7 11 9147
7 12 8688
7 13 5468
7 14 9451
7 15 9687
7 16 7589
7 17 7242
7 18 7278
7 19 8954
7 20 8760
7 21 5189
7 22 8206
7 23 6014
7 24 8391
7 27 9035
7 29 6096
7 30 7602
7 31 7978
7 32 5087
7 33 7935
7 35 5468
7 36 6235
7 37 6631
7 38 9629
7 40 6014
7 41 7785
7 42 7819
7 43 7268
7 44 8788
7 45 7330
7 46 7179
7 47 9019
7 49 5064
7 50 7208
7 51 8961
7 52 5430
7 53 5097
7 54 7067
7 55 7352
7 56 6619
7 57 8885
7 58 8181
7 59 5841
7 60 9245
7 62 5510
7 63 5976
7 64 6420
7 65 5603
7 66 8543
7 67 5592
7 69 6170
7 70 8570
7 71 8357
7 72 5554
7 73 8271
7 74 9041
7 76 7138
7 77 7895
7 78 6991
7 79 7145
7 80 9799
7 81 8781
7 82 7620
7 83 7501
7 84 5187
7 85 6679
7 86 6434
7 87 5976
7 88 6293
7 89 7758
7 90 7010
7 92 8332
7 93 5734
7 94 9992
7 95 6183
7 96 5245
7 97 6809
7 99 9888
7 100 6452
7 101 6049
7 102 5628
7 103 7268
7 104 7268
7 105 5190
7 106 8351
7 107 8094
7 108 6397
7 111 6203
7 112 7292
7 113 7381
7 114 7457
7 115 8080
7 116 9279
7 117 8629
7 118 6955
7 119 5715
7 120 9067
7 121 5773
7 123 7712
7 127 7885
7 129 5325
7 130 8911
8 9 5523
8 10 7007
8 11 9823
8 12 7336
8 13 8809
8 14 9673
8 15 9910
8 16 8682
8 17 8834
8 18 5289
8 19 9013
8 20 9614
8 21 6656
8 22 5064
8 23 5209
8 24 6143
8 25 6733
8 26 5747
8 28 7285
8 29 7828
8 32 8530
8 33 6889
8 35 5505
8 36 8690
8 37 5119
8 38 8505
8 39 6118
8 40 6284
8 41 7094
8 42 8587
8 44 8813
8 45 9859
8 46 8488
8 47 7715
8 48 5663
8 49 9584
8 50 5359
8 51 5891
8 52 7377
8 53 6145
8 54 6837
8 55 6787
8 56 8582
8 57 8243
8 58 7135
8 59 9745
8 60 9260
8 61 5621
8 62 8147
8 63 7877
8 64 5996
8 65 8681
8 66 5272
8 67 7477
8 68 7726
8 69 5991
8 70 5220
8 71 5674
8 73 6892
8 74 6065
8 75 5755
8 76 6309
8 77 8244
8 79 5119
8 80 9402
8 81 8475
8 82 7430
8 84 8115
8 85 6939
8 86 7495
8 87 5928
8 89 7455
8 90 9366
8 91 5800
8 92 6934
8 93 8712
8 94 6087
8 95 9566
8 96 8803
8 97 9881
8 98 5132
8 99 9791
8 100 8392
8 101 8263
8 102 5491
8 103 7155
8 104 6061
8 105 6323
8 106 7782
8 107 8573
8 108 5240
8 109 8217
8 110 6492
8 111 5573
8 112 7447
8 113 5108
8 114 8230
8 115 5380
8 116 7175
8 117 5327
8 118 9394
8 119 8650
8 120 6177
8 121 8509
8 122 7620
8 123 5979
8 124 8767
8 126 9638
8 127 5688
8 128 7595
8 129 9669
8 130 6427
9 10 6451
9 12 9089
9 13 8516
9 14 6237
9 15 5327
9 16 7456
9 17 7911
9 19 9933
9 20 6470
9 21 6967
9 22 9824
9 24 6696
9 25 7648
9 29 7571
9 31 7701
9 32 7486
9 33 7699
9 34 8689
9 35 8660
9 36 7695
9 37 9734
9 39 7159
9 40 7943
9 41 7286
9 42 7359
9 43 9407
9 44 5249
9 46 7283
9 47 6345
9 48 7123
9 49 5629
9 50 5156
9 51 8130
9 52 5788
9 53 8070
9 54 5340
9 55 6867
9 56 9756
9 57 7365
9 58 5567
9 59 5907
9 60 7587
9 61 6249
9 62 9666
9 64 8695
9 65 7073
9 66 7343
9 67 5340
9 69 8689
9 70 6908
9 71 6254
9 73 7514
9 74 7006
9 75 5876
9 76 8374
9 77 7733
9 78 5832
9 79 5563
9 80 7377
9 81 7408
9 82 5885
9 83 5951
9 84 5329
9 85 7854
9 86 5354
9 87 5604
9 89 7484
9 90 6460
9 91 7295
9 92 9313
9 94 8296
9 95 6059
9 97 7860
9 98 5296
9 99 8909
9 100 6126
9 101 9572
9 102 5422
9 103 9455
9 104 8357
9 105 8571
9 106 5985
9 107 5114
9 108 9190
9 109 8721
9 110 6824
9 111 6765
9 112 5187
9 114 7309
9 116 6788
9 117 8440
9 118 8954
9 119 7277
9 120 7504
9 121 6999
9 122 9262
9 123 9493
9 124 7861
9 125 9701
9 126 5168
9 127 6318
9 128 8995
9 129 7555
9 130 5483
10 11 9955
10 13 8085
10 17 7363
10 18 7230
10 19 6168
10 20 9998
10 22 7119
10 23 9360
10 24 6371
10 25 9166
10 26 6904
10 27 9605
10 29 7976
10 30 9690
10 31 6019
10 32 6378
10 33 6673
10 34 5254
10 35 6736
10 36 8488
10 37 8011
10 38 7141
10 39 7816
10 40 9374
10 41 8493
10 42 7342
10 43 6738
10 44 5621
10 45 6751
10 46 8981
10 48 8430
10 49 9748
10 50 9764
10 51 8551
10 52 7042
10 53 5804
10 54 9399
10 55 7489
10 56 8355
10 57 9523
10 58 6695
10 59 7964
10 60 9825
10 61 6102
10 62 8876
10 64 8322
10 65 6728
10 66 6013
10 67 5590
10 68 8530
10 69 9525
10 70 7294
10 71 8293
10 72 6028
10 73 5259
10 74 9958
10 75 5566
10 76 6225
10 77 5443
10 80 7950
10 81 6101
10 82 8834
10 83 6572
10 84 5555
10 85 8585
10 86 9937
10 87 7131
10 88 5112
10 89 7231
10 90 8526
10 91 5754
10 92 5893
10 93 7097
10 94 8034
10 95 7356
10 96 5484
10 97 9307
10 98 8801
10 99 9623
10 100 5061
10 102 7984
10 103 6414
10 104 9206
10 105 7348
10 106 5162
10 107 6582
10 108 5650
10 109 5811
10 110 8533
10 111 6490
10 112 7280
10 113 5608
10 114 6035
10 115 8433
10 116 6541
10 117 7662
10 118 9925
10 119 9872
10 120 8491
10 121 7900
10 122 8007
10 123 8712
10 124 9928
10 125 7349
10 127 5400
10 128 7149
10 129 5540
10 130 5965
11 12 8293
11 14 9695
11 16 8952
11 17 9832
11 18 5482
11 19 5641
11 20 7423
11 21 9069
11 22 8529
11 23 6875
11 24 7132
11 25 8559
11 27 6229
11 28 8074
11 30 7378
11 31 9738
11 32 5423
11 33 5608
11 34 7399
11 35 5396
11 36 8468
11 37 9332
11 38 5044
11 39 9682
11 40 6753
11 41 9757
11 42 7977
11 43 6844
11 44 7163
11 45 6136
11 46 9516
11 47 6178
11 48 7753
11 49 7893
11 50 6822
11 51 9940
11 52 8414
11 53 9167
11 54 7963
11 55 9434
11 56 9249
11 57 7055
11 58 5534
11 59 7726
11 60 6125
11 61 7113
11 62 7443
11 64 7296
11 65 5262
11 66 9362
11 67 7932
11 68 6617
11 69 8912
11 70 8395
11 71 6693
11 72 7002
11 73 5782
11 74 8165
11 75 7260
11 76 6534
11 77 6383
11 78 6524
11 79 8196
11 80 7513
11 81 6054
11 82 9935
11 83 7240
11 84 8502
11 85 8418
11 86 6177
11 87 6818
11 88 9834
11 89 5252
11 90 9899
11 91 9885
11 92 9382
11 94 8954
11 95 7967
11 96 8220
11 98 8765
11 99 8430
11 100 7696
11 101 9268
11 102 9285
11 103 8100
11 104 9933
11 105 7044
11 106 7518
11 107 7151
11 108 9142
11 109 6963
11 110 9975
11 111 5652
11 112 8828
11 113 7431
11 114 6843
11 115 8249
11 116 9139
11 117 6001
11 118 9368
11 119 5716
11 120 8533
11 121 6584
11 122 8034
11 123 8354
11 124 6766
11 126 6032
11 127 9853
11 128 9223
11 129 8937
11 130 5145
12 13 5580
12 14 9781
12 15 7066
12 16 7311
12 17 8044
12 18 5029
12 19 6985
12 20 6362
12 22 7541
12 23 5517
12 24 6784
12 25 6897
12 26 6888
12 27 5425
12 28 9677
12 29 9306
12 31 6684
12 32 8306
12 33 8345
12 34 8021
12 35 5417
12 36 5669
12 37 5805
12 39 8271
12 40 6948
12 41 8369
12 42 9025
12 43 9879
12 45 8916
12 46 9696
12 47 5406
12 48 6834
12 49 7911
12 50 5794
12 51 8292
12 52 8214
12 53 9137
12 54 6065
12 55 5476
12 56 9831
12 57 7660
12 58 5449
12 59 8538
12 60 9258
12 61 8846
12 62 9688
12 63 7789
12 64 7007
12 66 6760
12 67 6212
12 68 6934
12 69 6846
12 70 8404
12 71 8850
12 72 9815
12 73 6409
12 74 7455
12 75 5470
12 76 7306
12 78 5691
12 79 6046
12 80 7216
12 81 7179
12 82 9769
12 83 9331
12 84 5677
12 85 7083
12 86 5750
12 87 7167
12 88 8677
12 89 7537
12 91 6292
12 92 7972
12 93 6468
12 94 8392
12 96 7738
12 97 9264
12 98 6062
12 99 8966
12 100 5684
12 101 6863
12 102 8555
12 103 7495
12 104 5409
12 105 6810
12 106 6122
12 107 8203
12 108 9100
12 109 7435
12 110 9336
12 111 5952
12 113 6377
12 114 8987
12 115 5381
12 116 5466
12 117 8584
12 118 5233
12 121 6789
12 122 6692
12 123 8368
12 124 6009
12 125 7826
12 126 8668
12 127 8709
12 128 6968
12 129 8856
12 130 6635
13 14 8863
13 15 9261
13 16 9248
13 17 9256
13 18 5809
13 19 6232
13 20 5209
13 21 7140
13 23 8981
13 24 5916
13 25 6558
13 28 6325
13 29 7234
13 30 9329
13 31 7641
13 32 5727
13 33 6780
13 34 6645
13 35 8219
13 36 5815
13 37 5271
13 38 6833
13 39 7642
13 41 5610
13 42 5752
13 43 5783
13 44 9154
13 45 8695
13 46 9199
13 47 9843
13 48 6639
13 49 5951
13 50 7893
13 51 8705
13 52 7073
13 53 8250
13 54 8648
13 55 7109
13 56 6833
13 57 9101
13 58 7697
13 59 5628
13 61 5717
13 62 8458
13 63 8741
13 64 7951
13 65 5801
13 66 6637
13 67 8380
13 68 6088
13 69 5261
13 70 5596
13 71 6069
13 72 8295
13 73 7618
13 74 8984
13 75 5338
13 76 6783
13 77 9700
13 78 6542
13 79 7387
13 80 8289
13 81 8141
13 83 6393
13 84 5213
13 85 6766
13 86 8291
13 87 7383
13 88 5463
13 89 9427
13 90 6235
13 91 7776
13 93 6637
13 94 7248
13 95 7694
13 96 5448
13 98 7542
13 99 5857
13 100 7480
13 101 6952
13 102 7671
13 103 8907
13 104 5310
13 105 5580
13 106 6986
13 107 8949
13 108 6398
13 109 6508
13 110 6601
13 111 5703
13 112 7949
13 113 7249
13 114 5596
13 115 6798
13 116 5462
13 117 7955
13 118 9702
13 119 6130
13 120 8326
13 121 8428
13 122 9800
13 123 7927
13 124 7199
13 125 8699
13 126 5493
13 127 9375
13 129 8035
13 130 5352
14 16 7422
14 17 5133
14 18 5055
14 19 5730
14 20 9509
14 21 9857
14 22 5670
14 23 7086
14 24 5801
14 25 5965
14 26 6662
14 27 7498
14 28 5961
14 29 5605
14 30 7088
14 31 8072
14 32 9491
14 33 7195
14 34 7492
14 35 5923
14 36 7391
14 37 7006
14 38 8611
14 39 5890
14 40 7385
14 41 7158
14 42 9726
14 43 7505
14 44 6548
14 47 6717
14 48 8823
14 49 5250
14 50 7106
14 51 6377
14 52 6049
14 53 9141
14 54 8861
14 55 8195
14 56 6093
14 57 5130
14 58 8924
14 59 9090
14 60 7696
14 61 6553
14 62 5437
14 63 8393
14 64 5569
14 65 5206
14 66 9537
14 67 7998
14 68 5244
14 69 9618
14 70 9262
14 71 5005
14 72 8712
14 73 8666
14 74 6926
14 75 5595
14 76 8089
14 77 8575
14 78 7910
14 79 6403
14 80 8822
14 81 6956
14 82 5072
14 83 5516
14 84 7708
14 85 5236
14 86 5193
14 88 5078
14 89 7664
14 90 7679
14 91 9232
14 92 7737
14 93 9937
14 94 7827
14 95 7179
14 96 7953
14 97 7086
14 98 9575
14 99 6016
14 100 6963
14 101 6755
14 102 6931
14 103 7952
14 104 5711
14 105 6704
14 106 7952
14 108 5426
14 109 5309
14 110 9640
14 111 6378
14 112 7851
14 113 8826
14 115 8788
14 116 9726
14 118 5100
14 119 7145
14 120 7037
14 121 5218
14 122 5658
14 124 6002
14 126 9705
14 127 6865
14 128 7843
14 129 8205
14 130 6369
15 16 9064
15 17 7462
15 19 6644
15 20 8651
15 21 6579
15 22 6424
15 23 8852
15 24 9707
15 25 5289
15 26 6694
15 27 5802
15 28 9361
15 29 5167
15 30 7748
15 31 5589
15 32 9543
15 33 6893
15 34 8973
15 35 7081
15 36 8120
15 37 7800
15 38 9598
15 39 8068
15 40 6381
15 41 5266
15 42 5659
15 44 7203
15 46 7192
15 47 7344
15 48 6946
15 49 7357
15 50 5818
15 51 5137
15 52 6470
15 53 9324
15 54 7471
15 55 7675
15 56 7887
15 59 8494
15 60 8849
15 61 6710
15 62 9099
15 63 7654
15 64 5464
15 65 6284
15 67 5053
15 68 5392
15 69 5346
15 70 5981
15 71 5943
15 72 9517
15 73 9151
15 74 6978
15 75 8184
15 76 6790
15 77 6244
15 78 7296
15 79 5763
15 80 6710
15 81 8871
15 83 5092
15 84 9017
15 85 6290
15 86 7824
15 87 6454
15 89 8662
15 90 7688
15 93 9387
15 95 9481
15 96 6546
15 97 9213
15 98 9807
15 99 7785
15 101 8513
15 102 5654
15 103 5740
15 104 8552
15 105 5610
15 106 7867
15 107 9532
15 108 7708
15 109 5233
15 110 9141
15 111 6071
15 112 6252
15 113 9216
15 115 9067
15 116 9563
15 117 8694
15 118 8645
15 119 9636
15 120 6056
15 121 7721
15 122 8362
15 123 6936
15 125 9137
15 126 9213
15 127 9014
15 128 9811
15 129 9919
15 130 6110
16 17 8041
16 19 7248
16 20 8135
16 21 7712
16 22 7939
16 23 8855
16 24 8261
16 25 7957
16 26 6642
16 27 6306
16 28 5830
16 29 8969
16 30 5987
16 31 9963
16 32 7108
16 33 8119
16 34 5314
16 35 5832
16 36 6631
16 37 8327
16 38 8609
16 40 8823
16 41 6253
16 42 8140
16 43 5721
16 44 9875
16 45 7500
16 46 9462
16 47 6577
16 48 8344
16 49 5905
16 51 5052
16 53 9763
16 54 6430
16 55 7611
16 56 6493
16 57 8486
16 58 9826
16 60 7401
16 61 8987
16 62 5546
16 63 9714
16 64 8247
16 65 6440
16 66 5998
16 67 9800
16 69 7350
16 70 7619
16 71 8053
16 72 9823
16 73 6658
16 74 7502
16 75 7087
16 76 8754
16 77 7008
16 78 7661
16 79 5565
16 80 5898
16 81 9093
16 82 5769
16 84 6653
16 85 9536
16 86 9125
16 87 7248
16 88 8431
16 89 9188
16 90 9704
16 91 6868
16 92 8273
16 93 9323
16 94 9738
16 95 7974
16 96 9756
16 97 8534
16 98 6379
16 100 8115
16 101 8297
16 102 6880
16 103 9981
16 105 9695
16 106 5142
16 108 5253
16 109 7836
16 110 9125
16 112 9040
16 113 7074
16 114 9370
16 115 5725
16 116 5070
16 117 5297
16 118 5652
16 119 6471
16 120 5763
16 121 8771
16 122 6876
16 123 7550
16 124 9441
16 125 9195
16 126 6845
16 127 9545
16 128 5189
16 130 9438
17 18 6308
17 19 6545
17 20 6321
17 21 8675
17 22 8229
17 23 5944
17 24 5799
17 26 6693
17 27 8189
17 28 6013
17 29 8814
17 30 6821
17 31 5545
17 32 8746
17 33 9433
17 34 9174
17 35 8566
17 36 7129
17 37 9793
17 38 7333
17 39 5593
17 40 7991
17 41 6845
17 42 9715
17 43 9267
17 44 8447
17 45 5793
17 46 9426
17 47 7746
17 48 8894
17 49 7083
17 50 7197
17 51 6934
17 52 5512
17 53 5574
17 54 9421
17 55 7661
17 56 5914
17 57 5723
17 58 6517
17 59 5031
17 61 5509
17 62 6628
17 63 8536
17 64 8987
17 65 8363
17 66 7054
17 67 8750
17 68 9160
17 69 9366
17 70 5578
17 71 7676
17 72 6603
17 73 6771
17 74 5482
17 75 9432
17 77 5034
17 78 9949
17 79 6681
17 80 6062
17 81 6948
17 82 7204
17 84 8661
17 85 8143
17 86 6157
17 87 8474
17 88 7523
17 90 8169
17 91 7528
17 92 5861
17 93 7989
17 94 8843
17 95 7872
17 96 5882
17 97 7521
17 99 5246
17 100 6472
17 101 6443
17 102 6309
17 103 9800
17 104 6288
17 106 7870
17 107 5742
17 108 5151
17 109 6116
17 110 7358
17 111 5594
17 112 9106
17 113 7353
17 114 6941
17 115 5136
17 116 9149
17 117 5842
17 118 8139
17 119 7874
17 120 8051
17 121 8564
17 122 8374
17 123 5574
17 124 5764
17 125 8343
17 126 5230
17 127 7166
17 128 7939
17 129 5534
17 130 5218
18 20 6593
18 21 9556
18 22 6276
18 23 7793
18 24 7739
18 25 6104
18 26 6078
18 27 5745
18 28 5569
18 30 6910
18 31 5069
18 32 7903
18 33 8781
18 34 9874
18 35 9751
18 36 7856
18 37 8140
18 38 6331
18 39 5626
18 40 5118
18 41 7144
18 42 5037
18 43 7619
18 45 7762
18 46 9816
18 47 7041
18 48 5998
18 49 9302
18 50 8148
18 51 5364
18 52 6494
18 53 8468
18 54 6147
18 55 5650
18 56 8515
18 57 7141
18 58 6914
18 59 9525
18 60 8261
18 61 5672
18 62 7685
18 63 8910
18 64 8297
18 65 6302
18 66 6361
18 67 9392
18 68 6225
18 69 9525
18 70 6610
18 71 7339
18 72 7895
18 73 9005
18 74 8214
18 75 9322
18 76 8117
18 78 6179
18 79 5798
18 80 9386
18 81 9699
18 82 9857
18 83 5522
18 84 6381
18 86 6711
18 87 7468
18 88 6651
18 89 5299
18 90 7816
18 91 6991
18 93 9779
18 94 7711
18 95 8013
18 96 6430
18 97 9308
18 98 8562
18 99 5298
18 100 7895
18 101 5646
18 102 7577
18 103 7138
18 104 7016
18 105 7187
18 106 7168
18 107 7425
18 108 6212
18 109 9599
18 111 5705
18 112 5274
18 113 5734
18 114 8409
18 115 6920
18 116 5923
18 117 6978
18 118 7386
18 119 6851
18 120 6127
18 121 8377
18 122 8585
18 123 5420
18 124 8758
18 125 5456
18 126 6936
18 127 5720
18 128 5210
18 129 8111
18 130 5979
19 20 9672
19 22 8340
19 23 5546
19 24 6994
19 25 7279
19 26 9868
19 27 5788
19 28 9332
19 29 5300
19 30 9049
19 31 5110
19 32 7541
19 33 5726
19 34 5666
19 35 8915
19 36 6790
19 37 8763
19 38 7292
19 39 8926
19 40 9677
19 41 6089
19 42 7527
19 43 6273
19 45 5295
19 46 9951
19 47 5989
19 48 6687
19 50 8280
19 51 5172
19 52 9832
19 53 5290
19 54 9107
19 55 9450
19 57 6181
19 58 6100
19 59 8403
19 60 7903
19 61 9639
19 62 7511
19 63 9406
19 64 7432
19 65 7561
19 66 9753
19 67 8998
19 68 6909
19 69 6470
19 70 8835
19 71 7210
19 72 8928
19 73 7399
19 74 7475
19 75 8972
19 76 7129
19 77 5041
19 78 8099
19 79 7994
19 80 6469
19 81 9748
19 82 8240
19 83 7064
19 85 7263
19 86 6514
19 87 6995
19 88 8273
19 89 5557
19 91 8108
19 92 7863
19 93 7339
19 94 7409
19 95 7067
19 96 6011
19 98 6198
19 99 8640
19 100 7095
19 101 8035
19 102 5232
19 103 6181
19 104 9803
19 105 9546
19 106 5115
19 107 6763
19 108 5377
19 109 8508
19 110 8016
19 111 8115
19 112 9790
19 114 6346
19 115 7223
19 116 8008
19 117 6982
19 118 8302
19 119 6552
19 120 6390
19 121 7143
19 122 5828
19 123 6189
19 124 7125
19 125 6206
19 126 8540
19 127 9522
19 128 6791
19 129 5249
19 130 6009
20 21 5232
20 22 6986
20 23 5779
20 24 5836
20 25 6467
20 26 9047
20 27 7650
20 28 7871
20 29 8669
20 30 7956
20 31 7242
20 32 9947
20 33 8633
20 34 5875
20 35 5799
20 36 8682
20 37 6065
20 38 5849
20 40 6345
20 41 8262
20 42 9633
20 43 6712
20 44 9795
20 45 7004
20 46 6640
20 47 6998
20 48 8162
20 49 8345
20 50 9851
20 51 9512
20 52 5313
20 53 8755
20 54 5320
20 55 9045
20 56 5225
20 57 9755
20 58 8922
20 59 9815
20 60 5990
20 61 5518
20 62 8590
20 63 9382
20 64 5823
20 65 8717
20 66 9806
20 67 5358
20 68 8570
20 69 5781
20 70 6033
20 71 7508
20 72 5757
20 73 5935
20 74 5696
20 75 9270
20 76 9670
20 77 6256
20 78 9203
20 79 5896
20 80 8060
20 81 8995
20 82 6882
20 83 8007
20 84 7644
20 85 5355
20 86 8572
20 87 7394
20 88 9238
20 89 7617
20 90 9844
20 91 5452
20 92 7213
20 93 8972
20 94 5311
20 95 8252
20 97 9333
20 98 9579
20 99 9980
20 100 8886
20 101 6521
20 102 8023
20 103 8395
20 104 6231
20 105 7634
20 106 7814
20 107 9261
20 108 8265
20 109 9604
20 110 6327
20 111 9896
20 112 5609
20 113 6103
20 114 5152
20 115 9517
20 116 9795
20 118 7813
20 119 6710
20 120 7031
20 121 9556
20 122 6667
20 123 9987
20 124 8408
20 125 5326
20 126 5165
20 127 7053
20 128 6864
20 129 7327
20 130 7022
21 22 7838
21 23 6651
21 24 5411
21 25 8450
21 26 6987
21 27 7918
21 28 5010
21 29 7114
21 30 5399
21 31 7070
21 32 7976
21 33 5667
21 35 6465
21 36 6409
21 37 6353
21 38 5953
21 39 8842
21 40 9211
21 41 6591
21 42 7896
21 43 7631
21 44 5984
21 45 6342
21 46 9209
21 47 7682
21 49 6416
21 51 7987
21 52 9041
21 53 5296
21 54 6097
21 55 6397
21 56 6110
21 57 5661
21 58 6104
21 59 9990
21 60 7959
21 61 8664
21 62 6431
21 63 6659
21 64 7908
21 65 7286
21 66 6154
21 67 5221
21 68 7035
21 69 6787
21 70 9095
21 71 6489
21 72 6951
21 73 9429
21 74 7179
21 75 9510
21 76 6493
21 77 8926
21 78 6181
21 79 6906
21 80 7693
21 82 5723
21 83 6858
21 84 8514
21 85 8816
21 86 7571
21 87 6580
21 88 5491
21 89 8277
21 90 9217
21 91 6388
21 92 7811
21 94 7444
21 95 9181
21 96 5092
21 97 6239
21 99 6862
21 100 5747
21 101 8306
21 102 7040
21 103 8035
21 104 6385
21 105 6986
21 106 5957
21 107 7558
21 108 9848
21 109 7937
21 110 6825
21 112 5696
21 113 5689
21 114 8033
21 116 6568
21 117 7789
21 118 9800
21 119 6442
21 120 9052
21 121 7160
21 122 7634
21 123 8953
21 124 9085
21 125 5786
21 126 9106
21 127 5827
21 128 5245
21 129 9715
22 23 6243
22 24 7452
22 25 7712
22 26 7604
22 27 7600
22 28 8094
22 29 6344
22 30 9370
22 31 6834
22 32 7816
22 33 9263
22 34 7156
22 35 7113
22 36 7683
22 37 7343
22 38 6055
22 39 7717
22 40 6990
22 41 8787
22 42 5250
22 43 5804
22 44 6437
22 45 5306
22 46 5476
22 47 7623
22 48 6470
22 50 6859
22 51 5935
22 52 9753
22 53 8569
22 54 9503
22 55 9131
22 56 8918
22 57 7266
22 58 7064
22 59 9737
22 60 9875
22 61 8766
22 62 6183
22 64 5457
22 65 9760
22 66 5192
22 67 5933
22 68 5352
22 69 9136
22 70 9427
22 71 9346
22 72 5537
22 73 8750
22 74 5087
22 76 5685
22 77 7749
22 78 8064
22 79 5394
22 80 8870
22 81 7910
22 82 7371
22 83 9343
22 84 8065
22 85 6926
22 86 5390
22 87 9582
22 88 7504
22 90 9938
22 91 7632
22 93 5680
22 94 8744
22 95 8938
22 96 6800
22 97 6685
22 99 8363
22 101 9225
22 103 9966
22 104 6016
22 105 9403
22 106 7756
22 107 7741
22 108 7247
22 109 9167
22 110 6265
22 111 6225
22 112 7820
22 113 9759
22 114 5077
22 115 8324
22 116 9868
22 117 8649
22 118 9209
22 119 7299
22 122 5620
22 123 5123
22 124 7336
22 125 5645
22 126 7930
22 127 5914
22 128 7672
22 129 6064
22 130 5733
23 24 7476
23 25 6981
23 26 5088
23 27 5334
23 28 7952
23 29 7390
23 30 6834
23 31 7807
23 32 5397
23 33 5890
23 34 5275
23 35 7763
23 36 9969
23 37 7089
23 38 6262
23 39 5065
23 40 5770
23 41 5667
23 42 7026
23 44 6018
23 45 6901
23 46 6821
23 47 7604
23 48 7439
23 50 6997
23 51 8690
23 52 8105
23 53 6470
23 54 6699
23 55 5263
23 56 5772
23 57 5009
23 58 6732
23 59 7784
23 61 6751
23 62 5044
23 63 6419
23 64 5138
23 66 7227
23 67 6231
23 68 7545
23 71 6712
23 72 6248
23 73 7323
23 75 6845
23 76 8528
23 77 9001
23 78 6697
23 79 8832
23 80 7295
23 81 7560
23 82 6925
23 83 7088
23 85 5082
23 86 8673
23 87 5003
23 88 7480
23 91 8569
23 92 5752
23 93 7164
23 94 6579
23 95 7378
23 96 9526
23 97 7053
23 98 5629
23 99 5181
23 100 6109
23 101 9592
23 102 5324
23 103 9082
23 104 6832
23 105 7117
23 106 7000
23 107 8074
23 108 6288
23 109 7529
23 110 5609
23 113 7688
23 114 7540
23 115 7893
23 116 5846
23 117 5536
23 118 7164
23 119 6879
23 120 7115
23 121 8018
23 122 7224
23 124 8963
23 125 9612
23 126 8121
23 127 6191
23 128 8734
23 129 9211
24 25 6277
24 26 5692
24 27 6118
24 28 8998
24 29 7451
24 30 6650
24 32 6915
24 33 9094
24 34 6087
24 35 6950
24 36 7272
24 37 7184
24 38 7018
24 39 8039
24 41 9552
24 42 9167
24 43 9169
24 44 7516
24 45 6471
24 46 7518
24 48 8124
24 49 6315
24 50 5452
24 51 6620
24 52 6036
24 53 6149
24 54 5289
24 55 8349
24 56 9068
24 57 7317
24 58 7264
24 59 5309
24 60 9844
24 61 8210
24 62 9250
24 63 6255
24 64 9574
24 65 9225
24 66 9011
24 67 6272
24 68 9739
24 69 5466
24 70 6662
24 71 8962
24 72 9333
24 73 8322
24 74 8846
24 75 7412
24 76 8667
24 77 9215
24 78 6622
24 79 7871
24 80 8648
24 81 7678
24 82 6139
24 83 8379
24 84 8932
24 85 6600
24 86 7029
24 87 7864
24 88 6465
24 89 5184
24 90 6730
24 91 7966
24 92 6296
24 93 6855
24 94 8762
24 95 5861
24 96 7770
24 97 6481
24 98 5868
24 99 8205
24 100 9607
24 101 7630
24 102 6391
24 103 7688
24 104 5450
24 105 7986
24 106 6234
24 108 8514
24 110 6941
24 111 6733
24 112 7168
24 113 7787
24 114 9291
24 116 7158
24 117 5168
24 118 8720
24 119 8297
24 120 7367
24 121 7690
24 122 9775
24 123 5071
24 124 9506
24 125 8942
24 126 7366
24 127 8562
24 128 7658
24 129 9755
25 26 9770
25 27 9455
25 28 6176
25 30 5989
25 31 8522
25 32 6321
25 33 7528
25 34 9287
25 35 5042
25 36 9357
25 37 6679
25 38 8363
25 39 9718
25 40 5034
25 41 9670
25 42 9295
25 43 7792
25 44 8215
25 45 5316
25 46 9109
25 47 7394
25 48 8898
25 49 7171
25 50 7740
25 51 6726
25 52 9522
25 53 5846
25 54 9711
25 55 5444
25 56 9238
25 57 9898
25 58 7589
25 59 6200
25 60 5564
25 62 6612
25 64 6353
25 65 8458
25 66 9937
25 67 9166
25 68 8867
25 70 7248
25 71 9287
25 72 7188
25 73 5667
25 74 7834
25 75 5287
25 76 6767
25 77 8323
25 78 9023
25 79 9848
25 80 7480
25 81 7227
25 82 5033
25 83 5189
25 84 5354
25 85 6146
25 87 5407
25 88 8555
25 89 8794
25 90 8032
25 91 9448
25 92 8179
25 93 7262
25 94 9175
25 95 6379
25 96 7212
25 97 5076
25 98 7090
25 99 9201
25 100 6334
25 101 6512
25 103 5271
25 104 7692
25 106 5090
25 107 8438
25 108 7276
25 109 7634
25 110 5429
25 111 7188
25 112 7703
25 113 5574
25 114 9113
25 115 5234
25 116 5652
25 117 9413
25 118 5897
25 121 7137
25 122 6026
25 123 8301
25 124 6769
25 125 6887
25 126 6419
25 127 7617
25 128 5192
25 129 6716
25 130 7211
26 27 8476
26 28 6272
26 29 7362
26 30 9601
26 33 7996
26 34 7727
26 35 7343
26 36 8995
26 38 7433
26 39 5231
26 40 5217
26 41 9341
26 42 7828
26 43 9105
26 45 6534
26 46 8687
26 47 6501
26 48 9665
26 49 7308
26 50 8234
26 51 7466
26 52 5634
26 53 7804
26 54 9023
26 56 8215
26 57 6939
26 58 8966
26 59 5048
26 60 6718
26 61 9282
26 62 9166
26 63 7683
26 64 8008
26 65 8205
26 66 9946
26 67 5948
26 68 8773
26 69 5996
26 70 7548
26 71 5876
26 72 8598
26 73 9508
26 75 7459
26 76 6914
26 77 7320
26 78 7528
26 79 5610
26 80 5294
26 81 8607
26 82 5764
26 83 7780
26 84 6444
26 85 9509
26 86 6455
26 87 5292
26 88 7430
26 89 7242
26 90 6227
26 91 6092
26 92 9248
26 93 5183
26 94 5824
26 95 9431
26 96 9293
26 97 9525
26 98 7074
26 99 5103
26 100 6754
26 101 9028
26 103 7141
26 104 6477
26 105 7229
26 106 5576
26 107 7357
26 108 7950
26 109 9408
26 110 8199
26 111 7386
26 112 5049
26 114 7703
26 115 8905
26 116 6564
26 117 9966
26 118 6162
26 120 5520
26 121 5901
26 122 5796
26 123 5971
26 124 8633
26 125 5575
26 126 5308
26 127 5633
26 128 5019
26 129 7674
26 130 8401
27 28 6822
27 29 8139
27 30 6806
27 31 5762
27 32 8808
27 33 5754
27 34 6162
27 35 8563
27 36 7701
27 37 6142
27 39 5030
27 40 6907
27 41 5681
27 42 5244
27 43 7866
27 44 9265
27 46 8723
27 47 7332
27 48 6892
27 49 6926
27 50 7091
27 51 9733
27 52 9873
27 54 9221
27 55 7633
27 57 7657
27 58 5927
27 59 6390
27 60 5810
27 61 6072
27 62 7872
27 63 5936
27 64 7342
27 65 7859
27 66 7800
27 67 7514
27 68 5477
27 69 5887
27 70 6547
27 71 7938
27 72 9053
27 73 6211
27 74 9330
27 75 6096
27 76 6280
27 77 6169
27 78 8168
27 79 5218
27 80 9412
27 81 5105
27 84 8209
27 85 6419
27 86 8422
27 87 5984
27 88 8105
27 89 7155
27 90 9798
27 92 8593
27 93 6685
27 94 8107
27 95 5495
27 96 9202
27 97 8171
27 98 7678
27 99 7041
27 101 7398
27 102 5814
27 103 8876
27 104 8627
27 105 8497
27 106 6369
27 107 8388
27 108 9161
27 109 5148
27 110 8223
27 111 6927
27 112 8208
27 113 5428
27 114 6456
27 115 8181
27 117 7509
27 118 8863
27 119 7494
27 120 8498
27 121 7721
27 122 9720
27 123 7546
27 124 6899
27 125 7283
27 126 6488
27 127 6685
27 129 9064
27 130 6452
28 29 7384
28 30 6956
28 31 7539
28 32 6764
28 33 9947
28 34 5815
28 35 6836
28 36 8884
28 37 5265
28 39 9313
28 40 7962
28 42 9188
28 43 8740
28 44 7690
28 46 6299
28 47 6841
28 48 5573
28 49 8517
28 50 9291
28 51 8926
28 52 9362
28 53 6729
28 54 5948
28 55 6013
28 56 8578
28 57 7136
28 58 8538
28 59 5584
28 60 9578
28 61 7276
28 63 6112
28 64 6436
28 65 9983
28 66 6126
28 67 7038
28 68 9146
28 69 5454
28 70 9850
28 71 8759
28 72 6859
28 73 9420
28 74 7382
28 75 6046
28 76 9529
28 77 8604
28 78 6162
28 79 9202
28 80 8036
28 81 5703
28 82 5837
28 83 8051
28 84 9311
28 85 9377
28 86 8726
28 87 5257
28 88 6945
28 89 5345
28 90 7804
28 91 7965
28 92 6205
28 93 6893
28 94 6430
28 95 7078
28 97 8459
28 98 8561
28 99 9325
28 101 6620
28 102 7378
28 103 5227
28 104 5714
28 105 6593
28 106 7503
28 107 7324
28 108 9286
28 109 7525
28 110 8792
28 111 6694
28 112 7742
28 113 6446
28 114 6540
28 115 6824
28 116 7526
28 117 5544
28 118 7697
28 119 5432
28 120 8827
28 121 6611
28 122 5173
28 123 9688
28 124 8303
28 125 8288
28 126 7813
28 129 5585
28 130 9336
29 31 6096
29 33 5883
29 34 8445
29 35 6886
29 36 5231
29 38 6290
29 39 7243
29 40 5121
29 41 7743
29 42 9578
29 43 7328
29 44 8629
29 45 6251
29 46 8748
29 47 6868
29 48 6320
29 49 5430
29 50 7802
29 51 9607
29 52 6164
29 53 9696
29 54 6793
29 55 9715
29 56 8441
29 57 9573
29 58 8130
29 59 6295
29 61 8668
29 62 5554
29 63 5237
29 64 8009
29 65 6399
29 66 9574
29 68 8315
29 69 9170
29 71 7296
29 72 6619
29 73 9185
29 74 5442
29 76 9958
29 77 9914
29 78 6427
29 80 6639
29 81 5048
29 83 7241
29 84 8395
29 85 6684
29 86 6904
29 87 6077
29 88 7837
29 89 6557
29 90 8619
29 91 8560
29 93 8771
29 94 8925
29 95 9050
29 96 8664
29 97 7287
29 98 6577
29 99 6793
29 100 9342
29 101 7861
29 102 9149
29 103 9395
29 104 7977
29 105 6571
29 106 9815
29 107 5440
29 108 5914
29 109 9003
29 110 7123
29 111 6747
29 112 5381
29 113 7067
29 114 9640
29 116 6110
29 117 7431
29 118 9765
29 119 5267
29 120 8883
29 121 6321
29 122 5353
29 123 5156
29 124 6530
29 125 8593
29 126 8473
29 127 9520
29 128 7729
29 129 5936
29 130 8420
30 31 7071
30 32 6198
30 33 5506
30 34 9746
30 35 7681
30 36 5773
30 38 6907
30 39 6579
30 40 7536
30 41 5629
30 42 5327
30 43 9396
30 44 5555
30 45 5014
30 46 8092
30 47 9695
30 48 9279
30 50 6112
30 51 6912
30 52 7488
30 53 6316
30 54 5771
30 55 5942
30 56 6400
30 57 7521
30 58 8985
30 59 8342
30 60 9679
30 61 5682
30 62 7866
30 63 7757
30 64 8064
30 65 9254
30 66 6923
30 67 7141
30 68 9528
30 69 6705
30 70 8340
30 71 7259
30 72 6610
30 73 8539
30 74 8588
30 75 6162
30 76 8374
30 77 8416
30 78 9657
30 79 8646
30 80 9854
30 83 7168
30 84 6066
30 85 7744
30 86 8730
30 87 5963
30 88 5235
30 89 9111
30 90 9780
30 91 9166
30 92 8570
30 94 6618
30 95 8359
30 96 5895
30 97 5634
30 98 5802
30 99 7374
30 100 9988
30 102 9024
30 103 7553
30 105 5907
30 106 7463
30 107 7644
30 108 6532
30 109 7296
30 110 6699
30 111 5857
30 112 8673
30 113 9535
30 114 8075
30 115 8247
30 116 6317
30 117 6508
30 118 8954
30 119 5579
30 120 8308
30 121 5604
30 122 9679
30 123 8806
30 124 6945
30 125 7049
30 126 5821
30 127 6802
30 128 7608
30 129 6658
30 130 5283
31 32 5568
31 33 6730
31 34 7729
31 35 8204
31 36 8621
31 37 9621
31 38 6987
31 39 5024
31 40 5544
31 41 5017
31 42 8068
31 43 7882
31 44 9949
31 45 7172
31 46 5024
31 47 5264
31 48 5685
31 49 6902
31 53 8750
31 54 7363
31 55 7991
31 56 8517
31 57 9138
31 58 5159
31 59 9812
31 60 5188
31 61 7765
31 62 8750
31 63 5628
31 64 6656
31 65 5591
31 66 6199
31 67 8387
31 68 8445
31 70 8922
31 72 9498
31 74 7497
31 76 8947
31 77 5972
31 78 5128
31 79 9367
31 80 9114
31 81 8364
31 82 9894
31 83 9237
31 84 9210
31 86 8288
31 87 6922
31 89 8438
31 90 5226
31 91 7179
31 92 8055
31 93 9999
31 94 7004
31 95 7041
31 96 6877
31 97 6359
31 98 9399
31 99 6106
31 101 7943
31 102 9268
31 103 6642
31 104 8003
31 105 7745
31 106 9118
31 108 7521
31 110 6331
31 111 6716
31 112 7700
31 113 8613
31 114 7362
31 115 7907
31 116 6635
31 117 5680
31 118 5397
31 119 8219
31 120 8234
31 122 8925
31 123 6437
31 124 6771
31 125 7817
31 126 5567
31 127 6243
31 129 8557
31 130 5949
32 33 8449
32 35 8599
32 36 5916
32 37 9141
32 38 7621
32 39 8405
32 40 8924
32 41 6186
32 42 9964
32 43 8860
32 44 8667
32 45 7162
32 46 7995
32 47 9818
32 48 7491
32 49 9437
32 50 6990
32 51 9062
32 53 5002
32 54 5751
32 55 6670
32 56 8737
32 57 7191
32 58 5030
32 59 7542
32 60 8837
32 63 6151
32 65 8712
32 66 7948
32 67 6126
32 68 6296
32 69 7951
32 70 5174
32 71 8203
32 72 7902
32 73 5011
32 74 5080
32 75 5302
32 76 5386
32 77 8719
32 78 8189
32 79 8345
32 81 8788
32 82 7336
32 83 8132
32 84 5076
32 85 6167
32 86 9938
32 87 9540
32 88 7850
32 89 5181
32 90 6613
32 91 7552
32 92 9068
32 93 6028
32 94 5497
32 95 5631
32 96 5528
32 97 6317
32 98 8727
32 99 6204
32 100 9420
32 101 6326
32 102 6718
32 103 5534
32 104 9214
32 105 7502
32 106 9071
32 107 5856
32 108 5060
32 109 6988
32 110 5434
32 112 6210
32 113 7397
32 114 7392
32 115 9727
32 116 9540
32 117 8259
32 118 6297
32 119 8911
32 120 5749
32 122 8302
32 123 8367
32 124 6601
32 125 5251
32 126 6878
32 127 8882
32 128 8704
32 130 7537
33 34 8220
33 37 9607
33 38 6713
33 39 5672
33 40 9148
33 41 9198
33 42 7006
33 43 6643
33 44 9904
33 45 8172
33 46 5457
33 47 5327
33 48 8091
33 49 6557
33 50 8180
33 51 6696
33 52 7310
33 53 9631
33 54 6024
33 55 6136
33 57 7838
33 58 5365
33 59 6971
33 60 5814
33 61 9432
33 62 5515
33 63 6266
33 64 9664
33 65 6120
33 66 7159
33 67 5749
33 68 7734
33 70 7259
33 71 5248
33 72 5402
33 73 8423
33 74 8155
33 75 5204
33 76 9356
33 77 5532
33 78 5279
33 79 9115
33 82 6222
33 83 8803
33 84 7423
33 85 9447
33 86 9764
33 87 8084
33 88 7346
33 89 6669
33 90 6117
33 91 6031
33 93 7972
33 94 7690
33 95 5296
33 96 6485
33 98 9432
33 99 7474
33 101 8452
33 102 9151
33 103 6242
33 104 6665
33 105 8830
33 106 9501
33 107 6908
33 108 7002
33 109 8161
33 110 8174
33 111 7676
33 112 6551
33 113 9307
33 114 7072
33 115 5943
33 116 5278
33 117 8315
33 118 9091
33 119 5905
33 120 9739
33 121 6222
33 122 6461
33 123 5367
33 124 8796
33 125 7492
33 126 7239
33 127 8579
33 128 6518
33 129 5096
33 130 6838
34 35 5707
34 36 6710
34 37 5451
34 38 6643
34 39 5554
34 40 7313
34 41 7225
34 42 7571
34 43 7062
34 44 5357
34 45 6162
34 46 8575
34 48 8054
34 49 7363
34 50 5012
34 51 5466
34 52 6373
34 53 9196
34 54 8346
34 55 6735
34 56 8834
34 57 9014
34 58 5905
34 59 7314
34 61 6315
34 62 6797
34 63 9326
34 64 7218
34 65 9579
34 66 5204
34 67 8989
34 68 9233
34 69 6940
34 70 8099
34 71 6026
34 72 7120
34 73 8104
34 74 9709
34 75 8268
34 76 5781
34 77 8118
34 78 8100
34 80 8669
34 81 9139
34 82 5156
34 83 5723
34 84 8090
34 85 6144
34 86 5328
34 87 7594
34 88 9385
34 89 5065
34 90 5802
34 92 6328
34 93 6285
34 94 5640
34 95 7088
34 96 5168
34 97 5422
34 98 7880
34 100 9814
34 101 7319
34 102 7321
34 103 7738
34 104 9764
34 105 5185
34 106 5363
34 107 8282
34 110 6160
34 111 7493
34 112 7741
34 113 9431
34 114 7671
34 115 6697
34 116 9016
34 117 5486
34 118 7657
34 119 5956
34 121 5732
34 122 6667
34 123 9395
34 124 9520
34 125 6369
34 126 9303
34 129 5781
34 130 8364
35 36 6549
35 37 9695
35 38 7364
35 39 9576
35 40 9596
35 41 5564
35 42 8950
35 43 9270
35 44 5371
35 46 6507
35 47 5426
35 48 5092
35 49 9673
35 50 7457
35 51 5869
35 52 9554
35 53 7800
35 54 5479
35 55 7158
35 56 8694
35 57 5749
35 58 8993
35 59 8240
35 60 8006
35 61 8935
35 62 8689
35 63 8272
35 64 6751
35 65 8588
35 66 7077
35 67 6523
35 68 8168
35 69 8793
35 70 7134
35 72 7400
35 74 5920
35 75 8978
35 76 5196
35 77 8453
35 78 6077
35 79 6171
35 80 5283
35 81 9148
35 82 6576
35 83 9958
35 84 6023
35 85 8042
35 86 7742
35 87 7157
35 88 6950
35 89 9426
35 90 7568
35 91 7589
35 92 7467
35 94 9381
35 95 6238
35 96 6730
35 97 8249
35 99 9662
35 100 7325
35 101 7930
35 102 6614
35 103 9599
35 104 7748
35 105 6463
35 106 5123
35 107 9462
35 108 7891
35 109 9012
35 110 9176
35 111 9392
35 112 8315
35 113 7511
35 114 7833
35 116 6630
35 117 9422
35 118 6697
35 119 5365
35 120 5322
35 121 8135
35 122 9715
35 123 7527
35 124 7761
35 125 8233
35 126 5641
35 127 9576
35 128 6908
35 129 6078
35 130 6191
36 37 8429
36 38 7937
36 39 8182
36 40 5199
36 41 9672
36 42 8922
36 44 6243
36 45 6445
36 47 8613
36 48 5255
36 49 9028
36 50 7785
36 51 7461
36 52 5218
36 53 5310
36 54 7732
36 55 7511
36 56 6548
36 57 6065
36 58 8290
36 59 6622
36 60 8553
36 61 5354
36 62 8143
36 63 9320
36 64 8743
36 66 5289
36 67 5910
36 68 9882
36 69 9479
36 70 7836
36 71 7334
36 72 6727
36 73 6704
36 75 7035
36 76 6616
36 77 9725
36 78 7863
36 80 6141
36 81 7069
36 82 5707
36 83 7298
36 84 7578
36 85 5124
36 86 8014
36 87 7104
36 88 7820
36 89 9317
36 90 9836
36 91 9410
36 92 6056
36 93 8920
36 94 6828
36 95 6358
36 96 5463
36 98 9852
36 99 7735
36 100 9070
36 101 6791
36 102 9564
36 103 7423
36 104 9031
36 105 7462
36 108 8354
36 109 9080
36 110 8835
36 111 9781
36 112 7307
36 113 5062
36 114 6213
36 115 5721
36 116 7700
36 117 6450
36 118 7261
36 119 7735
36 120 5087
36 121 8209
36 123 9986
36 124 7368
36 126 5461
36 127 6013
36 128 7785
36 129 6323
37 38 9187
37 39 7554
37 40 8733
37 41 8592
37 42 7810
37 43 9724
37 44 7781
37 45 7008
37 47 8504
37 48 6313
37 49 5269
37 50 5361
37 51 6548
37 52 9053
37 53 9185
37 54 6079
37 55 5860
37 56 6841
37 57 5133
37 58 6844
37 59 5317
37 60 7640
37 61 6997
37 62 7301
37 64 9704
37 65 9909
37 66 7816
37 67 8917
37 68 7951
37 70 6062
37 71 6740
37 72 6475
37 73 8828
37 74 7779
37 75 7153
37 78 9095
37 79 9348
37 80 5686
37 81 8112
37 82 7328
37 83 8258
37 84 6813
37 85 9873
37 86 7636
37 87 5969
37 88 7067
37 89 6865
37 90 7408
37 92 8470
37 94 6202
37 95 7873
37 97 5785
37 98 8696
37 99 6710
37 100 7781
37 101 9737
37 102 8938
37 103 5150
37 104 9039
37 106 8498
37 107 7895
37 108 5135
37 109 6294
37 110 9835
37 111 7438
37 112 7751
37 113 6136
37 114 9022
37 115 5629
37 117 9055
37 118 6026
37 119 5637
37 120 9998
37 121 6830
37 122 8423
37 123 7094
37 124 5572
37 125 5468
37 126 5890
37 127 7264
37 129 7625
37 130 5246
38 39 5398
38 40 9188
38 41 5719
38 42 5565
38 43 7378
38 44 5638
38 45 8333
38 46 6831
38 47 7867
38 48 8896
38 49 6153
38 50 8091
38 51 9705
38 54 6510
38 55 5670
38 56 6730
38 57 9551
38 58 6333
38 59 9999
38 60 7055
38 61 5317
38 62 5039
38 63 6683
38 64 5668
38 65 7467
38 66 9076
38 67 7682
38 68 6892
38 69 7564
38 70 5240
38 71 8336
38 72 5259
38 75 7776
38 76 7277
38 79 9913
38 80 8826
38 81 7270
38 82 5911
38 83 6110
38 84 7642
38 85 5457
38 86 5834
38 87 8102
38 88 5837
38 89 8557
38 90 5889
38 92 8195
38 93 7752
38 94 9005
38 95 8374
38 96 6142
38 97 5235
38 98 6922
38 99 7872
38 100 9057
38 101 6422
38 102 6904
38 103 7500
38 104 8054
38 105 8391
38 106 6273
38 107 8388
38 108 5865
38 110 6942
38 111 7573
38 112 5025
38 113 5646
38 114 7989
38 115 5614
38 116 7553
38 117 7283
38 118 8761
38 120 8906
38 121 8445
38 122 6793
38 123 9770
38 125 5907
38 126 6638
38 127 5897
38 128 8453
38 129 7909
38 130 7136
39 41 8150
39 42 5526
39 43 9180
39 44 6970
39 45 9449
39 46 8392
39 48 9444
39 49 6448
39 50 5199
39 52 7816
39 53 6427
39 54 6240
39 55 7849
39 56 7863
39 57 5748
39 58 7272
39 59 6534
39 60 8665
39 61 9532
39 62 6348
39 63 7261
39 64 6223
39 65 6802
39 66 9983
39 67 6831
39 68 7985
39 69 5441
39 70 9770
39 71 9409
39 72 6039
39 73 5648
39 74 6063
39 75 5419
39 76 7007
39 77 6505
39 78 7014
39 79 6770
39 80 5667
39 81 8162
39 82 9379
39 83 9478
39 84 8568
39 85 9902
39 86 9046
39 87 5388
39 88 5848
39 89 7213
39 90 6730
39 91 6917
39 92 6432
39 93 9736
39 94 9999
39 95 9198
39 96 5186
39 98 5784
39 99 7113
39 100 6308
39 101 5933
39 102 5504
39 103 7425
39 105 5096
39 106 9866
39 107 8779
39 109 7262
39 110 9716
39 111 8644
39 112 8362
39 113 6295
39 114 7325
39 115 9925
39 116 5024
39 118 6359
39 119 7012
39 120 7009
39 121 8334
39 122 8041
39 123 8208
39 124 7313
39 125 8427
39 126 5647
39 127 6638
39 128 5223
39 129 6965
39 130 5029
40 41 8436
40 42 7958
40 44 5633
40 45 8943
40 46 6894
40 47 6996
40 48 9582
40 49 9806
40 50 6831
40 51 8377
40 52 9360
40 53 6358
40 54 7728
40 55 8861
40 56 5473
40 57 5440
40 58 7589
40 59 9374
40 60 7560
40 61 7853
40 63 6624
40 64 8990
40 65 9730
40 66 8021
40 67 6180
40 68 8184
40 69 9495
40 70 6038
40 71 8147
40 72 9195
40 73 7905
40 74 6604
40 75 5152
40 76 6960
40 77 8484
40 78 9377
40 79 7180
40 80 6795
40 81 5299
40 82 9125
40 83 6417
40 84 6062
40 85 6770
40 86 6578
40 88 7732
40 89 7456
40 90 8491
40 91 6935
40 92 8070
40 93 8616
40 94 6002
40 95 8510
40 96 8103
40 97 5617
40 98 5407
40 99 7926
40 100 5779
40 101 6537
40 102 6010
40 103 5792
40 104 8964
40 105 8050
40 106 9006
40 107 5351
40 108 9310
40 109 6706
40 111 6344
40 112 7349
40 113 7144
40 115 8895
40 116 6467
40 118 6060
40 119 6318
40 120 8761
40 121 8918
40 122 6039
40 123 5784
40 124 6146
40 125 5603
40 126 6181
40 127 9151
40 128 9193
40 129 9250
40 130 6888
41 42 7525
41 43 6119
41 44 5398
41 45 6315
41 46 8512
41 47 5845
41 48 5848
41 49 6880
41 50 7832
41 51 5498
41 53 6507
41 54 6294
41 55 8225
41 56 6733
41 57 7055
41 58 6469
41 59 8287
41 60 9151
41 61 5348
41 62 6924
41 63 8967
41 64 9147
41 65 5491
41 66 5318
41 67 5318
41 68 6182
41 69 6601
41 70 8857
41 72 6272
41 73 6638
41 74 6819
41 75 5591
41 76 7755
41 77 6454
41 78 9242
41 81 6468
41 82 8192
41 83 8216
41 86 5001
41 87 7088
41 88 7776
41 90 6072
41 91 7320
41 92 5287
41 93 7125
41 94 9653
41 95 9556
41 96 7556
41 97 7051
41 98 8310
41 99 9900
41 100 8060
41 101 9941
41 102 8862
41 103 7835
41 104 7828
41 105 6729
41 106 5645
41 107 8235
41 108 7429
41 109 8560
41 110 9252
41 111 5592
41 112 8725
41 113 9882
41 114 5228
41 115 5336
41 116 6028
41 117 8615
41 118 6536
41 121 6048
41 122 9670
41 123 7671
41 124 7459
41 125 5546
41 126 5545
41 128 5318
41 129 9344
41 130 5658
42 44 6668
42 46 5986
42 47 5198
42 49 6878
42 50 6370
42 51 5650
42 52 9326
42 53 9799
42 55 9346
42 56 6323
42 57 9892
42 58 9962
42 59 6098
42 61 9796
42 63 9313
42 64 5598
42 65 8500
42 66 9325
42 67 5053
42 68 6018
42 69 7392
42 73 7152
42 74 5152
42 75 9396
42 76 6688
42 77 9802
42 78 8205
42 79 5848
42 80 5762
42 81 8833
42 82 8279
42 83 8123
42 84 9093
42 85 8354
42 86 8107
42 87 6417
42 88 5552
42 89 5757
42 90 7010
42 91 8501
42 92 6782
42 93 6487
42 94 7113
42 95 7716
42 96 6959
42 97 9823
42 98 5578
42 99 5474
42 100 9726
42 101 9073
42 102 6242
42 103 6907
42 104 7305
42 105 9479
42 106 5042
42 108 5848
42 110 5434
42 111 7614
42 112 8319
42 113 6463
42 114 8285
42 115 9609
42 116 5962
42 118 8956
42 119 7317
42 120 7924
42 121 7716
42 122 7672
42 123 6399
42 124 9236
42 126 7178
42 127 5188
42 128 6204
42 129 5809
42 130 5808
43 44 6572
43 45 5066
43 47 5287
43 49 7399
43 50 7816
43 51 5842
43 52 6437
43 53 6670
43 54 6999
43 55 8016
43 56 9608
43 57 5909
43 58 5883
43 59 9731
43 60 7187
43 61 8115
43 62 7079
43 63 7053
43 64 6504
43 65 9254
43 66 7254
43 67 8910
43 68 7664
43 69 9236
43 70 6715
43 71 8534
43 72 7197
43 73 7227
43 74 8387
43 75 7092
43 76 5143
43 77 9122
43 78 7278
43 79 5017
43 80 5289
43 81 7742
43 82 6585
43 83 6597
43 84 7585
43 85 7343
43 86 9191
43 87 5569
43 88 8811
43 89 8160
43 90 6955
43 91 6292
43 92 6574
43 93 6882
43 94 6567
43 95 6999
43 96 6469
43 97 7153
43 98 7569
43 100 6904
43 101 7718
43 102 8605
43 104 5274
43 105 5128
43 106 5499
43 107 5796
43 108 8195
43 109 8494
43 110 9226
43 111 6284
43 112 6765
43 113 8285
43 114 9014
43 115 7397
43 117 5434
43 118 8081
43 119 6024
43 120 8660
43 121 6346
43 122 8405
43 123 7550
43 124 6209
43 125 8257
43 126 8855
43 128 5339
43 129 9477
43 130 5169
44 45 8702
44 46 7535
44 47 8872
44 48 8509
44 49 5992
44 50 7962
44 51 6940
44 52 5642
44 53 6516
44 54 5881
44 55 7136
44 56 5772
44 58 9316
44 59 5713
44 60 9536
44 61 8031
44 62 5678
44 63 8885
44 64 5464
44 65 5389
44 66 6648
44 67 9273
44 68 9422
44 69 7506
44 70 8861
44 71 5343
44 72 7535
44 74 7924
44 76 8178
44 77 6717
44 78 6757
44 79 9766
44 80 8036
44 81 6765
44 82 9460
44 83 6236
44 84 8297
44 85 9232
44 86 5966
44 87 5196
44 88 6282
44 89 7181
44 90 9213
44 91 7535
44 94 5102
44 95 5240
44 97 7712
44 100 9670
44 101 9576
44 102 6226
44 103 5814
44 104 8767
44 105 9985
44 106 7454
44 107 9262
44 108 9851
44 109 6470
44 110 5013
44 111 5906
44 112 9694
44 113 5940
44 114 6749
44 115 8199
44 116 5776
44 117 6113
44 118 9933
44 119 8695
44 120 8955
44 121 5290
44 122 9092
44 123 7514
44 124 9302
44 125 5368
44 126 8859
44 127 5904
44 128 6965
44 129 7031
44 130 9990
45 46 7529
45 47 6815
45 49 9795
45 50 6839
45 51 7671
45 52 8475
45 54 8819
45 55 5196
45 57 5729
45 58 9092
45 59 6651
45 60 9497
45 61 6107
45 62 8968
45 63 7994
45 64 6610
45 65 8228
45 66 9564
45 67 8182
45 68 6217
45 69 9985
45 70 6037
45 71 9055
45 73 6762
45 74 9813
45 75 5678
45 76 6489
45 77 7702
45 79 8709
45 80 6785
45 81 9677
45 82 9340
45 83 8080
45 84 5631
45 85 5651
45 86 5079
45 89 8910
45 90 6308
45 91 7116
45 92 7589
45 93 7233
45 94 5832
45 95 6962
45 96 5467
45 98 5483
45 99 5455
45 100 9151
45 102 5109
45 103 6798
45 104 9078
45 105 6179
45 106 9947
45 107 9823
45 109 7491
45 110 6573
45 111 8271
45 112 9527
45 114 7866
45 115 6308
45 116 8924
45 117 6760
45 118 7728
45 120 6803
45 122 5869
45 123 6486
45 124 5693
45 125 9667
45 127 9390
45 128 7960
45 130 5311
46 47 9914
46 48 6827
46 49 6864
46 51 6962
46 52 7527
46 53 5199
46 54 7243
46 55 5567
46 56 9813
46 57 6049
46 58 5407
46 59 6559
46 60 5154
46 61 8919
46 62 5042
46 63 8975
46 64 5210
46 65 6740
46 66 6898
46 67 9332
46 68 7366
46 69 9833
46 70 7385
46 71 8457
46 72 5882
46 73 8597
46 74 6974
46 75 7631
46 76 6294
46 77 5960
46 78 5594
46 79 8064
46 80 9222
46 81 5407
46 82 8155
46 83 8539
46 84 7425
46 86 6999
46 87 9424
46 88 5502
46 89 6396
46 90 8973
46 91 8574
46 92 9371
46 93 7316
46 94 9940
46 95 8096
46 97 6619
46 98 5359
46 99 8256
46 101 6136
46 102 5718
46 104 9581
46 105 5230
46 106 5895
46 107 5855
46 109 5139
46 110 8465
46 111 9531
46 112 8256
46 113 5390
46 114 9890
46 115 7766
46 116 9552
46 117 7881
46 118 7078
46 119 7167
46 120 9649
46 121 7894
46 122 6722
46 123 7712
46 124 6659
46 125 6242
46 126 5458
46 128 7332
46 129 5817
46 130 5588
47 48 7126
47 49 8285
47 50 5443
47 51 5526
47 52 8413
47 53 6753
47 54 7126
47 55 6618
47 56 8014
47 57 5740
47 58 9273
47 59 7817
47 60 9353
47 61 7833
47 62 7110
47 63 5589
47 64 5442
47 66 5673
47 67 8861
47 68 7430
47 70 8822
47 71 6319
47 72 6420
47 74 9095
47 76 6924
47 77 7754
47 78 5799
47 79 5696
47 80 7716
47 81 6673
47 82 6489
47 83 8983
47 84 9187
47 86 6384
47 87 9037
47 88 7463
47 89 7062
47 90 7940
47 91 8530
47 92 8479
47 93 7988
47 94 7723
47 95 8883
47 96 5660
47 97 8197
47 98 6675
47 99 5675
47 100 7656
47 101 6233
47 102 7280
47 103 9754
47 104 9968
47 105 9513
47 106 7328
47 109 5227
47 110 5691
47 111 6710
47 112 9109
47 113 9270
47 115 9918
47 116 5318
47 117 8995
47 118 6601
47 119 9517
47 120 6368
47 121 9149
47 122 6288
47 123 5544
47 124 7695
47 125 6176
47 126 9730
47 127 6856
47 129 8222
47 130 8440
48 49 5742
48 50 6655
48 51 9976
48 52 7990
48 53 9086
48 54 8869
48 55 6142
48 56 8093
48 57 6856
48 58 5067
48 59 5395
48 60 7892
48 61 5224
48 62 7091
48 64 9937
48 65 8050
48 66 7706
48 67 5604
48 68 6788
48 69 6179
48 70 6303
48 71 8712
48 72 5204
48 73 6225
48 74 7426
48 75 8817
48 76 7159
48 77 5250
48 78 8554
48 79 5919
48 80 8974
48 81 9246
48 82 5210
48 83 7566
48 84 9879
48 85 6342
48 86 7617
48 87 7606
48 89 6192
48 90 9606
48 91 5815
48 93 6292
48 94 6801
48 95 5062
48 96 6439
48 97 5343
48 98 6612
48 99 6037
48 100 5723
48 101 8903
48 102 7267
48 103 7297
48 104 8017
48 105 8438
48 106 5383
48 107 9843
48 108 8629
48 109 7169
48 110 9703
48 111 7971
48 112 8902
48 113 6457
48 114 9348
48 115 5893
48 116 7258
48 117 7132
48 118 7020
48 119 8230
48 120 6784
48 121 6921
48 122 5450
48 123 5995
48 124 8308
48 125 5512
48 126 7716
48 127 9115
48 128 6807
48 129 9007
48 130 6884
49 50 7832
49 51 9900
49 52 8805
49 53 8361
49 54 5658
49 55 9595
49 56 7020
49 57 6115
49 58 5659
49 59 6834
49 60 6847
49 61 9297
49 62 7676
49 63 6959
49 64 5648
49 65 7814
49 66 7799
49 67 7455
49 68 5204
49 69 7672
49 70 9939
49 71 9379
49 72 9061
49 73 5816
49 74 9571
49 76 6748
49 77 9269
49 78 5328
49 79 6096
49 80 9579
49 81 5142
49 82 6818
49 83 9585
49 84 8827
49 85 6971
49 86 6658
49 87 5364
49 88 8628
49 89 9762
49 90 9232
49 91 6881
49 92 5626
49 93 8747
49 94 6129
49 95 8202
49 96 6844
49 97 9076
49 98 5753
49 99 7357
49 101 9367
49 102 5297
49 103 7711
49 104 5815
49 105 5211
49 106 7428
49 107 6986
49 108 8472
49 110 5599
49 111 7549
49 112 5694
49 114 7090
49 115 7500
49 116 7195
49 117 8080
49 118 5604
49 119 9859
49 120 9753
49 121 7651
49 122 8120
49 123 8089
49 124 9794
49 127 9059
49 128 6822
49 129 6211
49 130 9452
50 51 9054
50 52 5948
50 54 6164
50 55 6080
50 56 5920
50 57 6498
50 58 8414
50 59 9225
50 60 7755
50 62 8761
50 63 7300
50 64 5734
50 65 5024
50 66 8286
50 67 5670
50 68 8805
50 69 5204
50 70 5915
50 71 7453
50 72 7509
50 73 5872
50 75 6060
50 76 5966
50 78 9884
50 79 7456
50 80 6304
50 81 7026
50 82 5784
50 83 7098
50 84 5160
50 85 6950
50 86 9894
50 87 7465
50 88 5910
50 90 5299
50 91 7280
50 92 9160
50 93 5846
50 94 9925
50 95 7643
50 96 6608
50 97 6835
50 98 6726
50 99 8106
50 100 5633
50 101 9813
50 102 9795
50 103 9439
50 104 5401
50 105 5983
50 106 8395
50 107 8496
50 108 9539
50 109 7026
50 110 8372
50 112 7205
50 113 8961
50 114 6061
50 115 9720
50 116 5151
50 117 8485
50 118 8377
50 119 9694
50 120 7256
50 121 8272
50 124 8812
50 125 6502
50 126 6650
50 127 8786
50 128 6109
50 129 8228
50 130 6080
51 52 9443
51 53 5351
51 54 6497
51 55 7865
51 56 9859
51 57 5299
51 58 8353
51 59 6185
51 60 6271
51 61 7601
51 62 8379
51 63 9929
51 64 9056
51 65 6314
51 66 7754
51 67 5452
51 68 8722
51 69 5685
51 70 9324
51 71 6604
51 72 8368
51 74 9640
51 75 7207
51 76 9928
51 78 5674
51 79 9542
51 80 8315
51 82 9613
51 84 6648
51 85 5439
51 86 8826
51 87 8154
51 88 6370
51 89 6872
51 90 8727
51 92 7235
51 94 5913
51 95 5905
51 96 6158
51 97 6135
51 98 8402
51 99 7769
51 100 9269
51 101 6966
51 103 6547
51 104 6349
51 105 6494
51 106 7537
51 107 7775
51 108 6271
51 111 9079
51 112 8787
51 113 6690
51 114 7036
51 115 8556
51 116 6872
51 118 6011
51 119 5347
51 120 5024
51 121 9901
51 122 6635
51 123 8585
51 124 8385
51 125 9583
51 126 5688
51 127 8780
51 128 6410
51 129 5431
51 130 8120
52 55 8389
52 56 5077
52 57 9725
52 58 6321
52 59 5134
52 60 7175
52 61 7150
52 62 9292
52 63 7221
52 64 6175
52 65 7844
52 66 9401
52 67 5494
52 68 6416
52 69 6030
52 70 6110
52 71 9193
52 72 7869
52 73 5845
52 74 6766
52 75 9115
52 76 7883
52 77 8809
52 78 8057
52 79 7770
52 80 5114
52 81 8546
52 82 6873
52 83 7437
52 84 5007
52 85 9215
52 87 8495
52 88 6362
52 89 6337
52 90 8737
52 91 5216
52 92 9376
52 94 8683
52 95 9911
52 96 5456
52 97 7671
52 99 8120
52 101 9661
52 102 8331
52 104 5083
52 105 7445
52 106 5233
52 107 6935
52 108 5013
52 109 8970
52 110 9274
52 111 7822
52 112 5533
52 113 8009
52 114 5673
52 115 6616
52 116 8092
52 117 6720
52 118 5865
52 119 9224
52 120 6984
52 121 9977
52 122 7139
52 123 8305
52 124 7458
52 126 6821
52 127 9649
52 128 7076
53 54 6563
53 55 7323
53 57 5116
53 58 8917
53 59 9206
53 60 8177
53 61 5075
53 62 8868
53 63 6928
53 64 8231
53 66 5065
53 67 6547
53 68 7352
53 69 7148
53 70 5957
53 71 9090
53 72 6177
53 73 8102
53 74 5424
53 75 7661
53 76 9554
53 78 5284
53 79 5998
53 81 8245
53 82 6629
53 83 7501
53 84 9647
53 85 6567
53 86 5771
53 87 7178
53 88 8568
53 89 8241
53 90 5354
53 91 5723
53 92 9975
53 93 6649
53 94 5247
53 95 7807
53 96 8907
53 97 9942
53 98 5653
53 100 5959
53 102 5655
53 103 7962
53 104 7825
53 105 8679
53 107 5810
53 108 9771
53 110 9460
53 111 6764
53 112 5340
53 113 9538
53 114 7350
53 115 8222
53 116 9002
53 117 5533
53 118 6449
53 119 8944
53 121 9528
53 122 9400
53 123 7668
53 124 6351
53 126 8029
53 127 7874
53 129 7613
53 130 6587
54 55 7810
54 56 5818
54 57 8666
54 58 5002
54 59 8425
54 60 7016
54 61 7301
54 62 7501
54 63 9464
54 64 9610
54 65 7812
54 66 5407
54 67 8006
54 68 9764
54 69 6158
54 70 8244
54 71 7086
54 72 5079
54 73 9769
54 74 9623
54 76 9701
54 77 7957
54 78 5281
54 79 8282
54 80 7502
54 81 7625
54 84 6238
54 85 5718
54 86 6412
54 87 8808
54 88 9183
54 89 6062
54 90 7071
54 91 6418
54 93 7901
54 95 6552
54 97 6526
54 99 8094
54 100 8768
54 101 9267
54 102 8004
54 103 6924
54 104 7307
54 105 8066
54 106 8489
54 108 9656
54 109 6411
54 111 9859
54 112 5490
54 113 7860
54 114 7128
54 115 7257
54 116 5703
54 117 7001
54 118 9487
54 120 5735
54 121 9968
54 122 7898
54 123 9996
54 124 7681
54 125 8222
54 126 6805
54 128 6870
54 129 5890
54 130 5962
55 56 6162
55 57 6595
55 58 5576
55 59 5766
55 60 7444
55 61 6820
55 62 5190
55 63 7879
55 64 9697
55 65 6312
55 66 6189
55 67 8646
55 68 5961
55 69 8265
55 71 5157
55 74 9790
55 75 6381
55 76 8352
55 77 9437
55 78 6935
55 79 9633
55 80 7629
55 81 8658
55 82 7437
55 83 7956
55 84 6730
55 85 5133
55 86 7577
55 87 5436
55 88 5379
55 91 6032
55 92 6268
55 93 7377
55 95 6483
55 96 8163
55 97 5697
55 98 8374
55 99 6629
55 100 5325
55 101 8722
55 102 9124
55 104 6702
55 105 7621
55 106 5399
55 108 8277
55 109 7037
55 110 7908
55 111 6132
55 112 7341
55 113 5213
55 114 9378
55 115 8317
55 116 6976
55 117 6861
55 118 5843
55 119 7425
55 120 6032
55 121 6824
55 122 5209
55 123 7934
55 125 9265
55 126 7529
55 127 9646
55 129 8255
55 130 9418
56 57 9902
56 58 9489
56 59 6822
56 61 8026
56 62 8119
56 63 8614
56 65 9426
56 66 6505
56 67 6063
56 68 8612
56 69 7130
56 70 8185
56 71 6798
56 72 7819
56 73 6187
56 74 6075
56 75 5401
56 76 5855
56 77 6261
56 78 6393
56 79 6056
56 80 6858
56 81 9964
56 82 5079
56 83 5081
56 84 7610
56 85 8775
56 86 5363
56 87 6548
56 88 8785
56 89 6584
56 90 6715
56 91 5535
56 92 7924
56 93 5502
56 94 7295
56 95 7474
56 96 6735
56 99 7787
56 101 7519
56 102 6030
56 103 7293
56 104 6283
56 105 5075
56 106 8286
56 108 9486
56 109 6409
56 110 8269
56 111 5941
56 113 9656
56 115 7186
56 116 5623
56 117 7565
56 119 8549
56 120 6604
56 121 6580
56 123 9359
56 124 9943
56 125 9813
56 126 7594
56 127 9976
56 129 6555
57 59 7209
57 60 6946
57 61 5375
57 62 9184
57 64 5611
57 65 8457
57 67 5884
57 68 6623
57 69 7378
57 70 7396
57 71 9928
57 72 6956
57 73 5816
57 74 7724
57 75 7638
57 76 9365
57 77 6040
57 78 5061
57 79 6365
57 80 8399
57 81 5489
57 82 6230
57 83 9584
57 84 7624
57 86 7219
57 87 7873
57 88 8683
57 89 6588
57 90 6081
57 91 5012
57 92 6066
57 93 6877
57 94 9480
57 95 8083
57 96 8451
57 97 9263
57 98 8999
57 99 5243
57 100 6958
57 101 7825
57 102 7079
57 103 5049
57 104 9102
57 105 8825
57 106 5222
57 107 6411
57 108 6477
57 109 8673
57 110 9904
57 111 5644
57 112 8894
57 113 6213
57 114 7889
57 115 7387
57 116 5794
57 117 8351
57 118 5252
57 119 5380
57 120 6972
57 121 6604
57 122 8743
57 123 6038
57 125 5964
57 126 6119
57 127 9543
57 128 7336
57 130 9581
58 59 5002
58 60 7781
58 61 6599
58 62 9824
58 63 7987
58 64 5236
58 65 6524
58 66 6627
58 67 8987
58 68 5216
58 69 7961
58 70 8909
58 71 6463
58 72 7429
58 73 9913
58 74 9053
58 75 8915
58 76 8921
58 77 5452
58 78 6828
58 79 9530
58 80 8871
58 81 8071
58 82 6566
58 83 7995
58 84 9848
58 85 5121
58 86 9286
58 87 7254
58 88 5165
58 89 7808
58 92 6827
58 94 5264
58 95 9245
58 96 6803
58 97 6406
58 98 7239
58 99 9560
58 100 8904
58 101 7419
58 102 5872
58 103 7246
58 105 9163
58 106 8189
58 107 5669
58 108 7585
58 109 9474
58 110 5717
58 111 5504
58 112 8284
58 113 9694
58 115 7695
58 116 7535
58 117 9177
58 118 7957
58 119 9207
58 120 7424
58 121 9653
58 122 5519
58 123 8929
58 124 6022
58 125 8708
58 126 7414
58 127 5160
58 128 5498
58 129 7251
58 130 7276
59 60 8107
59 61 9271
59 62 9218
59 63 6862
59 64 5181
59 65 8700
59 66 8831
59 67 7158
59 68 9227
59 69 5926
59 70 7033
59 71 5897
59 72 7464
59 73 6515
59 74 8014
59 75 9713
59 76 6836
59 77 6656
59 78 5534
59 80 8232
59 81 9014
59 82 8347
59 83 6105
59 84 9612
59 85 9562
59 86 8236
59 87 5852
59 88 7902
59 89 8195
59 90 6866
59 91 5605
59 92 8865
59 93 8374
59 94 5066
59 95 7625
59 96 7716
59 97 7268
59 98 5053
59 99 8243
59 100 6171
59 101 6056
59 102 8433
59 103 5945
59 104 8900
59 105 5178
59 106 8342
59 107 8781
59 108 7699
59 111 7250
59 112 8949
59 113 6670
59 114 7422
59 115 8454
59 117 9537
59 118 7371
59 120 9839
59 122 5165
59 124 9609
59 125 8030
59 126 5734
59 127 5249
59 128 6697
59 129 9184
59 130 9531
60 61 9607
60 62 6557
60 63 6958
60 64 6559
60 65 8585
60 66 5631
60 67 5334
60 68 6504
60 69 8190
60 70 7457
60 71 6472
60 72 7832
60 73 8963
60 74 7319
60 75 8962
60 76 7373
60 77 8389
60 78 7832
60 79 5477
60 80 6545
60 81 6567
60 82 9648
60 83 6534
60 85 7133
60 86 8367
60 87 9979
60 88 6671
60 89 7497
60 90 5117
60 91 6582
60 92 5613
60 94 10000
60 95 9415
60 96 9891
60 97 7657
60 98 8662
60 99 9296
60 100 8790
60 101 6429
60 102 9624
60 103 7137
60 104 9405
60 105 8025
60 108 5648
60 109 9101
60 110 6563
60 111 8778
60 113 6242
60 114 8435
60 115 7292
60 116 9374
60 117 6793
60 118 5084
60 119 8637
60 120 9688
60 121 8225
60 122 7304
60 124 6311
60 125 7547
60 126 5406
60 127 5247
60 128 6945
60 130 7447
61 62 6218
61 63 9346
61 64 6732
61 65 7905
61 66 5678
61 67 7744
61 68 8157
61 69 9530
61 70 5359
61 71 6318
61 72 6504
61 73 5455
61 74 6256
61 75 5868
61 76 5895
61 77 7359
61 79 6318
61 80 7872
61 82 8174
61 83 8557
61 84 5205
61 85 7484
61 86 8795
61 87 7855
61 88 8576
61 89 6874
61 90 7282
61 91 5306
61 92 7329
61 93 5335
61 94 9923
61 95 6355
61 96 5432
61 97 9538
61 98 9696
61 99 9954
61 100 6972
61 101 7709
61 102 7763
61 103 5797
61 104 8838
61 105 6056
61 106 6278
61 107 9932
61 108 6972
61 109 8125
61 110 9681
61 111 7956
61 112 7247
61 113 8346
61 114 5704
61 115 8821
61 116 5445
61 117 5746
61 118 8242
61 119 5684
61 120 9096
61 121 6755
61 122 9323
61 123 7369
61 124 6805
61 125 7649
61 126 6242
61 128 9012
61 129 7529
61 130 6329
62 63 7483
62 64 7241
62 65 8448
62 66 9938
62 67 9040
62 68 5554
62 69 5954
62 70 9090
62 71 9586
62 72 5155
62 73 5222
62 74 6754
62 75 7376
62 76 5936
62 77 5366
62 78 5173
62 79 8145
62 80 9782
62 81 9515
62 82 5893
62 84 5695
62 85 7040
62 86 6719
62 87 6471
62 88 8023
62 89 6154
62 90 9174
62 91 5670
62 92 8742
62 93 6948
62 94 5292
62 95 8916
62 96 9406
62 97 6197
62 98 5710
62 99 7520
62 100 9468
62 102 7182
62 103 6720
62 105 5824
62 106 7461
62 107 6678
62 108 9681
62 109 9310
62 110 7868
62 111 5999
62 112 5839
62 113 6903
62 114 7671
62 115 9412
62 117 8916
62 118 6408
62 119 5818
62 120 6527
62 121 8969
62 122 5972
62 123 9726
62 124 9044
62 125 8945
62 126 8941
62 127 5549
62 128 9558
62 129 7768
62 130 6465
63 64 6037
63 65 7838
63 66 7528
63 67 7698
63 68 7385
63 70 9323
63 71 5783
63 72 8326
63 73 5874
63 74 5351
63 75 9832
63 76 5514
63 77 5300
63 78 8302
63 79 5122
63 80 8792
63 81 8649
63 82 5223
63 83 5945
63 84 6353
63 85 9134
63 86 5806
63 87 8669
63 88 7204
63 89 9214
63 90 7915
63 91 5067
63 92 5746
63 93 6592
63 94 9352
63 95 5364
63 96 9744
63 97 8239
63 98 5511
63 99 8236
63 100 9712
63 101 7353
63 102 7098
63 104 5059
63 107 5732
63 108 7863
63 109 5155
63 110 5769
63 111 9448
63 112 9727
63 113 6798
63 115 8248
63 116 7478
63 118 5976
63 119 8479
63 120 9296
63 121 6911
63 122 7007
63 123 9920
63 124 7824
63 125 5028
63 126 7380
63 127 5589
63 129 6069
63 130 9368
64 65 9317
64 66 6723
64 67 8957
64 69 6792
64 70 6174
64 71 6946
64 72 9766
64 73 7670
64 74 6675
64 75 8752
64 76 9080
64 77 6755
64 78 5657
64 79 7942
64 80 7520
64 81 6270
64 82 9359
64 83 8444
64 84 6759
64 85 8944
64 86 8216
64 87 7462
64 88 8378
64 89 7824
64 91 8551
64 92 7464
64 93 8848
64 94 7520
64 95 7381
64 96 9894
64 97 7194
64 98 9155
64 99 7857
64 100 7543
64 101 5084
64 102 5906
64 103 8906
64 104 5974
64 106 5173
64 107 5986
64 108 6941
64 109 6796
64 110 5297
64 111 8952
64 112 7669
64 113 9380
64 114 6195
64 115 7438
64 116 7783
64 117 8204
64 119 6005
64 120 6980
64 121 8495
64 122 7312
64 123 8349
64 124 5391
64 125 6257
64 127 9840
64 128 7259
64 129 8062
64 130 8531
65 66 7104
65 67 6093
65 68 6325
65 69 9294
65 70 5578
65 71 6927
65 72 5473
65 73 5171
65 74 9682
65 75 5665
65 76 7530
65 77 8331
65 78 6748
65 79 7134
65 80 7486
65 81 7331
65 82 6933
65 83 5245
65 84 5459
65 85 5196
65 86 8800
65 87 5153
65 88 8278
65 89 7979
65 90 6890
65 91 9289
65 92 6536
65 93 8801
65 94 6566
65 95 5569
65 96 6588
65 98 7033
65 99 7047
65 100 7124
65 101 6119
65 102 5766
65 104 6606
65 105 9270
65 106 9111
65 107 6925
65 108 8871
65 109 6370
65 110 9622
65 111 8461
65 113 9499
65 115 9781
65 116 9157
65 117 8650
65 118 7801
65 119 9151
65 120 7199
65 122 7993
65 123 7736
65 124 8989
65 125 9274
65 127 5920
65 128 6009
65 129 6297
65 130 9630
66 67 7978
66 68 6304
66 69 6775
66 70 5008
66 71 6552
66 72 7637
66 73 5105
66 74 6485
66 75 7749
66 76 8598
66 77 6780
66 78 6844
66 79 7922
66 81 7793
66 82 5255
66 84 9819
66 85 6523
66 86 8226
66 87 8839
66 88 9751
66 89 9566
66 91 5099
66 92 6943
66 93 5703
66 94 8021
66 95 8969
66 96 7052
66 97 6262
66 99 5961
66 101 9897
66 102 7916
66 103 9249
66 104 5501
66 105 5832
66 106 9281
66 108 6529
66 110 5777
66 111 5632
66 112 8591
66 113 7133
66 114 6733
66 115 7962
66 116 7647
66 117 8424
66 118 8636
66 120 5964
66 121 9812
66 122 6684
66 124 5029
66 125 9591
66 126 7829
66 127 8191
66 128 7650
66 129 6115
66 130 6088
67 68 7565
67 69 7280
67 70 9148
67 72 5077
67 74 7050
67 75 5258
67 77 5993
67 78 8296
67 79 7840
67 80 8118
67 81 9456
67 82 7478
67 83 7845
67 85 9232
67 87 7247
67 88 9017
67 89 5693
67 90 9095
67 91 5877
67 92 7896
67 93 9275
67 94 8367
67 95 5873
67 96 6284
67 97 7902
67 98 5849
67 99 7238
67 100 6411
67 101 8573
67 102 7507
67 103 6143
67 104 7829
67 105 6505
67 106 7192
67 107 5845
67 108 8007
67 109 5993
67 110 7024
67 111 7482
67 113 6101
67 114 9624
67 115 6214
67 116 7495
67 117 8423
67 118 7684
67 119 8508
67 121 8776
67 122 5363
67 123 8601
67 124 7771
67 125 5727
67 126 5055
67 127 9762
67 128 6315
67 129 8501
67 130 6851
68 69 8109
68 70 6102
68 72 5825
68 73 8639
68 74 9222
68 76 5802
68 77 7089
68 78 5978
68 79 7120
68 80 8936
68 83 7270
68 84 6109
68 85 9089
68 86 5127
68 88 5923
68 90 5177
68 91 8814
68 92 9825
68 93 5592
68 94 8283
68 95 7901
68 96 6027
68 97 7132
68 98 6482
68 99 9745
68 100 9820
68 101 8911
68 102 9536
68 103 5405
68 104 8824
68 105 7790
68 106 5307
68 107 9446
68 108 5775
68 109 7457
68 110 7634
68 111 6478
68 112 6107
68 113 7125
68 114 9252
68 115 6389
68 116 6108
68 117 7313
68 118 7322
68 119 5676
68 120 7084
68 121 5042
68 122 6769
68 123 8728
68 124 7155
68 126 5996
68 127 5534
68 129 6467
68 130 9197
69 70 9104
69 71 9016
69 72 8877
69 73 7220
69 74 7503
69 75 6396
69 76 5803
69 77 7488
69 78 7707
69 79 5446
69 80 5652
69 82 9099
69 83 5879
69 84 7189
69 85 5737
69 86 5565
69 88 9339
69 89 7064
69 90 7847
69 94 6602
69 95 5262
69 96 9525
69 97 7074
69 98 8639
69 99 5674
69 100 9661
69 101 8419
69 102 6229
69 103 7578
69 104 8101
69 105 5320
69 106 8418
69 107 7767
69 108 7578
69 109 9870
69 110 9493
69 111 6282
69 113 8287
69 114 9356
69 115 7960
69 116 6385
69 117 6933
69 118 6393
69 119 6003
69 120 6290
69 121 6903
69 122 7326
69 123 5052
69 124 8078
69 125 5438
69 126 7140
69 127 5399
69 128 9351
69 130 9347
70 71 9140
70 72 7267
70 73 5611
70 74 7559
70 76 5931
70 78 7066
70 79 9556
70 80 6438
70 81 7097
70 82 7597
70 83 7735
70 84 6209
70 85 9495
70 87 5934
70 88 7326
70 89 8516
70 90 9747
70 91 8503
70 92 8854
70 93 8730
70 94 9859
70 95 6053
70 96 9750
70 98 5946
70 100 7617
70 101 8185
70 102 5464
70 103 6816
70 104 6369
70 105 5637
70 106 9714
70 108 9917
70 109 7065
70 110 6506
70 111 5826
70 112 7228
70 114 7157
70 115 8628
70 116 5018
70 117 7463
70 118 9409
70 119 9766
70 120 6788
70 121 5921
70 122 5198
70 124 5042
70 125 6254
70 126 6135
70 128 8720
70 129 6508
70 130 8758
71 72 9627
71 73 5386
71 74 9863
71 75 7023
71 76 8882
71 77 5488
71 78 7426
71 79 6653
71 80 5524
71 81 5993
71 82 7582
71 83 6881
71 84 5905
71 85 7135
71 86 9439
71 87 7360
71 88 7905
71 89 5882
71 91 9647
71 92 6884
71 93 5810
71 95 7059
71 96 6599
71 97 8588
71 98 9017
71 100 8890
71 101 8534
71 102 8285
71 104 9135
71 105 8851
71 106 9126
71 107 6172
71 108 6306
71 109 7729
71 110 5257
71 111 5935
71 112 9557
71 113 7525
71 114 7759
71 115 9126
71 116 5187
71 117 8231
71 118 5451
71 119 7620
71 120 7510
71 121 5750
71 122 7890
71 123 5200
71 124 5495
71 125 5506
71 126 6934
71 128 6518
71 129 5221
71 130 9689
72 73 7274
72 74 6762
72 76 5209
72 77 7556
72 78 8866
72 79 7019
72 80 7082
72 81 5726
72 82 5333
72 83 7757
72 85 6565
72 86 9007
72 87 8715
72 88 7260
72 89 9194
72 90 8032
72 91 8375
72 92 5699
72 93 5995
72 94 6281
72 95 8759
72 96 9707
72 97 9290
72 98 5482
72 99 7303
72 100 6169
72 101 7378
72 102 5972
72 103 7404
72 104 9739
72 106 8358
72 107 5378
72 108 8671
72 110 9175
72 111 9131
72 112 7110
72 113 9410
72 114 8385
72 115 8096
72 116 6396
72 117 6994
72 118 8047
72 119 9988
72 121 5504
72 122 5733
72 123 5807
72 124 5607
72 125 7817
72 126 8086
72 127 7215
72 128 5444
72 130 5318
73 74 9805
73 75 6744
73 76 8772
73 77 8665
73 78 5307
73 79 6369
73 80 9349
73 81 5469
73 82 5488
73 84 7490
73 85 9279
73 86 9786
73 87 7597
73 88 6050
73 89 5992
73 90 7444
73 91 9749
73 92 5349
73 93 8545
73 94 7961
73 95 5245
73 96 9953
73 97 6919
73 99 8239
73 100 6627
73 101 6834
73 102 6717
73 103 6143
73 104 6216
73 105 6654
73 106 7189
73 107 7582
73 108 9318
73 109 6787
73 110 7437
73 111 7737
73 112 5158
73 113 5088
73 114 5163
73 115 5409
73 116 5607
73 118 9456
73 119 7464
73 120 6602
73 121 9356
73 122 9256
73 123 6389
73 124 6821
73 126 8771
73 127 5562
73 128 9268
73 129 9807
73 130 6993
74 75 5584
74 77 8908
74 78 6845
74 79 8835
74 81 7231
74 82 5684
74 83 5465
74 84 9824
74 85 5478
74 86 5964
74 87 6725
74 89 6830
74 90 5057
74 91 5545
74 92 6207
74 93 9828
74 94 5141
74 95 8120
74 96 9627
74 97 9521
74 98 6860
74 99 7110
74 100 7129
74 101 7106
74 102 5826
74 103 6426
74 104 5081
74 105 7913
74 106 5890
74 107 8544
74 109 6732
74 110 5678
74 111 9840
74 112 7310
74 113 7824
74 114 5324
74 115 9920
74 116 7238
74 117 5807
74 118 6036
74 119 8058
74 121 9322
74 122 6358
74 123 9564
74 124 5676
74 126 7852
74 128 5474
74 129 9117
74 130 6062
75 76 7317
75 77 6147
75 78 7063
75 79 9739
75 80 8962
75 82 6737
75 83 8939
75 84 6291
75 85 8794
75 86 8539
75 87 7168
75 88 6341
75 89 5254
75 90 7510
75 91 5260
75 92 6052
75 93 6768
75 94 8252
75 95 6997
75 96 5179
75 97 7648
75 98 6129
75 99 5343
75 100 7955
75 101 9523
75 102 5184
75 103 6319
75 104 6127
75 106 9300
75 107 8786
75 108 9187
75 109 8596
75 110 8623
75 111 9423
75 112 9135
75 113 9405
75 114 5851
75 116 9006
75 117 8706
75 118 9619
75 119 7257
75 120 6723
75 121 6202
75 122 6413
75 124 5657
75 126 9828
75 127 6522
75 128 6392
75 129 6687
75 130 7755
76 77 7322
76 78 8784
76 79 7855
76 80 5832
76 81 6058
76 82 8927
76 83 6563
76 84 8926
76 85 9611
76 86 6946
76 87 8477
76 88 5380
76 89 6304
76 90 6122
76 91 5773
76 92 6551
76 93 7796
76 94 7023
76 95 8923
76 96 6685
76 98 6349
76 99 9054
76 100 7469
76 101 9156
76 102 7316
76 103 7561
76 105 7992
76 106 8698
76 107 8669
76 108 9099
76 109 5271
76 110 5683
76 111 9319
76 112 9418
76 113 9753
76 114 6528
76 115 9253
76 116 8346
76 117 7081
76 118 7155
76 119 6565
76 120 9957
76 121 8415
76 123 5631
76 124 9829
76 125 5714
76 126 6605
76 127 8954
76 128 7963
76 129 6913
76 130 8864
77 78 6899
77 80 7624
77 81 8625
77 82 9277
77 83 9508
77 84 9018
77 86 7882
77 87 5762
77 88 9656
77 89 8123
77 90 6064
77 91 7666
77 92 5663
77 94 6271
77 95 7756
77 96 8204
77 97 7706
77 98 5041
77 99 8857
77 100 5632
77 101 5670
77 102 7629
77 103 5333
77 104 5740
77 105 8953
77 106 5616
77 107 5057
77 108 6470
77 109 6285
77 110 5320
77 111 7466
77 112 6598
77 113 7745
77 114 7850
77 116 8648
77 117 6254
77 118 5961
77 119 6257
77 120 7465
77 121 8910
77 122 9271
77 124 8951
77 125 8150
77 126 9278
77 127 5017
77 128 9647
77 129 6972
78 79 8894
78 80 8284
78 81 8609
78 82 7501
78 83 6300
78 84 5970
78 85 8932
78 87 5874
78 88 9415
78 89 8554
78 90 6009
78 91 8945
78 92 5776
78 94 6054
78 95 6750
78 96 6380
78 97 7556
78 98 5670
78 100 5369
78 101 7078
78 102 6281
78 103 5428
78 105 7764
78 106 5928
78 107 7563
78 108 6819
78 109 9525
78 110 6454
78 112 5363
78 114 9796
78 115 8553
78 116 5845
78 117 8927
78 118 6239
78 119 8370
78 120 7835
78 121 8884
78 122 6796
78 123 6654
78 124 5087
78 125 6064
78 126 9930
78 127 9919
78 128 7020
78 129 9036
78 130 7054
79 80 7618
79 81 7081
79 82 5904
79 83 6503
79 84 7568
79 85 6734
79 86 5590
79 87 6923
79 89 9588
79 90 9702
79 91 7483
79 92 6785
79 93 6862
79 94 9571
79 95 5362
79 96 8521
79 97 6338
79 98 7860
79 100 8492
79 101 9333
79 102 5735
79 103 6120
79 104 9103
79 105 9141
79 106 9206
79 107 8504
79 108 5117
79 109 9907
79 110 6303
79 111 8809
79 112 7914
79 113 6780
79 114 6913
79 115 5332
79 116 6933
79 117 5992
79 118 5388
79 119 7362
79 120 9218
79 121 8534
79 122 9400
79 123 9099
79 125 5992
79 126 8915
79 127 8867
79 128 7755
79 129 9554
79 130 8481
80 81 7209
80 82 7130
80 84 9683
80 85 5944
80 86 5163
80 88 5093
80 89 6128
80 90 9470
80 91 6683
80 92 7330
80 93 6773
80 94 9645
80 95 8103
80 96 5572
80 97 5227
80 98 8164
80 99 7601
80 100 7731
80 101 6903
80 102 7726
80 103 8257
80 104 9370
80 105 9193
80 106 6056
80 108 8616
80 109 7706
80 110 7290
80 111 8926
80 112 6620
80 113 5130
80 114 7682
80 115 7733
80 117 9974
80 119 9854
80 121 5054
80 122 5405
80 123 8169
80 124 8387
80 125 9289
80 126 6371
80 127 7175
80 129 9506
80 130 7308
81 82 9337
81 83 5601
81 84 5665
81 85 8731
81 86 6675
81 88 6036
81 90 6190
81 91 6680
81 92 7843
81 93 5192
81 94 6310
81 95 5377
81 96 6714
81 97 9274
81 98 9959
81 100 5363
81 101 7563
81 102 9286
81 103 6750
81 104 5227
81 105 6024
81 106 9139
81 107 6049
81 108 8672
81 109 7720
81 110 9304
81 111 6248
81 112 9728
81 113 7670
81 114 6195
81 115 7710
81 116 5723
81 118 5435
81 119 5948
81 120 6653
81 121 5431
81 122 5007
81 123 9425
81 124 5274
81 125 8928
81 126 9833
81 127 6845
81 128 5204
81 129 5767
81 130 9365
82 83 7715
82 84 6441
82 85 5274
82 86 7928
82 87 7283
82 89 6460
82 91 7311
82 92 6929
82 93 8809
82 94 7910
82 95 9913
82 96 8253
82 97 5674
82 98 8200
82 99 8448
82 100 5500
82 101 9723
82 102 8094
82 103 8900
82 104 9534
82 105 6075
82 106 5954
82 107 7343
82 108 5150
82 109 8168
82 110 9251
82 111 8858
82 112 6549
82 113 8067
82 114 7282
82 115 7007
82 116 5608
82 117 5561
82 118 9910
82 119 5941
82 120 8933
82 121 6668
82 123 5373
82 124 9795
82 125 8358
82 126 9482
82 128 8741
82 129 9622
82 130 8774
83 85 5392
83 86 8720
83 87 9985
83 88 5772
83 89 6873
83 91 9489
83 93 5565
83 94 7409
83 95 9573
83 96 9660
83 97 6088
83 98 7557
83 99 6160
83 100 6608
83 101 9538
83 102 6382
83 103 5845
83 104 6044
83 105 7884
83 106 7931
83 107 9040
83 108 6952
83 109 6818
83 110 5189
83 111 9719
83 112 6263
83 113 6572
83 114 9209
83 115 7748
83 117 9293
83 119 9033
83 120 8614
83 121 8081
83 122 9310
83 123 5707
83 125 8894
83 126 8375
83 127 9265
83 128 9574
83 129 7036
83 130 5796
84 85 5520
84 87 9579
84 89 6105
84 90 6567
84 91 9169
84 92 9550
84 94 5105
84 95 7265
84 96 9248
84 97 5833
84 98 6398
84 99 6508
84 100 9836
84 101 8676
84 102 7925
84 103 8119
84 106 5111
84 107 7698
84 109 5787
84 110 5733
84 111 7546
84 112 9293
84 113 8018
84 114 7748
84 115 8975
84 116 5372
84 117 6044
84 118 6756
84 119 8731
84 120 7498
84 121 5816
84 122 7038
84 123 9961
84 124 5850
84 125 8457
84 126 5119
84 127 8837
84 128 7209
84 129 5134
84 130 5749
85 86 5832
85 87 5785
85 88 5267
85 89 9982
85 90 7472
85 91 6930
85 92 8518
85 93 5417
85 94 9725
85 95 8917
85 96 6194
85 97 6395
85 98 8485
85 99 7079
85 100 6968
85 101 6899
85 102 7225
85 103 6020
85 104 8697
85 105 5550
85 106 6830
85 107 5778
85 108 6806
85 109 8396
85 110 8676
85 111 5081
85 112 5368
85 113 6025
85 114 8194
85 115 6249
85 116 9304
85 117 7853
85 118 8369
85 119 8244
85 120 7496
85 121 7964
85 123 5600
85 124 7732
85 125 6412
85 126 5600
85 127 6448
85 128 9318
85 129 9542
85 130 6034
86 87 5840
86 88 6274
86 89 9814
86 90 9954
86 91 8007
86 92 7696
86 93 5140
86 94 5338
86 95 5115
86 96 8134
86 97 9530
86 98 6562
86 99 7498
86 100 9430
86 102 6068
86 103 9987
86 104 5344
86 105 6360
86 106 9054
86 107 9452
86 108 9917
86 109 8580
86 110 7372
86 111 7467
86 112 8676
86 113 6280
86 114 7470
86 115 5619
86 116 8383
86 117 6983
86 118 5969
86 119 6926
86 120 9596
86 121 6017
86 123 8022
86 124 6813
86 125 6656
86 126 7546
86 128 9604
86 129 9688
86 130 5303
87 88 9643
87 89 7197
87 90 5568
87 91 5212
87 92 8201
87 94 9707
87 95 7203
87 96 7918
87 97 5232
87 98 5301
87 99 5221
87 100 6082
87 101 6659
87 102 9645
87 103 9369
87 104 5397
87 105 9002
87 106 9735
87 107 9683
87 108 7958
87 109 8121
87 110 6828
87 111 9336
87 112 8024
87 113 6022
87 114 6777
87 115 7217
87 116 7794
87 117 7942
87 118 6694
87 119 7372
87 120 9957
87 121 9144
87 122 5712
87 123 7451
87 124 7738
87 125 6801
87 126 8767
87 127 6427
87 128 8489
87 129 6143
87 130 7160
88 89 8469
88 90 5234
88 91 8302
88 92 7229
88 93 6001
88 94 6224
88 95 5190
88 96 6864
88 97 7918
88 98 6898
88 99 7226
88 100 8539
88 101 7539
88 102 9864
88 103 6410
88 104 7860
88 105 9554
88 106 5060
88 107 7243
88 108 7545
88 109 9464
88 110 7918
88 111 5754
88 112 9264
88 113 9886
88 114 9950
88 115 5852
88 116 5721
88 117 9258
88 118 7878
88 119 8777
88 120 7378
88 121 7495
88 122 9638
88 123 7636
88 124 9427
88 125 5648
88 126 9470
88 127 7821
88 128 5007
88 129 6369
88 130 6047
89 92 7609
89 93 6847
89 94 7363
89 95 7491
89 96 9172
89 97 5763
89 98 7672
89 100 9410
89 101 6830
89 102 6303
89 103 5306
89 104 5502
89 105 5934
89 106 7288
89 107 5982
89 108 6189
89 109 6588
89 110 5180
89 111 8175
89 112 9898
89 113 7250
89 114 6381
89 115 8559
89 117 5055
89 118 9264
89 119 5399
89 120 9721
89 121 8333
89 123 7128
89 124 9662
89 127 9619
89 128 5804
89 129 8752
89 130 6068
90 91 5917
90 94 6835
90 95 7200
90 97 9087
90 99 7151
90 100 8285
90 101 5046
90 102 6499
90 103 9472
90 104 7942
90 105 6445
90 106 9537
90 107 9926
90 108 6797
90 109 5469
90 110 9365
90 111 9069
90 112 9857
90 113 5131
90 114 8727
90 116 5098
90 117 8552
90 118 7840
90 119 7754
90 120 5928
90 121 5319
90 122 8655
90 123 7623
90 124 9634
90 125 8177
90 126 7334
90 127 6487
90 128 7658
90 129 6359
90 130 8523
91 92 6630
91 93 6416
91 94 6598
91 95 6040
91 96 9114
91 97 9177
91 98 9678
91 99 7650
91 100 7380
91 102 7324
91 103 6476
91 104 5085
91 105 9764
91 106 7635
91 107 6766
91 108 9236
91 109 6517
91 110 9064
91 113 5699
91 114 5652
91 115 7087
91 116 5382
91 118 6560
91 119 6455
91 120 9940
91 121 7736
91 122 9659
91 123 7575
91 124 7691
91 125 5184
91 126 6712
91 127 6195
91 128 6455
91 130 9390
92 93 5975
92 94 5169
92 95 9413
92 96 6657
92 97 6096
92 98 7838
92 99 5281
92 100 9596
92 101 6309
92 102 6649
92 103 7654
92 104 5967
92 105 8773
92 106 5219
92 107 9710
92 109 8717
92 110 7193
92 111 9326
92 112 6840
92 113 6900
92 114 7721
92 115 9542
92 116 7626
92 117 7648
92 118 5313
92 119 5413
92 120 6828
92 121 5228
92 122 6650
92 123 8006
92 124 6304
92 125 8239
92 126 8894
92 127 5763
92 128 8259
92 130 9979
93 94 8852
93 95 6580
93 96 9802
93 97 7983
93 98 9883
93 100 9458
93 101 7782
93 102 9836
93 103 8281
93 105 7004
93 106 6366
93 107 7372
93 108 9918
93 109 6714
93 110 8871
93 111 5253
93 112 7073
93 113 7469
93 115 8991
93 116 9837
93 117 5369
93 118 7866
93 119 9333
93 120 9772
93 122 9358
93 123 5227
93 125 9875
93 126 5868
93 127 9374
93 128 6362
93 129 8759
93 130 9250
94 95 6064
94 96 7846
94 97 7945
94 98 9739
94 101 9413
94 102 9630
94 103 8457
94 104 8417
94 105 7419
94 106 8997
94 107 8482
94 108 7217
94 109 7025
94 110 6252
94 111 5103
94 112 7329
94 114 8399
94 115 9687
94 116 8555
94 117 7131
94 118 6399
94 119 9136
94 120 9301
94 121 7075
94 122 7338
94 123 6029
94 124 7599
94 125 6237
94 126 5896
94 127 8072
94 128 5140
94 129 6918
94 130 9559
95 96 5774
95 97 6772
95 98 5877
95 99 5311
95 101 6886
95 102 7263
95 103 6695
95 104 5487
95 105 9095
95 106 7836
95 107 5824
95 108 7433
95 109 5498
95 110 9293
95 111 6424
95 112 6600
95 113 8956
95 114 7326
95 115 7904
95 116 5394
95 117 9334
95 118 9660
95 119 8594
95 120 5446
95 121 8279
95 122 9123
95 123 8959
95 125 5738
95 126 5464
95 127 8587
95 128 7818
95 130 6990
96 97 7231
96 98 6996
96 99 5898
96 100 9531
96 101 5262
96 104 8702
96 105 8429
96 106 6136
96 107 5586
96 108 6828
96 109 5997
96 110 5012
96 111 7803
96 112 9875
96 114 5468
96 115 5269
96 116 5975
96 117 6123
96 118 8680
96 119 5598
96 120 6086
96 121 7690
96 122 7847
96 123 8028
96 125 8986
96 126 5715
96 127 5848
96 128 9936
96 130 9622
97 98 5204
97 100 7570
97 101 9466
97 102 5240
97 103 7496
97 104 5075
97 105 8788
97 106 8763
97 107 9783
97 108 6001
97 109 9397
97 110 9545
97 111 6428
97 114 7885
97 115 5792
97 116 8186
97 117 6643
97 119 9044
97 120 8421
97 121 6794
97 122 8608
97 123 9732
97 124 9814
97 125 6829
97 126 6551
97 127 9638
97 128 5318
97 129 8266
97 130 7794
98 99 9678
98 100 7203
98 101 9496
98 102 5881
98 103 6487
98 104 5593
98 106 8075
98 107 7808
98 108 6529
98 109 6752
98 110 5909
98 112 8960
98 113 5903
98 114 6991
98 115 9296
98 116 7896
98 117 6385
98 118 7884
98 119 9588
98 120 8410
98 121 6657
98 122 7783
98 124 7880
98 125 6109
98 126 7238
98 127 6271
98 128 5361
98 129 5218
98 130 6973
99 100 9062
99 102 8715
99 104 6005
99 105 8859
99 106 5403
99 107 8700
99 108 9675
99 109 8519
99 110 6442
99 111 6239
99 112 6939
99 113 7228
99 114 8586
99 115 5552
99 116 6676
99 117 6501
99 118 5290
99 119 5724
99 120 7472
99 121 6360
99 122 6561
99 123 7701
99 124 7125
99 125 9539
99 126 6574
99 127 7544
99 128 7319
99 129 5308
99 130 8702
100 101 8070
100 102 9083
100 103 5176
100 105 8365
100 106 5791
100 107 8155
100 108 5423
100 109 7662
100 110 5831
100 112 6816
100 113 8451
100 114 9862
100 115 6089
100 116 8800
100 117 6509
100 118 5820
100 119 5243
100 120 7064
100 121 5086
100 122 7675
100 123 8150
100 124 5593
100 125 5450
100 126 7835
100 127 9087
100 128 7046
100 129 9969
100 130 6714
101 102 6761
101 103 7126
101 105 7075
101 107 5844
101 108 7510
101 109 5865
101 110 8737
101 111 8225
101 112 5636
101 115 8496
101 116 7207
101 118 7906
101 119 6569
101 120 5522
101 122 9776
101 123 5751
101 125 7913
101 126 7173
101 127 6981
101 128 7667
101 129 6972
101 130 8892
102 103 7572
102 104 9525
102 105 7248
102 106 8269
102 107 7628
102 108 9874
102 110 8654
102 111 9604
102 112 8370
102 113 7575
102 114 7391
102 115 7376
102 116 8574
102 117 8828
102 118 8110
102 119 5783
102 120 9413
102 121 8455
102 122 9804
102 123 5606
102 124 9998
102 125 5508
102 126 6707
102 127 6764
102 128 7120
102 129 9445
102 130 5681
103 104 9413
103 105 7977
103 106 5729
103 108 8057
103 109 5125
103 110 8705
103 111 7993
103 112 5807
103 113 8943
103 115 6537
103 116 9166
103 118 7476
103 119 7547
103 120 7719
103 121 5692
103 122 5338
103 123 6915
103 125 8350
103 126 8175
103 127 9498
103 129 7587
103 130 5719
104 105 6351
104 106 6266
104 107 9241
104 108 7473
104 109 5213
104 110 8730
104 111 5654
104 112 6409
104 113 8384
104 114 8431
104 115 6650
104 116 6120
104 117 9961
104 118 6881
104 119 5113
104 120 6290
104 121 8573
104 122 8505
104 123 8553
104 124 9839
104 125 8653
104 126 9935
104 127 5085
104 129 5265
104 130 5876
105 106 9707
105 108 5904
105 109 8371
105 110 7308
105 111 8019
105 113 8869
105 114 9051
105 116 5159
105 117 8986
105 118 7172
105 119 7377
105 120 5484
105 121 6981
105 122 6855
105 123 6604
105 124 8712
105 125 5792
105 126 9880
105 127 5503
105 128 5568
105 129 9054
105 130 9022
106 107 8920
106 108 8811
106 109 5849
106 110 7186
106 111 9200
106 112 6442
106 113 9396
106 114 9783
106 115 9814
106 116 7006
106 117 8376
106 118 7504
106 119 6692
106 120 5450
106 121 9352
106 122 5186
106 123 5576
106 124 8844
106 125 9677
106 126 8310
106 127 6013
106 128 8208
106 129 6946
106 130 5689
107 108 5199
107 109 9654
107 110 5097
107 111 7995
107 112 9098
107 113 9935
107 114 6516
107 115 8643
107 117 9196
107 118 5296
107 119 5103
107 120 7597
107 121 5252
107 122 5896
107 123 7731
107 124 8762
107 125 7787
107 126 5043
107 127 8263
107 128 6310
107 129 6028
107 130 5952
108 109 5494
108 110 7745
108 111 8667
108 112 7561
108 113 9536
108 114 5335
108 115 8674
108 116 8614
108 117 6752
108 118 5634
108 119 7648
108 120 5210
108 121 8703
108 122 6309
108 123 9437
108 124 7537
108 125 9112
108 126 6002
108 127 5456
108 129 9569
109 110 7741
109 111 8641
109 112 6134
109 113 8107
109 114 6991
109 115 5975
109 116 8627
109 117 7159
109 118 5492
109 119 5011
109 120 5288
109 121 5444
109 122 6341
109 123 7891
109 124 6711
109 125 8601
109 126 7719
109 127 5616
109 128 8837
109 129 9490
110 111 7101
110 112 9206
110 113 5374
110 114 5323
110 115 8921
110 116 6322
110 117 9883
110 118 5102
110 120 7444
110 121 8491
110 122 6850
110 123 5892
110 124 5351
110 125 6214
110 126 6430
110 127 6602
110 128 5148
110 129 9646
111 112 7011
111 113 6373
111 114 9338
111 115 5051
111 116 9367
111 117 9665
111 118 9752
111 119 5516
111 120 6471
111 121 9440
111 122 5474
111 123 9394
111 124 7066
111 125 6440
111 126 7105
111 127 9851
111 128 5447
111 129 8891
111 130 5342
112 113 9772
112 114 8333
112 115 5169
112 116 7018
112 117 8278
112 118 5596
112 119 6938
112 120 7767
112 121 7724
112 122 6481
112 123 6620
112 124 8397
112 125 7790
112 126 6838
112 127 8195
112 129 7600
112 130 9590
113 114 8513
113 115 8293
113 116 7240
113 117 9689
113 118 7705
113 120 7348
113 121 7276
113 122 6433
113 123 6032
113 125 8626
113 126 9120
113 127 6023
113 128 6014
113 129 9445
114 116 5987
114 117 6342
114 118 7991
114 119 7726
114 120 9132
114 121 5732
114 122 6757
114 123 8018
114 124 6531
114 125 6638
114 126 7499
114 127 9810
114 128 9084
114 130 8625
115 116 7896
115 117 7307
115 118 8780
115 119 8564
115 120 7525
115 121 6233
115 122 6711
115 123 5053
115 124 7224
115 125 9587
115 126 5701
115 127 6900
115 128 6352
115 129 9090
115 130 7041
116 117 6757
116 118 9651
116 119 8163
116 120 5601
116 121 8221
116 122 8760
116 123 9896
116 124 6278
116 125 6817
116 126 6987
116 127 6565
116 129 9475
116 130 6781
117 119 7404
117 120 6654
117 121 8028
117 122 6392
117 123 5865
117 124 6929
117 125 9581
117 126 8231
117 127 7190
117 128 5746
117 129 5917
117 130 6708
118 119 9936
118 120 6120
118 121 8085
118 122 9649
118 123 6288
118 124 8964
118 125 6151
118 126 8624
118 127 6156
118 128 6380
118 129 8002
118 130 9939
119 120 5675
119 121 8020
119 122 8089
119 123 9932
119 124 8428
119 125 7560
119 126 6652
119 127 7997
119 128 7672
119 129 6187
119 130 6654
120 121 8466
120 123 8656
120 124 7577
120 125 7451
120 126 9256
120 127 5354
120 128 8266
120 129 9643
120 130 7513
121 122 6167
121 123 7326
121 124 6998
121 125 5998
121 126 5698
121 127 6657
121 128 5621
121 129 9500
122 123 8046
122 124 8070
122 125 6103
122 126 5226
122 127 9383
122 128 5193
122 129 6999
123 124 5967
123 125 9942
123 126 5903
123 127 7787
123 129 6470
123 130 6887
124 125 6109
124 126 7024
124 127 5971
124 128 6572
124 129 5743
124 130 5091
125 126 7225
125 127 7196
125 129 5628
125 130 7484
126 127 7408
126 128 9842
126 129 6191
126 130 8164
127 128 9810
127 129 9676
127 130 5846
128 129 6529
128 130 8245
129 130 9449
