30 220 15 10
1 3 29
1 5 11
1 6 25
1 7 29
1 9 19
1 10 26
1 13 25
1 14 25
1 18 5
1 19 3
1 20 8
1 21 11
1 22 10
1 23 20
1 25 28
1 26 24
1 27 1
1 28 9
1 29 18
2 4 5
2 5 9
2 6 26
2 7 7
2 9 17
2 10 22
2 11 4
2 12 22
2 13 2
2 15 8
2 16 2
2 20 25
2 23 14
2 24 6
2 26 28
2 28 15
2 30 21
3 7 20
3 9 7
3 10 19
3 11 30
3 12 22
3 14 12
3 15 2
3 17 29
3 20 8
3 21 19
3 23 8
3 24 21
3 27 17
3 28 1
3 29 20
3 30 10
4 6 25
4 7 6
4 8 1
4 12 10
4 14 16
4 16 27
4 18 5
4 24 8
4 26 24
4 27 1
4 29 26
5 7 7
5 8 14
5 9 30
5 13 19
5 14 6
5 16 17
5 19 1
5 20 13
5 24 10
5 25 21
5 27 29
5 30 23
6 12 19
6 13 19
6 14 20
6 15 3
6 18 16
6 19 20
6 20 5
6 21 11
6 27 22
6 29 23
6 30 3
7 9 29
7 11 25
7 12 22
7 13 3
7 16 8
7 17 16
7 18 14
7 19 16
7 26 23
7 27 7
7 29 29
8 9 27
8 13 21
8 14 10
8 17 20
8 18 6
8 19 30
8 22 1
8 23 25
8 26 27
8 27 22
8 29 18
8 30 20
9 14 23
9 18 20
9 19 2
9 20 27
9 21 11
9 22 20
9 23 10
9 25 10
9 27 5
9 29 21
10 11 13
10 13 15
10 14 11
10 16 12
10 17 10
10 21 11
10 23 13
10 26 18
10 29 29
10 30 14
11 12 12
11 17 23
11 21 28
11 24 14
11 25 7
11 26 16
11 27 8
11 28 9
12 14 20
12 15 9
12 16 26
12 22 22
12 23 27
12 24 23
12 30 16
13 14 19
13 15 7
13 16 24
13 18 17
13 19 16
13 20 30
13 21 23
13 22 25
13 24 20
13 28 29
13 29 11
13 30 17
14 15 4
14 19 7
14 20 24
14 22 13
14 24 9
14 25 16
14 27 7
15 16 8
15 19 17
15 20 29
15 21 11
15 22 5
15 24 17
15 25 5
15 26 26
15 27 15
15 28 6
15 29 27
15 30 4
16 17 14
16 18 29
16 20 3
16 21 17
16 23 10
16 25 24
16 26 28
16 28 3
16 29 9
17 21 6
17 22 13
17 24 25
17 25 20
17 27 28
17 29 20
18 19 8
18 21 8
18 22 19
18 26 19
18 28 4
18 30 19
19 21 6
19 27 3
20 22 2
20 23 13
20 25 25
20 26 8
20 30 16
21 23 9
21 27 24
21 30 9
22 23 16
22 27 5
22 30 26
23 24 1
23 29 8
24 26 14
24 28 5
25 27 18
25 28 10
25 29 13
26 27 9
27 28 27
27 29 24
29 30 15
