100 4950 85 48
1 2 3
1 3 3
1 4 3
1 5 1
1 6 3
1 7 1
1 8 1
1 9 1
1 10 1
1 11 3
1 12 2
1 13 3
1 14 3
1 15 1
1 16 2
1 17 3
1 18 1
1 19 1
1 20 2
1 21 1
1 22 3
1 23 2
1 24 3
1 25 1
1 26 3
1 27 1
1 28 3
1 29 3
1 30 2
1 31 3
1 32 1
1 33 3
1 34 3
1 35 1
1 36 2
1 37 1
1 38 1
1 39 3
1 40 1
1 41 1
1 42 1
1 43 3
1 44 2
1 45 1
1 46 3
1 47 1
1 48 3
1 49 1
1 50 3
1 51 2
1 52 2
1 53 1
1 54 3
1 55 1
1 56 3
1 57 3
1 58 1
1 59 1
1 60 3
1 61 1
1 62 3
1 63 1
1 64 2
1 65 1
1 66 1
1 67 2
1 68 2
1 69 1
1 70 3
1 71 3
1 72 2
1 73 3
1 74 1
1 75 2
1 76 3
1 77 2
1 78 3
1 79 2
1 80 1
1 81 2
1 82 3
1 83 3
1 84 1
1 85 3
1 86 2
1 87 3
1 88 1
1 89 3
1 90 1
1 91 1
1 92 1
1 93 1
1 94 3
1 95 2
1 96 3
1 97 3
1 98 1
1 99 2
1 100 3
2 3 2
2 4 2
2 5 3
2 6 2
2 7 3
2 8 2
2 9 2
2 10 1
2 11 1
2 12 2
2 13 2
2 14 1
2 15 1
2 16 2
2 17 1
2 18 2
2 19 1
2 20 1
2 21 3
2 22 2
2 23 3
2 24 1
2 25 2
2 26 1
2 27 3
2 28 3
2 29 1
2 30 3
2 31 1
2 32 2
2 33 3
2 34 3
2 35 2
2 36 1
2 37 2
2 38 3
2 39 1
2 40 3
2 41 1
2 42 3
2 43 1
2 44 2
2 45 3
2 46 2
2 47 3
2 48 2
2 49 2
2 50 2
2 51 1
2 52 1
2 53 1
2 54 1
2 55 3
2 56 1
2 57 2
2 58 3
2 59 3
2 60 3
2 61 3
2 62 1
2 63 3
2 64 3
2 65 3
2 66 2
2 67 1
2 68 3
2 69 1
2 70 2
2 71 2
2 72 1
2 73 3
2 74 1
2 75 1
2 76 1
2 77 2
2 78 3
2 79 3
2 80 1
2 81 2
2 82 1
2 83 1
2 84 3
2 85 2
2 86 1
2 87 1
2 88 3
2 89 3
2 90 1
2 91 3
2 92 2
2 93 1
2 94 2
2 95 3
2 96 3
2 97 1
2 98 3
2 99 2
2 100 2
3 4 2
3 5 2
3 6 2
3 7 3
3 8 1
3 9 2
3 10 3
3 11 1
3 12 2
3 13 1
3 14 1
3 15 1
3 16 3
3 17 3
3 18 2
3 19 2
3 20 3
3 21 1
3 22 2
3 23 3
3 24 3
3 25 1
3 26 2
3 27 2
3 28 1
3 29 3
3 30 1
3 31 2
3 32 1
3 33 3
3 34 2
3 35 2
3 36 3
3 37 2
3 38 2
3 39 1
3 40 1
3 41 3
3 42 2
3 43 1
3 44 2
3 45 3
3 46 1
3 47 3
3 48 2
3 49 3
3 50 3
3 51 1
3 52 2
3 53 3
3 54 3
3 55 2
3 56 3
3 57 2
3 58 2
3 59 1
3 60 1
3 61 3
3 62 2
3 63 2
3 64 2
3 65 3
3 66 1
3 67 3
3 68 1
3 69 3
3 70 1
3 71 3
3 72 1
3 73 3
3 74 3
3 75 2
3 76 3
3 77 3
3 78 2
3 79 2
3 80 1
3 81 2
3 82 2
3 83 3
3 84 3
3 85 1
3 86 1
3 87 2
3 88 2
3 89 3
3 90 2
3 91 1
3 92 2
3 93 3
3 94 3
3 95 2
3 96 1
3 97 3
3 98 3
3 99 1
3 100 3
4 5 2
4 6 2
4 7 1
4 8 1
4 9 1
4 10 3
4 11 1
4 12 2
4 13 1
4 14 1
4 15 2
4 16 2
4 17 2
4 18 3
4 19 2
4 20 1
4 21 2
4 22 2
4 23 2
4 24 3
4 25 3
4 26 3
4 27 3
4 28 1
4 29 3
4 30 3
4 31 3
4 32 2
4 33 2
4 34 1
4 35 1
4 36 3
4 37 1
4 38 2
4 39 3
4 40 2
4 41 3
4 42 2
4 43 1
4 44 2
4 45 3
4 46 3
4 47 1
4 48 1
4 49 1
4 50 2
4 51 2
4 52 3
4 53 1
4 54 1
4 55 3
4 56 3
4 57 1
4 58 3
4 59 3
4 60 3
4 61 1
4 62 1
4 63 1
4 64 2
4 65 3
4 66 3
4 67 2
4 68 3
4 69 1
4 70 1
4 71 3
4 72 2
4 73 1
4 74 3
4 75 3
4 76 3
4 77 1
4 78 3
4 79 2
4 80 1
4 81 1
4 82 3
4 83 1
4 84 1
4 85 2
4 86 1
4 87 1
4 88 2
4 89 2
4 90 1
4 91 3
4 92 1
4 93 1
4 94 3
4 95 3
4 96 1
4 97 1
4 98 3
4 99 3
4 100 3
5 6 3
5 7 1
5 8 1
5 9 1
5 10 3
5 11 2
5 12 2
5 13 2
5 14 3
5 15 2
5 16 2
5 17 3
5 18 3
5 19 1
5 20 3
5 21 3
5 22 2
5 23 1
5 24 3
5 25 2
5 26 3
5 27 1
5 28 3
5 29 1
5 30 1
5 31 1
5 32 2
5 33 1
5 34 3
5 35 1
5 36 3
5 37 3
5 38 3
5 39 3
5 40 3
5 41 3
5 42 3
5 43 2
5 44 1
5 45 2
5 46 1
5 47 2
5 48 3
5 49 2
5 50 3
5 51 2
5 52 1
5 53 2
5 54 1
5 55 3
5 56 3
5 57 3
5 58 1
5 59 2
5 60 1
5 61 1
5 62 1
5 63 2
5 64 3
5 65 3
5 66 2
5 67 1
5 68 2
5 69 1
5 70 3
5 71 2
5 72 3
5 73 1
5 74 3
5 75 3
5 76 1
5 77 3
5 78 3
5 79 1
5 80 2
5 81 3
5 82 1
5 83 3
5 84 3
5 85 2
5 86 1
5 87 3
5 88 1
5 89 2
5 90 1
5 91 2
5 92 2
5 93 1
5 94 3
5 95 3
5 96 2
5 97 3
5 98 3
5 99 1
5 100 3
6 7 2
6 8 2
6 9 1
6 10 2
6 11 3
6 12 1
6 13 1
6 14 2
6 15 3
6 16 2
6 17 1
6 18 1
6 19 1
6 20 1
6 21 1
6 22 2
6 23 2
6 24 1
6 25 3
6 26 1
6 27 1
6 28 2
6 29 2
6 30 3
6 31 1
6 32 2
6 33 2
6 34 1
6 35 2
6 36 3
6 37 2
6 38 2
6 39 1
6 40 3
6 41 3
6 42 1
6 43 3
6 44 1
6 45 2
6 46 1
6 47 1
6 48 2
6 49 3
6 50 3
6 51 2
6 52 2
6 53 3
6 54 2
6 55 1
6 56 3
6 57 3
6 58 1
6 59 2
6 60 3
6 61 2
6 62 3
6 63 2
6 64 1
6 65 1
6 66 2
6 67 3
6 68 1
6 69 2
6 70 2
6 71 3
6 72 1
6 73 1
6 74 2
6 75 2
6 76 2
6 77 1
6 78 2
6 79 2
6 80 1
6 81 1
6 82 3
6 83 1
6 84 3
6 85 2
6 86 1
6 87 2
6 88 2
6 89 2
6 90 3
6 91 2
6 92 1
6 93 2
6 94 2
6 95 2
6 96 1
6 97 1
6 98 3
6 99 3
6 100 3
7 8 3
7 9 1
7 10 1
7 11 3
7 12 2
7 13 3
7 14 1
7 15 3
7 16 1
7 17 1
7 18 3
7 19 3
7 20 3
7 21 3
7 22 3
7 23 2
7 24 2
7 25 2
7 26 3
7 27 1
7 28 3
7 29 2
7 30 2
7 31 2
7 32 1
7 33 2
7 34 1
7 35 3
7 36 2
7 37 2
7 38 1
7 39 3
7 40 2
7 41 1
7 42 3
7 43 1
7 44 1
7 45 3
7 46 2
7 47 3
7 48 1
7 49 2
7 50 1
7 51 1
7 52 1
7 53 1
7 54 1
7 55 3
7 56 2
7 57 3
7 58 2
7 59 3
7 60 2
7 61 3
7 62 3
7 63 1
7 64 3
7 65 2
7 66 1
7 67 2
7 68 1
7 69 3
7 70 3
7 71 2
7 72 3
7 73 3
7 74 1
7 75 1
7 76 1
7 77 2
7 78 3
7 79 3
7 80 1
7 81 2
7 82 2
7 83 1
7 84 2
7 85 1
7 86 1
7 87 2
7 88 1
7 89 2
7 90 1
7 91 2
7 92 2
7 93 2
7 94 3
7 95 2
7 96 2
7 97 3
7 98 2
7 99 2
7 100 3
8 9 1
8 10 2
8 11 1
8 12 2
8 13 2
8 14 1
8 15 2
8 16 3
8 17 3
8 18 2
8 19 2
8 20 3
8 21 3
8 22 1
8 23 1
8 24 3
8 25 3
8 26 3
8 27 3
8 28 3
8 29 1
8 30 2
8 31 2
8 32 1
8 33 1
8 34 3
8 35 3
8 36 3
8 37 3
8 38 3
8 39 1
8 40 3
8 41 1
8 42 3
8 43 1
8 44 2
8 45 1
8 46 3
8 47 2
8 48 2
8 49 1
8 50 3
8 51 1
8 52 1
8 53 3
8 54 1
8 55 3
8 56 2
8 57 3
8 58 2
8 59 3
8 60 1
8 61 1
8 62 3
8 63 3
8 64 2
8 65 1
8 66 1
8 67 2
8 68 3
8 69 3
8 70 1
8 71 1
8 72 2
8 73 2
8 74 3
8 75 1
8 76 2
8 77 3
8 78 3
8 79 3
8 80 1
8 81 2
8 82 2
8 83 1
8 84 3
8 85 3
8 86 3
8 87 3
8 88 3
8 89 2
8 90 3
8 91 3
8 92 2
8 93 3
8 94 2
8 95 1
8 96 1
8 97 2
8 98 2
8 99 2
8 100 1
9 10 1
9 11 2
9 12 2
9 13 1
9 14 3
9 15 3
9 16 3
9 17 3
9 18 1
9 19 3
9 20 2
9 21 2
9 22 1
9 23 2
9 24 3
9 25 1
9 26 3
9 27 2
9 28 3
9 29 3
9 30 3
9 31 2
9 32 3
9 33 3
9 34 3
9 35 1
9 36 1
9 37 3
9 38 2
9 39 2
9 40 1
9 41 1
9 42 3
9 43 1
9 44 2
9 45 2
9 46 1
9 47 2
9 48 3
9 49 3
9 50 1
9 51 1
9 52 2
9 53 1
9 54 3
9 55 1
9 56 1
9 57 2
9 58 2
9 59 2
9 60 3
9 61 1
9 62 1
9 63 1
9 64 1
9 65 3
9 66 1
9 67 2
9 68 3
9 69 1
9 70 2
9 71 3
9 72 2
9 73 3
9 74 2
9 75 2
9 76 3
9 77 1
9 78 1
9 79 3
9 80 1
9 81 1
9 82 3
9 83 1
9 84 1
9 85 2
9 86 1
9 87 1
9 88 3
9 89 3
9 90 3
9 91 3
9 92 1
9 93 1
9 94 1
9 95 3
9 96 3
9 97 2
9 98 3
9 99 3
9 100 3
10 11 3
10 12 1
10 13 2
10 14 1
10 15 1
10 16 1
10 17 1
10 18 1
10 19 2
10 20 3
10 21 1
10 22 1
10 23 2
10 24 2
10 25 1
10 26 2
10 27 3
10 28 3
10 29 1
10 30 2
10 31 3
10 32 3
10 33 2
10 34 1
10 35 2
10 36 1
10 37 2
10 38 1
10 39 3
10 40 1
10 41 1
10 42 3
10 43 1
10 44 3
10 45 3
10 46 1
10 47 3
10 48 2
10 49 1
10 50 1
10 51 1
10 52 1
10 53 1
10 54 3
10 55 1
10 56 2
10 57 2
10 58 2
10 59 3
10 60 2
10 61 3
10 62 1
10 63 2
10 64 1
10 65 3
10 66 3
10 67 2
10 68 3
10 69 3
10 70 3
10 71 3
10 72 2
10 73 3
10 74 2
10 75 1
10 76 1
10 77 1
10 78 1
10 79 2
10 80 2
10 81 1
10 82 1
10 83 3
10 84 2
10 85 2
10 86 1
10 87 3
10 88 3
10 89 3
10 90 1
10 91 2
10 92 2
10 93 2
10 94 1
10 95 2
10 96 2
10 97 2
10 98 3
10 99 1
10 100 3
11 12 3
11 13 1
11 14 3
11 15 1
11 16 3
11 17 3
11 18 1
11 19 2
11 20 3
11 21 3
11 22 3
11 23 3
11 24 2
11 25 1
11 26 1
11 27 2
11 28 3
11 29 2
11 30 2
11 31 2
11 32 2
11 33 2
11 34 3
11 35 1
11 36 3
11 37 1
11 38 1
11 39 3
11 40 2
11 41 2
11 42 1
11 43 2
11 44 1
11 45 1
11 46 2
11 47 2
11 48 3
11 49 3
11 50 2
11 51 1
11 52 3
11 53 2
11 54 1
11 55 3
11 56 2
11 57 2
11 58 2
11 59 2
11 60 1
11 61 3
11 62 3
11 63 2
11 64 3
11 65 3
11 66 3
11 67 2
11 68 1
11 69 1
11 70 1
11 71 2
11 72 1
11 73 1
11 74 3
11 75 3
11 76 1
11 77 2
11 78 1
11 79 2
11 80 3
11 81 1
11 82 2
11 83 1
11 84 1
11 85 2
11 86 1
11 87 1
11 88 3
11 89 3
11 90 2
11 91 3
11 92 2
11 93 2
11 94 1
11 95 1
11 96 1
11 97 3
11 98 1
11 99 3
11 100 2
12 13 2
12 14 1
12 15 1
12 16 3
12 17 2
12 18 3
12 19 3
12 20 1
12 21 1
12 22 2
12 23 1
12 24 2
12 25 2
12 26 2
12 27 1
12 28 3
12 29 3
12 30 1
12 31 3
12 32 2
12 33 2
12 34 1
12 35 2
12 36 2
12 37 3
12 38 2
12 39 3
12 40 1
12 41 3
12 42 2
12 43 3
12 44 3
12 45 3
12 46 1
12 47 3
12 48 1
12 49 1
12 50 2
12 51 3
12 52 3
12 53 3
12 54 2
12 55 1
12 56 3
12 57 3
12 58 3
12 59 2
12 60 3
12 61 3
12 62 3
12 63 3
12 64 2
12 65 3
12 66 1
12 67 2
12 68 2
12 69 1
12 70 2
12 71 1
12 72 3
12 73 2
12 74 1
12 75 1
12 76 1
12 77 2
12 78 3
12 79 2
12 80 2
12 81 1
12 82 3
12 83 3
12 84 1
12 85 1
12 86 2
12 87 1
12 88 1
12 89 3
12 90 1
12 91 1
12 92 3
12 93 2
12 94 3
12 95 3
12 96 3
12 97 2
12 98 3
12 99 2
12 100 3
13 14 2
13 15 2
13 16 3
13 17 3
13 18 3
13 19 2
13 20 1
13 21 2
13 22 2
13 23 3
13 24 1
13 25 2
13 26 3
13 27 2
13 28 2
13 29 2
13 30 2
13 31 2
13 32 3
13 33 3
13 34 3
13 35 3
13 36 3
13 37 1
13 38 3
13 39 3
13 40 3
13 41 2
13 42 2
13 43 3
13 44 1
13 45 2
13 46 1
13 47 3
13 48 2
13 49 2
13 50 1
13 51 1
13 52 1
13 53 1
13 54 3
13 55 3
13 56 1
13 57 3
13 58 2
13 59 2
13 60 1
13 61 1
13 62 3
13 63 2
13 64 3
13 65 3
13 66 1
13 67 3
13 68 2
13 69 2
13 70 3
13 71 3
13 72 3
13 73 3
13 74 2
13 75 2
13 76 1
13 77 3
13 78 1
13 79 2
13 80 1
13 81 2
13 82 2
13 83 3
13 84 2
13 85 2
13 86 3
13 87 2
13 88 1
13 89 3
13 90 3
13 91 2
13 92 1
13 93 3
13 94 3
13 95 3
13 96 1
13 97 2
13 98 1
13 99 2
13 100 1
14 15 3
14 16 3
14 17 3
14 18 3
14 19 2
14 20 1
14 21 3
14 22 2
14 23 3
14 24 1
14 25 3
14 26 3
14 27 3
14 28 3
14 29 2
14 30 1
14 31 1
14 32 3
14 33 3
14 34 3
14 35 3
14 36 2
14 37 2
14 38 2
14 39 3
14 40 2
14 41 1
14 42 2
14 43 2
14 44 2
14 45 1
14 46 2
14 47 3
14 48 1
14 49 1
14 50 3
14 51 3
14 52 1
14 53 3
14 54 3
14 55 1
14 56 1
14 57 1
14 58 2
14 59 2
14 60 2
14 61 1
14 62 3
14 63 3
14 64 3
14 65 2
14 66 2
14 67 3
14 68 2
14 69 2
14 70 1
14 71 1
14 72 1
14 73 2
14 74 3
14 75 2
14 76 2
14 77 1
14 78 2
14 79 1
14 80 2
14 81 3
14 82 1
14 83 2
14 84 1
14 85 1
14 86 3
14 87 3
14 88 2
14 89 1
14 90 3
14 91 1
14 92 1
14 93 3
14 94 1
14 95 2
14 96 1
14 97 2
14 98 2
14 99 2
14 100 1
15 16 1
15 17 3
15 18 1
15 19 2
15 20 3
15 21 2
15 22 3
15 23 2
15 24 3
15 25 1
15 26 2
15 27 3
15 28 1
15 29 1
15 30 1
15 31 2
15 32 1
15 33 1
15 34 2
15 35 1
15 36 2
15 37 3
15 38 2
15 39 1
15 40 3
15 41 1
15 42 2
15 43 3
15 44 1
15 45 2
15 46 2
15 47 2
15 48 3
15 49 1
15 50 1
15 51 2
15 52 1
15 53 1
15 54 1
15 55 3
15 56 2
15 57 1
15 58 3
15 59 2
15 60 3
15 61 3
15 62 3
15 63 3
15 64 2
15 65 3
15 66 3
15 67 2
15 68 2
15 69 1
15 70 1
15 71 3
15 72 1
15 73 2
15 74 1
15 75 1
15 76 2
15 77 3
15 78 2
15 79 3
15 80 1
15 81 2
15 82 3
15 83 1
15 84 3
15 85 2
15 86 1
15 87 3
15 88 3
15 89 1
15 90 3
15 91 1
15 92 2
15 93 1
15 94 3
15 95 3
15 96 2
15 97 2
15 98 3
15 99 1
15 100 2
16 17 1
16 18 1
16 19 2
16 20 3
16 21 3
16 22 1
16 23 2
16 24 1
16 25 2
16 26 3
16 27 1
16 28 2
16 29 2
16 30 2
16 31 3
16 32 2
16 33 3
16 34 3
16 35 2
16 36 1
16 37 2
16 38 1
16 39 1
16 40 1
16 41 3
16 42 1
16 43 1
16 44 3
16 45 3
16 46 1
16 47 3
16 48 1
16 49 3
16 50 2
16 51 3
16 52 3
16 53 2
16 54 1
16 55 2
16 56 3
16 57 1
16 58 2
16 59 1
16 60 3
16 61 1
16 62 2
16 63 3
16 64 1
16 65 1
16 66 3
16 67 2
16 68 2
16 69 3
16 70 3
16 71 1
16 72 3
16 73 3
16 74 2
16 75 3
16 76 2
16 77 2
16 78 1
16 79 1
16 80 2
16 81 3
16 82 1
16 83 3
16 84 1
16 85 2
16 86 2
16 87 2
16 88 2
16 89 3
16 90 3
16 91 2
16 92 1
16 93 2
16 94 2
16 95 2
16 96 3
16 97 1
16 98 2
16 99 3
16 100 1
17 18 1
17 19 1
17 20 1
17 21 3
17 22 1
17 23 1
17 24 2
17 25 3
17 26 3
17 27 3
17 28 2
17 29 2
17 30 2
17 31 2
17 32 3
17 33 1
17 34 1
17 35 3
17 36 2
17 37 3
17 38 3
17 39 2
17 40 1
17 41 1
17 42 2
17 43 3
17 44 3
17 45 2
17 46 1
17 47 3
17 48 3
17 49 2
17 50 1
17 51 3
17 52 2
17 53 2
17 54 2
17 55 3
17 56 3
17 57 3
17 58 3
17 59 2
17 60 1
17 61 2
17 62 3
17 63 3
17 64 1
17 65 3
17 66 2
17 67 2
17 68 3
17 69 3
17 70 1
17 71 1
17 72 3
17 73 1
17 74 1
17 75 1
17 76 2
17 77 3
17 78 1
17 79 1
17 80 2
17 81 3
17 82 1
17 83 2
17 84 2
17 85 1
17 86 3
17 87 2
17 88 3
17 89 3
17 90 3
17 91 3
17 92 1
17 93 2
17 94 3
17 95 3
17 96 2
17 97 1
17 98 2
17 99 1
17 100 2
18 19 1
18 20 1
18 21 2
18 22 1
18 23 2
18 24 2
18 25 3
18 26 1
18 27 3
18 28 1
18 29 1
18 30 2
18 31 3
18 32 1
18 33 3
18 34 1
18 35 3
18 36 2
18 37 2
18 38 2
18 39 3
18 40 1
18 41 2
18 42 3
18 43 3
18 44 1
18 45 3
18 46 2
18 47 3
18 48 2
18 49 3
18 50 1
18 51 2
18 52 1
18 53 1
18 54 2
18 55 2
18 56 1
18 57 3
18 58 1
18 59 1
18 60 2
18 61 2
18 62 1
18 63 1
18 64 1
18 65 1
18 66 1
18 67 2
18 68 3
18 69 3
18 70 2
18 71 2
18 72 3
18 73 2
18 74 3
18 75 3
18 76 2
18 77 2
18 78 1
18 79 1
18 80 2
18 81 1
18 82 2
18 83 3
18 84 2
18 85 2
18 86 2
18 87 3
18 88 1
18 89 2
18 90 3
18 91 1
18 92 3
18 93 3
18 94 1
18 95 3
18 96 1
18 97 1
18 98 3
18 99 3
18 100 2
19 20 3
19 21 2
19 22 1
19 23 2
19 24 2
19 25 3
19 26 2
19 27 3
19 28 3
19 29 2
19 30 2
19 31 3
19 32 1
19 33 1
19 34 1
19 35 3
19 36 3
19 37 2
19 38 2
19 39 2
19 40 3
19 41 2
19 42 2
19 43 1
19 44 1
19 45 3
19 46 2
19 47 2
19 48 3
19 49 2
19 50 2
19 51 3
19 52 3
19 53 2
19 54 2
19 55 1
19 56 2
19 57 1
19 58 1
19 59 2
19 60 2
19 61 3
19 62 3
19 63 2
19 64 1
19 65 3
19 66 1
19 67 3
19 68 1
19 69 3
19 70 2
19 71 3
19 72 1
19 73 1
19 74 1
19 75 1
19 76 1
19 77 3
19 78 1
19 79 1
19 80 3
19 81 1
19 82 2
19 83 2
19 84 1
19 85 3
19 86 3
19 87 1
19 88 1
19 89 2
19 90 1
19 91 2
19 92 2
19 93 1
19 94 1
19 95 2
19 96 3
19 97 1
19 98 3
19 99 3
19 100 2
20 21 3
20 22 3
20 23 1
20 24 2
20 25 3
20 26 1
20 27 3
20 28 2
20 29 3
20 30 2
20 31 2
20 32 2
20 33 3
20 34 3
20 35 3
20 36 3
20 37 3
20 38 2
20 39 2
20 40 1
20 41 3
20 42 3
20 43 2
20 44 3
20 45 3
20 46 3
20 47 1
20 48 3
20 49 2
20 50 3
20 51 1
20 52 2
20 53 3
20 54 2
20 55 2
20 56 3
20 57 2
20 58 2
20 59 2
20 60 2
20 61 1
20 62 3
20 63 3
20 64 1
20 65 1
20 66 2
20 67 2
20 68 3
20 69 1
20 70 2
20 71 3
20 72 1
20 73 3
20 74 2
20 75 3
20 76 2
20 77 1
20 78 1
20 79 3
20 80 3
20 81 3
20 82 1
20 83 1
20 84 3
20 85 1
20 86 2
20 87 1
20 88 2
20 89 3
20 90 2
20 91 1
20 92 2
20 93 1
20 94 1
20 95 2
20 96 3
20 97 2
20 98 1
20 99 2
20 100 3
21 22 3
21 23 3
21 24 1
21 25 3
21 26 1
21 27 3
21 28 1
21 29 1
21 30 3
21 31 2
21 32 3
21 33 1
21 34 3
21 35 2
21 36 3
21 37 2
21 38 2
21 39 2
21 40 2
21 41 1
21 42 3
21 43 2
21 44 3
21 45 2
21 46 3
21 47 1
21 48 1
21 49 2
21 50 3
21 51 3
21 52 1
21 53 1
21 54 1
21 55 3
21 56 2
21 57 1
21 58 1
21 59 2
21 60 1
21 61 1
21 62 2
21 63 3
21 64 1
21 65 3
21 66 1
21 67 1
21 68 2
21 69 2
21 70 3
21 71 1
21 72 3
21 73 1
21 74 1
21 75 3
21 76 2
21 77 1
21 78 1
21 79 2
21 80 2
21 81 2
21 82 2
21 83 1
21 84 3
21 85 2
21 86 1
21 87 2
21 88 3
21 89 3
21 90 2
21 91 1
21 92 1
21 93 2
21 94 3
21 95 2
21 96 3
21 97 1
21 98 3
21 99 3
21 100 1
22 23 3
22 24 3
22 25 2
22 26 3
22 27 2
22 28 3
22 29 1
22 30 2
22 31 3
22 32 1
22 33 1
22 34 3
22 35 1
22 36 2
22 37 1
22 38 3
22 39 1
22 40 1
22 41 1
22 42 1
22 43 1
22 44 1
22 45 3
22 46 1
22 47 3
22 48 3
22 49 1
22 50 1
22 51 1
22 52 3
22 53 3
22 54 2
22 55 1
22 56 3
22 57 1
22 58 1
22 59 3
22 60 2
22 61 3
22 62 2
22 63 1
22 64 3
22 65 1
22 66 2
22 67 2
22 68 2
22 69 1
22 70 3
22 71 3
22 72 3
22 73 2
22 74 1
22 75 3
22 76 2
22 77 1
22 78 3
22 79 1
22 80 2
22 81 1
22 82 1
22 83 2
22 84 2
22 85 1
22 86 1
22 87 3
22 88 3
22 89 2
22 90 2
22 91 3
22 92 3
22 93 1
22 94 1
22 95 3
22 96 1
22 97 1
22 98 3
22 99 2
22 100 1
23 24 2
23 25 3
23 26 3
23 27 1
23 28 2
23 29 2
23 30 3
23 31 3
23 32 3
23 33 3
23 34 3
23 35 2
23 36 3
23 37 2
23 38 2
23 39 2
23 40 1
23 41 3
23 42 2
23 43 2
23 44 3
23 45 3
23 46 1
23 47 1
23 48 1
23 49 3
23 50 3
23 51 3
23 52 1
23 53 3
23 54 2
23 55 2
23 56 2
23 57 3
23 58 3
23 59 2
23 60 1
23 61 2
23 62 2
23 63 2
23 64 3
23 65 2
23 66 1
23 67 2
23 68 3
23 69 3
23 70 3
23 71 1
23 72 3
23 73 1
23 74 1
23 75 2
23 76 1
23 77 2
23 78 2
23 79 2
23 80 2
23 81 2
23 82 1
23 83 2
23 84 1
23 85 2
23 86 2
23 87 2
23 88 1
23 89 3
23 90 2
23 91 2
23 92 1
23 93 2
23 94 2
23 95 1
23 96 2
23 97 3
23 98 1
23 99 1
23 100 3
24 25 3
24 26 1
24 27 3
24 28 2
24 29 3
24 30 1
24 31 3
24 32 3
24 33 1
24 34 1
24 35 2
24 36 3
24 37 2
24 38 1
24 39 1
24 40 2
24 41 1
24 42 1
24 43 1
24 44 1
24 45 2
24 46 1
24 47 2
24 48 3
24 49 2
24 50 3
24 51 3
24 52 2
24 53 2
24 54 1
24 55 2
24 56 3
24 57 3
24 58 2
24 59 1
24 60 3
24 61 3
24 62 1
24 63 2
24 64 2
24 65 2
24 66 1
24 67 2
24 68 3
24 69 2
24 70 1
24 71 2
24 72 2
24 73 1
24 74 2
24 75 1
24 76 2
24 77 3
24 78 2
24 79 3
24 80 1
24 81 2
24 82 3
24 83 1
24 84 2
24 85 1
24 86 2
24 87 3
24 88 1
24 89 2
24 90 2
24 91 2
24 92 3
24 93 1
24 94 1
24 95 3
24 96 3
24 97 2
24 98 2
24 99 1
24 100 2
25 26 1
25 27 3
25 28 1
25 29 1
25 30 3
25 31 2
25 32 2
25 33 2
25 34 3
25 35 1
25 36 3
25 37 1
25 38 3
25 39 1
25 40 2
25 41 2
25 42 3
25 43 1
25 44 3
25 45 2
25 46 2
25 47 3
25 48 2
25 49 1
25 50 3
25 51 1
25 52 2
25 53 1
25 54 2
25 55 2
25 56 1
25 57 3
25 58 1
25 59 3
25 60 2
25 61 3
25 62 3
25 63 3
25 64 2
25 65 3
25 66 1
25 67 3
25 68 2
25 69 2
25 70 2
25 71 3
25 72 3
25 73 1
25 74 2
25 75 3
25 76 1
25 77 3
25 78 3
25 79 1
25 80 3
25 81 2
25 82 2
25 83 2
25 84 3
25 85 2
25 86 1
25 87 2
25 88 2
25 89 1
25 90 3
25 91 2
25 92 3
25 93 3
25 94 1
25 95 1
25 96 3
25 97 2
25 98 2
25 99 3
25 100 2
26 27 2
26 28 2
26 29 1
26 30 2
26 31 1
26 32 2
26 33 2
26 34 2
26 35 3
26 36 2
26 37 2
26 38 1
26 39 2
26 40 2
26 41 1
26 42 2
26 43 2
26 44 3
26 45 1
26 46 2
26 47 3
26 48 1
26 49 2
26 50 3
26 51 1
26 52 3
26 53 2
26 54 1
26 55 3
26 56 3
26 57 1
26 58 3
26 59 3
26 60 3
26 61 1
26 62 3
26 63 3
26 64 1
26 65 1
26 66 1
26 67 2
26 68 3
26 69 1
26 70 1
26 71 3
26 72 3
26 73 3
26 74 1
26 75 2
26 76 2
26 77 3
26 78 2
26 79 2
26 80 3
26 81 2
26 82 3
26 83 3
26 84 3
26 85 1
26 86 2
26 87 1
26 88 1
26 89 2
26 90 3
26 91 1
26 92 3
26 93 1
26 94 3
26 95 1
26 96 1
26 97 1
26 98 2
26 99 1
26 100 3
27 28 2
27 29 3
27 30 3
27 31 1
27 32 2
27 33 3
27 34 2
27 35 3
27 36 1
27 37 1
27 38 1
27 39 2
27 40 1
27 41 2
27 42 1
27 43 1
27 44 1
27 45 3
27 46 1
27 47 2
27 48 1
27 49 1
27 50 3
27 51 3
27 52 2
27 53 3
27 54 3
27 55 3
27 56 2
27 57 3
27 58 1
27 59 3
27 60 1
27 61 3
27 62 2
27 63 2
27 64 3
27 65 3
27 66 3
27 67 1
27 68 3
27 69 1
27 70 3
27 71 3
27 72 2
27 73 3
27 74 3
27 75 2
27 76 1
27 77 3
27 78 2
27 79 3
27 80 2
27 81 2
27 82 3
27 83 3
27 84 2
27 85 1
27 86 3
27 87 3
27 88 1
27 89 1
27 90 3
27 91 2
27 92 3
27 93 2
27 94 2
27 95 2
27 96 2
27 97 2
27 98 3
27 99 3
27 100 1
28 29 1
28 30 3
28 31 1
28 32 2
28 33 1
28 34 1
28 35 3
28 36 3
28 37 2
28 38 3
28 39 3
28 40 2
28 41 1
28 42 1
28 43 1
28 44 2
28 45 3
28 46 3
28 47 1
28 48 1
28 49 1
28 50 3
28 51 1
28 52 2
28 53 2
28 54 2
28 55 2
28 56 2
28 57 2
28 58 3
28 59 2
28 60 3
28 61 1
28 62 2
28 63 1
28 64 2
28 65 1
28 66 2
28 67 2
28 68 1
28 69 2
28 70 2
28 71 3
28 72 2
28 73 1
28 74 3
28 75 1
28 76 3
28 77 3
28 78 1
28 79 2
28 80 3
28 81 2
28 82 2
28 83 2
28 84 2
28 85 3
28 86 1
28 87 1
28 88 3
28 89 2
28 90 3
28 91 1
28 92 1
28 93 2
28 94 3
28 95 3
28 96 3
28 97 2
28 98 3
28 99 2
28 100 2
29 30 2
29 31 2
29 32 2
29 33 3
29 34 1
29 35 3
29 36 2
29 37 2
29 38 2
29 39 3
29 40 3
29 41 3
29 42 3
29 43 2
29 44 3
29 45 2
29 46 1
29 47 3
29 48 2
29 49 2
29 50 2
29 51 2
29 52 2
29 53 3
29 54 3
29 55 2
29 56 2
29 57 2
29 58 1
29 59 1
29 60 1
29 61 3
29 62 3
29 63 1
29 64 3
29 65 3
29 66 3
29 67 2
29 68 2
29 69 1
29 70 3
29 71 2
29 72 1
29 73 3
29 74 2
29 75 1
29 76 2
29 77 3
29 78 2
29 79 1
29 80 2
29 81 3
29 82 1
29 83 3
29 84 1
29 85 3
29 86 3
29 87 3
29 88 3
29 89 1
29 90 3
29 91 1
29 92 2
29 93 3
29 94 3
29 95 3
29 96 1
29 97 1
29 98 1
29 99 2
29 100 2
30 31 1
30 32 2
30 33 1
30 34 3
30 35 1
30 36 2
30 37 3
30 38 1
30 39 1
30 40 1
30 41 1
30 42 3
30 43 2
30 44 3
30 45 3
30 46 2
30 47 1
30 48 1
30 49 2
30 50 2
30 51 1
30 52 2
30 53 2
30 54 2
30 55 1
30 56 1
30 57 2
30 58 2
30 59 3
30 60 2
30 61 1
30 62 2
30 63 2
30 64 3
30 65 1
30 66 2
30 67 3
30 68 2
30 69 2
30 70 2
30 71 3
30 72 1
30 73 1
30 74 3
30 75 2
30 76 2
30 77 1
30 78 2
30 79 2
30 80 1
30 81 3
30 82 2
30 83 2
30 84 3
30 85 3
30 86 1
30 87 2
30 88 2
30 89 1
30 90 3
30 91 1
30 92 1
30 93 1
30 94 3
30 95 1
30 96 1
30 97 2
30 98 1
30 99 1
30 100 3
31 32 1
31 33 2
31 34 1
31 35 1
31 36 3
31 37 2
31 38 3
31 39 1
31 40 1
31 41 3
31 42 2
31 43 1
31 44 2
31 45 3
31 46 3
31 47 2
31 48 2
31 49 1
31 50 3
31 51 3
31 52 1
31 53 3
31 54 3
31 55 1
31 56 2
31 57 1
31 58 3
31 59 1
31 60 1
31 61 2
31 62 1
31 63 3
31 64 3
31 65 3
31 66 1
31 67 1
31 68 2
31 69 1
31 70 3
31 71 3
31 72 2
31 73 2
31 74 3
31 75 1
31 76 3
31 77 2
31 78 3
31 79 2
31 80 2
31 81 2
31 82 2
31 83 1
31 84 2
31 85 3
31 86 1
31 87 2
31 88 2
31 89 2
31 90 3
31 91 3
31 92 3
31 93 2
31 94 2
31 95 2
31 96 3
31 97 3
31 98 2
31 99 3
31 100 3
32 33 3
32 34 3
32 35 2
32 36 2
32 37 1
32 38 3
32 39 2
32 40 1
32 41 2
32 42 1
32 43 1
32 44 3
32 45 2
32 46 2
32 47 1
32 48 2
32 49 3
32 50 1
32 51 2
32 52 1
32 53 3
32 54 3
32 55 2
32 56 3
32 57 2
32 58 3
32 59 1
32 60 3
32 61 1
32 62 3
32 63 3
32 64 2
32 65 3
32 66 2
32 67 1
32 68 1
32 69 3
32 70 1
32 71 3
32 72 3
32 73 2
32 74 1
32 75 3
32 76 2
32 77 1
32 78 1
32 79 2
32 80 3
32 81 3
32 82 1
32 83 3
32 84 2
32 85 2
32 86 2
32 87 1
32 88 2
32 89 2
32 90 2
32 91 1
32 92 1
32 93 1
32 94 1
32 95 1
32 96 2
32 97 1
32 98 1
32 99 1
32 100 2
33 34 2
33 35 3
33 36 2
33 37 1
33 38 3
33 39 3
33 40 3
33 41 1
33 42 1
33 43 2
33 44 1
33 45 2
33 46 3
33 47 1
33 48 1
33 49 3
33 50 1
33 51 3
33 52 2
33 53 1
33 54 2
33 55 1
33 56 3
33 57 3
33 58 2
33 59 3
33 60 2
33 61 2
33 62 1
33 63 1
33 64 1
33 65 1
33 66 1
33 67 2
33 68 1
33 69 3
33 70 3
33 71 2
33 72 1
33 73 2
33 74 2
33 75 2
33 76 2
33 77 2
33 78 2
33 79 1
33 80 2
33 81 3
33 82 3
33 83 1
33 84 1
33 85 2
33 86 2
33 87 1
33 88 3
33 89 1
33 90 2
33 91 3
33 92 3
33 93 1
33 94 1
33 95 1
33 96 1
33 97 3
33 98 3
33 99 3
33 100 1
34 35 1
34 36 1
34 37 2
34 38 3
34 39 3
34 40 3
34 41 3
34 42 2
34 43 3
34 44 2
34 45 1
34 46 2
34 47 1
34 48 2
34 49 1
34 50 3
34 51 3
34 52 1
34 53 3
34 54 3
34 55 3
34 56 1
34 57 1
34 58 3
34 59 1
34 60 2
34 61 2
34 62 3
34 63 2
34 64 3
34 65 3
34 66 3
34 67 3
34 68 1
34 69 1
34 70 3
34 71 1
34 72 1
34 73 2
34 74 3
34 75 3
34 76 2
34 77 1
34 78 2
34 79 1
34 80 2
34 81 3
34 82 3
34 83 3
34 84 1
34 85 2
34 86 3
34 87 2
34 88 1
34 89 2
34 90 2
34 91 3
34 92 3
34 93 3
34 94 3
34 95 1
34 96 2
34 97 2
34 98 1
34 99 2
34 100 2
35 36 2
35 37 3
35 38 2
35 39 2
35 40 1
35 41 2
35 42 3
35 43 2
35 44 2
35 45 1
35 46 3
35 47 3
35 48 1
35 49 1
35 50 1
35 51 2
35 52 1
35 53 2
35 54 3
35 55 3
35 56 1
35 57 3
35 58 3
35 59 2
35 60 3
35 61 3
35 62 1
35 63 2
35 64 1
35 65 2
35 66 3
35 67 2
35 68 2
35 69 3
35 70 3
35 71 3
35 72 2
35 73 1
35 74 2
35 75 1
35 76 3
35 77 3
35 78 2
35 79 3
35 80 1
35 81 2
35 82 1
35 83 2
35 84 1
35 85 2
35 86 1
35 87 3
35 88 2
35 89 3
35 90 2
35 91 2
35 92 2
35 93 2
35 94 3
35 95 2
35 96 3
35 97 1
35 98 2
35 99 1
35 100 3
36 37 1
36 38 2
36 39 3
36 40 1
36 41 1
36 42 3
36 43 1
36 44 1
36 45 1
36 46 2
36 47 1
36 48 2
36 49 1
36 50 2
36 51 2
36 52 3
36 53 1
36 54 1
36 55 1
36 56 3
36 57 3
36 58 1
36 59 2
36 60 2
36 61 1
36 62 1
36 63 2
36 64 1
36 65 3
36 66 3
36 67 2
36 68 3
36 69 3
36 70 3
36 71 1
36 72 2
36 73 2
36 74 1
36 75 2
36 76 3
36 77 2
36 78 1
36 79 3
36 80 1
36 81 3
36 82 3
36 83 1
36 84 2
36 85 1
36 86 1
36 87 2
36 88 1
36 89 3
36 90 3
36 91 1
36 92 2
36 93 2
36 94 1
36 95 3
36 96 3
36 97 3
36 98 3
36 99 3
36 100 3
37 38 3
37 39 3
37 40 3
37 41 1
37 42 3
37 43 2
37 44 1
37 45 3
37 46 3
37 47 3
37 48 2
37 49 2
37 50 1
37 51 1
37 52 2
37 53 3
37 54 3
37 55 3
37 56 3
37 57 2
37 58 3
37 59 3
37 60 1
37 61 2
37 62 2
37 63 1
37 64 3
37 65 1
37 66 2
37 67 2
37 68 2
37 69 3
37 70 2
37 71 2
37 72 3
37 73 3
37 74 3
37 75 3
37 76 2
37 77 1
37 78 1
37 79 2
37 80 3
37 81 3
37 82 3
37 83 1
37 84 3
37 85 1
37 86 1
37 87 1
37 88 3
37 89 3
37 90 3
37 91 2
37 92 3
37 93 2
37 94 2
37 95 1
37 96 3
37 97 3
37 98 2
37 99 1
37 100 3
38 39 2
38 40 2
38 41 2
38 42 1
38 43 1
38 44 1
38 45 2
38 46 3
38 47 1
38 48 3
38 49 2
38 50 3
38 51 3
38 52 3
38 53 3
38 54 3
38 55 2
38 56 3
38 57 2
38 58 2
38 59 1
38 60 1
38 61 1
38 62 1
38 63 3
38 64 1
38 65 3
38 66 3
38 67 3
38 68 1
38 69 1
38 70 2
38 71 3
38 72 1
38 73 3
38 74 2
38 75 3
38 76 2
38 77 2
38 78 3
38 79 1
38 80 3
38 81 3
38 82 1
38 83 3
38 84 3
38 85 2
38 86 1
38 87 2
38 88 3
38 89 3
38 90 2
38 91 2
38 92 2
38 93 3
38 94 1
38 95 3
38 96 3
38 97 3
38 98 3
38 99 3
38 100 3
39 40 3
39 41 3
39 42 3
39 43 1
39 44 3
39 45 1
39 46 1
39 47 1
39 48 1
39 49 3
39 50 3
39 51 1
39 52 2
39 53 2
39 54 1
39 55 1
39 56 1
39 57 2
39 58 1
39 59 2
39 60 2
39 61 2
39 62 3
39 63 3
39 64 3
39 65 2
39 66 3
39 67 3
39 68 2
39 69 3
39 70 3
39 71 3
39 72 3
39 73 1
39 74 3
39 75 3
39 76 2
39 77 1
39 78 3
39 79 2
39 80 2
39 81 2
39 82 2
39 83 3
39 84 1
39 85 3
39 86 2
39 87 1
39 88 2
39 89 1
39 90 3
39 91 3
39 92 2
39 93 2
39 94 2
39 95 3
39 96 3
39 97 2
39 98 1
39 99 2
39 100 3
40 41 2
40 42 2
40 43 1
40 44 2
40 45 2
40 46 3
40 47 2
40 48 3
40 49 2
40 50 1
40 51 1
40 52 3
40 53 1
40 54 2
40 55 1
40 56 2
40 57 1
40 58 3
40 59 2
40 60 2
40 61 1
40 62 3
40 63 1
40 64 3
40 65 2
40 66 3
40 67 3
40 68 3
40 69 3
40 70 1
40 71 2
40 72 2
40 73 2
40 74 2
40 75 2
40 76 1
40 77 2
40 78 1
40 79 1
40 80 3
40 81 3
40 82 1
40 83 3
40 84 3
40 85 2
40 86 2
40 87 2
40 88 1
40 89 1
40 90 2
40 91 2
40 92 3
40 93 2
40 94 1
40 95 2
40 96 3
40 97 2
40 98 2
40 99 3
40 100 3
41 42 2
41 43 2
41 44 3
41 45 3
41 46 2
41 47 1
41 48 1
41 49 2
41 50 1
41 51 3
41 52 2
41 53 1
41 54 3
41 55 3
41 56 1
41 57 2
41 58 2
41 59 2
41 60 1
41 61 2
41 62 1
41 63 3
41 64 1
41 65 1
41 66 2
41 67 1
41 68 2
41 69 1
41 70 1
41 71 1
41 72 3
41 73 3
41 74 2
41 75 1
41 76 2
41 77 3
41 78 2
41 79 3
41 80 2
41 81 2
41 82 2
41 83 1
41 84 2
41 85 3
41 86 2
41 87 1
41 88 3
41 89 2
41 90 2
41 91 1
41 92 2
41 93 2
41 94 1
41 95 3
41 96 2
41 97 1
41 98 2
41 99 3
41 100 2
42 43 3
42 44 2
42 45 2
42 46 2
42 47 3
42 48 2
42 49 1
42 50 1
42 51 2
42 52 2
42 53 1
42 54 3
42 55 3
42 56 2
42 57 1
42 58 2
42 59 2
42 60 1
42 61 2
42 62 1
42 63 3
42 64 1
42 65 2
42 66 1
42 67 2
42 68 2
42 69 2
42 70 3
42 71 2
42 72 1
42 73 3
42 74 1
42 75 1
42 76 1
42 77 2
42 78 3
42 79 1
42 80 1
42 81 1
42 82 3
42 83 2
42 84 1
42 85 2
42 86 1
42 87 3
42 88 3
42 89 1
42 90 1
42 91 1
42 92 3
42 93 1
42 94 3
42 95 2
42 96 1
42 97 3
42 98 2
42 99 1
42 100 1
43 44 2
43 45 3
43 46 1
43 47 1
43 48 2
43 49 1
43 50 2
43 51 2
43 52 2
43 53 2
43 54 1
43 55 1
43 56 2
43 57 3
43 58 2
43 59 2
43 60 3
43 61 1
43 62 1
43 63 3
43 64 3
43 65 2
43 66 1
43 67 2
43 68 3
43 69 3
43 70 1
43 71 1
43 72 3
43 73 1
43 74 1
43 75 1
43 76 1
43 77 2
43 78 2
43 79 1
43 80 2
43 81 2
43 82 1
43 83 3
43 84 2
43 85 3
43 86 3
43 87 1
43 88 3
43 89 1
43 90 2
43 91 2
43 92 1
43 93 1
43 94 3
43 95 2
43 96 3
43 97 3
43 98 2
43 99 2
43 100 3
44 45 1
44 46 2
44 47 1
44 48 2
44 49 3
44 50 2
44 51 1
44 52 1
44 53 3
44 54 2
44 55 2
44 56 2
44 57 3
44 58 2
44 59 1
44 60 2
44 61 3
44 62 1
44 63 1
44 64 3
44 65 2
44 66 2
44 67 1
44 68 2
44 69 1
44 70 1
44 71 1
44 72 3
44 73 2
44 74 2
44 75 1
44 76 3
44 77 2
44 78 1
44 79 2
44 80 2
44 81 2
44 82 1
44 83 1
44 84 3
44 85 2
44 86 1
44 87 1
44 88 2
44 89 2
44 90 2
44 91 2
44 92 3
44 93 3
44 94 2
44 95 1
44 96 1
44 97 3
44 98 2
44 99 1
44 100 1
45 46 1
45 47 2
45 48 1
45 49 2
45 50 2
45 51 2
45 52 1
45 53 2
45 54 3
45 55 3
45 56 2
45 57 3
45 58 3
45 59 3
45 60 3
45 61 1
45 62 3
45 63 3
45 64 1
45 65 2
45 66 1
45 67 3
45 68 3
45 69 1
45 70 2
45 71 3
45 72 3
45 73 2
45 74 1
45 75 1
45 76 2
45 77 1
45 78 1
45 79 3
45 80 2
45 81 1
45 82 2
45 83 1
45 84 2
45 85 3
45 86 1
45 87 3
45 88 1
45 89 2
45 90 3
45 91 2
45 92 2
45 93 1
45 94 3
45 95 2
45 96 3
45 97 2
45 98 2
45 99 1
45 100 3
46 47 3
46 48 3
46 49 2
46 50 2
46 51 1
46 52 3
46 53 3
46 54 3
46 55 2
46 56 2
46 57 3
46 58 2
46 59 1
46 60 1
46 61 2
46 62 3
46 63 2
46 64 3
46 65 2
46 66 2
46 67 3
46 68 3
46 69 1
46 70 2
46 71 3
46 72 2
46 73 3
46 74 2
46 75 2
46 76 3
46 77 2
46 78 1
46 79 3
46 80 2
46 81 2
46 82 3
46 83 1
46 84 2
46 85 2
46 86 1
46 87 1
46 88 2
46 89 1
46 90 1
46 91 1
46 92 1
46 93 3
46 94 3
46 95 2
46 96 1
46 97 3
46 98 2
46 99 1
46 100 3
47 48 2
47 49 2
47 50 1
47 51 2
47 52 1
47 53 1
47 54 2
47 55 2
47 56 1
47 57 2
47 58 3
47 59 3
47 60 3
47 61 1
47 62 2
47 63 3
47 64 3
47 65 1
47 66 3
47 67 3
47 68 1
47 69 1
47 70 2
47 71 3
47 72 2
47 73 2
47 74 3
47 75 2
47 76 2
47 77 1
47 78 2
47 79 1
47 80 1
47 81 1
47 82 2
47 83 1
47 84 2
47 85 3
47 86 3
47 87 2
47 88 2
47 89 3
47 90 3
47 91 2
47 92 1
47 93 3
47 94 3
47 95 3
47 96 1
47 97 3
47 98 1
47 99 3
47 100 1
48 49 3
48 50 2
48 51 3
48 52 3
48 53 1
48 54 3
48 55 2
48 56 3
48 57 2
48 58 1
48 59 2
48 60 3
48 61 3
48 62 1
48 63 2
48 64 2
48 65 1
48 66 2
48 67 3
48 68 3
48 69 3
48 70 1
48 71 2
48 72 1
48 73 2
48 74 2
48 75 2
48 76 2
48 77 1
48 78 1
48 79 3
48 80 3
48 81 3
48 82 1
48 83 1
48 84 1
48 85 2
48 86 3
48 87 1
48 88 3
48 89 3
48 90 1
48 91 3
48 92 1
48 93 3
48 94 1
48 95 1
48 96 3
48 97 3
48 98 1
48 99 3
48 100 2
49 50 1
49 51 3
49 52 1
49 53 1
49 54 3
49 55 1
49 56 3
49 57 3
49 58 2
49 59 1
49 60 2
49 61 2
49 62 2
49 63 2
49 64 1
49 65 3
49 66 1
49 67 2
49 68 3
49 69 3
49 70 2
49 71 3
49 72 1
49 73 2
49 74 1
49 75 1
49 76 3
49 77 3
49 78 1
49 79 2
49 80 1
49 81 2
49 82 3
49 83 3
49 84 2
49 85 3
49 86 2
49 87 3
49 88 3
49 89 3
49 90 1
49 91 1
49 92 2
49 93 2
49 94 1
49 95 2
49 96 1
49 97 1
49 98 1
49 99 2
49 100 1
50 51 2
50 52 1
50 53 2
50 54 2
50 55 2
50 56 3
50 57 2
50 58 2
50 59 3
50 60 3
50 61 2
50 62 3
50 63 2
50 64 2
50 65 3
50 66 1
50 67 1
50 68 3
50 69 3
50 70 3
50 71 3
50 72 3
50 73 3
50 74 1
50 75 3
50 76 2
50 77 1
50 78 3
50 79 1
50 80 2
50 81 3
50 82 2
50 83 2
50 84 2
50 85 2
50 86 1
50 87 1
50 88 2
50 89 1
50 90 3
50 91 3
50 92 2
50 93 1
50 94 2
50 95 2
50 96 2
50 97 3
50 98 1
50 99 1
50 100 1
51 52 2
51 53 3
51 54 3
51 55 3
51 56 2
51 57 2
51 58 1
51 59 3
51 60 3
51 61 3
51 62 1
51 63 3
51 64 1
51 65 2
51 66 1
51 67 2
51 68 3
51 69 1
51 70 1
51 71 2
51 72 2
51 73 1
51 74 1
51 75 1
51 76 1
51 77 2
51 78 3
51 79 2
51 80 2
51 81 2
51 82 3
51 83 3
51 84 2
51 85 1
51 86 3
51 87 3
51 88 2
51 89 3
51 90 3
51 91 2
51 92 3
51 93 2
51 94 1
51 95 2
51 96 1
51 97 1
51 98 3
51 99 3
51 100 2
52 53 2
52 54 3
52 55 3
52 56 1
52 57 3
52 58 3
52 59 1
52 60 1
52 61 2
52 62 2
52 63 1
52 64 2
52 65 3
52 66 1
52 67 1
52 68 1
52 69 1
52 70 2
52 71 3
52 72 3
52 73 1
52 74 2
52 75 1
52 76 1
52 77 3
52 78 2
52 79 3
52 80 2
52 81 1
52 82 1
52 83 2
52 84 2
52 85 3
52 86 1
52 87 3
52 88 1
52 89 2
52 90 3
52 91 3
52 92 2
52 93 2
52 94 3
52 95 2
52 96 2
52 97 3
52 98 3
52 99 2
52 100 2
53 54 2
53 55 3
53 56 1
53 57 3
53 58 3
53 59 2
53 60 2
53 61 3
53 62 1
53 63 3
53 64 2
53 65 1
53 66 1
53 67 3
53 68 2
53 69 1
53 70 3
53 71 3
53 72 3
53 73 3
53 74 1
53 75 2
53 76 3
53 77 2
53 78 1
53 79 2
53 80 2
53 81 1
53 82 3
53 83 3
53 84 1
53 85 1
53 86 2
53 87 1
53 88 2
53 89 2
53 90 2
53 91 1
53 92 1
53 93 2
53 94 3
53 95 2
53 96 2
53 97 2
53 98 2
53 99 3
53 100 3
54 55 2
54 56 2
54 57 1
54 58 1
54 59 2
54 60 3
54 61 1
54 62 3
54 63 1
54 64 3
54 65 3
54 66 1
54 67 3
54 68 2
54 69 1
54 70 3
54 71 3
54 72 3
54 73 3
54 74 2
54 75 2
54 76 2
54 77 3
54 78 3
54 79 3
54 80 3
54 81 1
54 82 1
54 83 2
54 84 3
54 85 3
54 86 1
54 87 3
54 88 3
54 89 2
54 90 3
54 91 2
54 92 1
54 93 1
54 94 2
54 95 3
54 96 1
54 97 2
54 98 2
54 99 3
54 100 2
55 56 3
55 57 1
55 58 1
55 59 3
55 60 1
55 61 3
55 62 1
55 63 2
55 64 1
55 65 2
55 66 2
55 67 2
55 68 1
55 69 2
55 70 3
55 71 3
55 72 2
55 73 3
55 74 1
55 75 1
55 76 2
55 77 3
55 78 1
55 79 2
55 80 3
55 81 1
55 82 2
55 83 3
55 84 2
55 85 1
55 86 2
55 87 3
55 88 1
55 89 2
55 90 2
55 91 2
55 92 1
55 93 3
55 94 3
55 95 3
55 96 3
55 97 2
55 98 1
55 99 1
55 100 3
56 57 2
56 58 3
56 59 1
56 60 1
56 61 3
56 62 2
56 63 2
56 64 2
56 65 1
56 66 2
56 67 3
56 68 1
56 69 1
56 70 3
56 71 3
56 72 1
56 73 2
56 74 1
56 75 1
56 76 3
56 77 1
56 78 1
56 79 2
56 80 1
56 81 2
56 82 1
56 83 1
56 84 2
56 85 3
56 86 3
56 87 1
56 88 3
56 89 1
56 90 1
56 91 2
56 92 1
56 93 1
56 94 3
56 95 2
56 96 2
56 97 3
56 98 3
56 99 1
56 100 2
57 58 2
57 59 2
57 60 3
57 61 3
57 62 1
57 63 1
57 64 3
57 65 3
57 66 3
57 67 3
57 68 2
57 69 2
57 70 3
57 71 1
57 72 3
57 73 1
57 74 3
57 75 1
57 76 3
57 77 2
57 78 3
57 79 3
57 80 3
57 81 2
57 82 1
57 83 3
57 84 1
57 85 3
57 86 2
57 87 1
57 88 2
57 89 1
57 90 2
57 91 1
57 92 3
57 93 2
57 94 2
57 95 3
57 96 2
57 97 1
57 98 3
57 99 1
57 100 2
58 59 3
58 60 3
58 61 3
58 62 1
58 63 3
58 64 3
58 65 2
58 66 1
58 67 2
58 68 3
58 69 2
58 70 2
58 71 1
58 72 2
58 73 2
58 74 3
58 75 2
58 76 1
58 77 1
58 78 1
58 79 1
58 80 3
58 81 2
58 82 1
58 83 3
58 84 1
58 85 2
58 86 1
58 87 3
58 88 1
58 89 2
58 90 3
58 91 3
58 92 1
58 93 2
58 94 1
58 95 2
58 96 2
58 97 1
58 98 1
58 99 3
58 100 1
59 60 1
59 61 2
59 62 2
59 63 3
59 64 3
59 65 2
59 66 3
59 67 3
59 68 1
59 69 1
59 70 2
59 71 2
59 72 3
59 73 2
59 74 1
59 75 3
59 76 2
59 77 1
59 78 3
59 79 1
59 80 2
59 81 3
59 82 2
59 83 3
59 84 2
59 85 3
59 86 3
59 87 1
59 88 3
59 89 3
59 90 2
59 91 2
59 92 2
59 93 2
59 94 3
59 95 3
59 96 3
59 97 2
59 98 2
59 99 3
59 100 3
60 61 1
60 62 1
60 63 3
60 64 3
60 65 1
60 66 1
60 67 1
60 68 1
60 69 3
60 70 1
60 71 2
60 72 2
60 73 1
60 74 1
60 75 3
60 76 1
60 77 2
60 78 3
60 79 1
60 80 1
60 81 3
60 82 2
60 83 3
60 84 2
60 85 2
60 86 2
60 87 1
60 88 2
60 89 2
60 90 1
60 91 1
60 92 1
60 93 2
60 94 3
60 95 1
60 96 2
60 97 3
60 98 3
60 99 3
60 100 2
61 62 3
61 63 2
61 64 2
61 65 3
61 66 1
61 67 1
61 68 3
61 69 3
61 70 3
61 71 3
61 72 3
61 73 1
61 74 1
61 75 3
61 76 3
61 77 1
61 78 2
61 79 2
61 80 2
61 81 1
61 82 3
61 83 3
61 84 1
61 85 2
61 86 2
61 87 1
61 88 2
61 89 2
61 90 3
61 91 2
61 92 1
61 93 2
61 94 1
61 95 3
61 96 1
61 97 2
61 98 1
61 99 1
61 100 3
62 63 3
62 64 3
62 65 2
62 66 2
62 67 2
62 68 2
62 69 1
62 70 2
62 71 1
62 72 1
62 73 3
62 74 3
62 75 3
62 76 1
62 77 3
62 78 2
62 79 3
62 80 3
62 81 1
62 82 3
62 83 3
62 84 3
62 85 1
62 86 2
62 87 3
62 88 3
62 89 1
62 90 2
62 91 3
62 92 3
62 93 3
62 94 1
62 95 3
62 96 3
62 97 1
62 98 1
62 99 1
62 100 2
63 64 2
63 65 3
63 66 3
63 67 1
63 68 1
63 69 2
63 70 1
63 71 3
63 72 1
63 73 3
63 74 2
63 75 3
63 76 3
63 77 1
63 78 3
63 79 1
63 80 3
63 81 3
63 82 3
63 83 3
63 84 1
63 85 3
63 86 3
63 87 3
63 88 3
63 89 3
63 90 1
63 91 3
63 92 1
63 93 2
63 94 3
63 95 2
63 96 2
63 97 2
63 98 1
63 99 3
63 100 2
64 65 3
64 66 1
64 67 2
64 68 2
64 69 3
64 70 1
64 71 1
64 72 2
64 73 1
64 74 3
64 75 2
64 76 3
64 77 3
64 78 2
64 79 3
64 80 3
64 81 3
64 82 2
64 83 2
64 84 3
64 85 1
64 86 3
64 87 3
64 88 1
64 89 2
64 90 3
64 91 1
64 92 2
64 93 2
64 94 1
64 95 1
64 96 1
64 97 2
64 98 2
64 99 3
64 100 3
65 66 1
65 67 3
65 68 1
65 69 2
65 70 3
65 71 2
65 72 2
65 73 2
65 74 2
65 75 2
65 76 1
65 77 2
65 78 2
65 79 1
65 80 2
65 81 1
65 82 2
65 83 2
65 84 3
65 85 2
65 86 1
65 87 3
65 88 1
65 89 1
65 90 2
65 91 3
65 92 1
65 93 1
65 94 2
65 95 2
65 96 2
65 97 2
65 98 1
65 99 2
65 100 3
66 67 3
66 68 3
66 69 3
66 70 3
66 71 2
66 72 1
66 73 2
66 74 3
66 75 2
66 76 2
66 77 3
66 78 2
66 79 2
66 80 2
66 81 3
66 82 2
66 83 1
66 84 2
66 85 1
66 86 1
66 87 3
66 88 1
66 89 2
66 90 2
66 91 3
66 92 1
66 93 1
66 94 3
66 95 2
66 96 1
66 97 2
66 98 2
66 99 2
66 100 1
67 68 2
67 69 1
67 70 1
67 71 1
67 72 2
67 73 1
67 74 1
67 75 2
67 76 2
67 77 2
67 78 2
67 79 1
67 80 2
67 81 2
67 82 1
67 83 3
67 84 1
67 85 2
67 86 3
67 87 2
67 88 1
67 89 1
67 90 1
67 91 3
67 92 2
67 93 3
67 94 3
67 95 2
67 96 1
67 97 2
67 98 3
67 99 3
67 100 1
68 69 1
68 70 3
68 71 1
68 72 2
68 73 1
68 74 3
68 75 3
68 76 2
68 77 2
68 78 2
68 79 3
68 80 2
68 81 3
68 82 1
68 83 2
68 84 2
68 85 2
68 86 2
68 87 2
68 88 3
68 89 1
68 90 1
68 91 1
68 92 3
68 93 1
68 94 1
68 95 3
68 96 3
68 97 3
68 98 3
68 99 2
68 100 3
69 70 2
69 71 2
69 72 2
69 73 3
69 74 3
69 75 1
69 76 3
69 77 2
69 78 2
69 79 3
69 80 2
69 81 2
69 82 1
69 83 3
69 84 3
69 85 3
69 86 1
69 87 1
69 88 1
69 89 1
69 90 3
69 91 3
69 92 3
69 93 2
69 94 3
69 95 2
69 96 1
69 97 3
69 98 3
69 99 3
69 100 2
70 71 3
70 72 2
70 73 3
70 74 3
70 75 1
70 76 2
70 77 2
70 78 2
70 79 1
70 80 1
70 81 2
70 82 3
70 83 3
70 84 3
70 85 1
70 86 2
70 87 3
70 88 2
70 89 2
70 90 3
70 91 2
70 92 2
70 93 2
70 94 2
70 95 1
70 96 1
70 97 2
70 98 3
70 99 1
70 100 3
71 72 1
71 73 3
71 74 1
71 75 1
71 76 2
71 77 2
71 78 2
71 79 3
71 80 2
71 81 2
71 82 2
71 83 1
71 84 3
71 85 1
71 86 3
71 87 3
71 88 3
71 89 3
71 90 2
71 91 1
71 92 3
71 93 2
71 94 3
71 95 3
71 96 1
71 97 2
71 98 2
71 99 1
71 100 1
72 73 1
72 74 2
72 75 2
72 76 3
72 77 2
72 78 1
72 79 2
72 80 1
72 81 3
72 82 2
72 83 1
72 84 3
72 85 3
72 86 2
72 87 2
72 88 3
72 89 2
72 90 1
72 91 3
72 92 1
72 93 1
72 94 3
72 95 3
72 96 1
72 97 2
72 98 2
72 99 2
72 100 1
73 74 1
73 75 1
73 76 1
73 77 1
73 78 1
73 79 3
73 80 3
73 81 3
73 82 2
73 83 2
73 84 3
73 85 3
73 86 3
73 87 2
73 88 3
73 89 3
73 90 2
73 91 1
73 92 1
73 93 1
73 94 2
73 95 3
73 96 1
73 97 2
73 98 1
73 99 1
73 100 1
74 75 1
74 76 2
74 77 1
74 78 2
74 79 2
74 80 3
74 81 3
74 82 1
74 83 3
74 84 1
74 85 3
74 86 1
74 87 2
74 88 2
74 89 3
74 90 2
74 91 3
74 92 3
74 93 1
74 94 3
74 95 1
74 96 3
74 97 3
74 98 1
74 99 1
74 100 1
75 76 3
75 77 2
75 78 2
75 79 2
75 80 2
75 81 1
75 82 3
75 83 3
75 84 2
75 85 1
75 86 3
75 87 3
75 88 3
75 89 1
75 90 3
75 91 3
75 92 2
75 93 3
75 94 1
75 95 2
75 96 3
75 97 1
75 98 1
75 99 2
75 100 3
76 77 3
76 78 1
76 79 3
76 80 1
76 81 3
76 82 1
76 83 1
76 84 3
76 85 3
76 86 2
76 87 2
76 88 3
76 89 2
76 90 1
76 91 2
76 92 3
76 93 2
76 94 2
76 95 3
76 96 1
76 97 2
76 98 1
76 99 3
76 100 1
77 78 2
77 79 2
77 80 2
77 81 2
77 82 2
77 83 3
77 84 2
77 85 3
77 86 2
77 87 2
77 88 1
77 89 2
77 90 1
77 91 2
77 92 3
77 93 3
77 94 1
77 95 1
77 96 1
77 97 2
77 98 1
77 99 3
77 100 3
78 79 3
78 80 3
78 81 1
78 82 3
78 83 1
78 84 1
78 85 3
78 86 2
78 87 1
78 88 2
78 89 1
78 90 3
78 91 1
78 92 3
78 93 2
78 94 2
78 95 2
78 96 3
78 97 2
78 98 3
78 99 2
78 100 2
79 80 1
79 81 3
79 82 2
79 83 3
79 84 1
79 85 3
79 86 2
79 87 1
79 88 2
79 89 1
79 90 2
79 91 3
79 92 3
79 93 3
79 94 1
79 95 1
79 96 1
79 97 2
79 98 3
79 99 3
79 100 3
80 81 3
80 82 3
80 83 3
80 84 3
80 85 2
80 86 3
80 87 2
80 88 2
80 89 3
80 90 1
80 91 2
80 92 3
80 93 3
80 94 2
80 95 2
80 96 2
80 97 1
80 98 1
80 99 1
80 100 2
81 82 1
81 83 3
81 84 2
81 85 1
81 86 1
81 87 2
81 88 2
81 89 1
81 90 3
81 91 3
81 92 3
81 93 3
81 94 3
81 95 1
81 96 2
81 97 1
81 98 1
81 99 1
81 100 3
82 83 1
82 84 3
82 85 3
82 86 2
82 87 1
82 88 2
82 89 2
82 90 3
82 91 2
82 92 1
82 93 2
82 94 3
82 95 3
82 96 3
82 97 3
82 98 3
82 99 3
82 100 3
83 84 2
83 85 1
83 86 2
83 87 3
83 88 3
83 89 1
83 90 2
83 91 1
83 92 1
83 93 1
83 94 1
83 95 1
83 96 3
83 97 1
83 98 2
83 99 3
83 100 2
84 85 2
84 86 3
84 87 1
84 88 2
84 89 1
84 90 1
84 91 2
84 92 1
84 93 1
84 94 2
84 95 2
84 96 1
84 97 2
84 98 3
84 99 2
84 100 2
85 86 2
85 87 1
85 88 2
85 89 1
85 90 1
85 91 3
85 92 2
85 93 1
85 94 1
85 95 2
85 96 2
85 97 2
85 98 1
85 99 2
85 100 3
86 87 3
86 88 2
86 89 2
86 90 1
86 91 3
86 92 2
86 93 2
86 94 2
86 95 1
86 96 1
86 97 3
86 98 3
86 99 1
86 100 3
87 88 1
87 89 3
87 90 3
87 91 2
87 92 3
87 93 2
87 94 3
87 95 3
87 96 3
87 97 2
87 98 1
87 99 1
87 100 1
88 89 2
88 90 3
88 91 2
88 92 1
88 93 1
88 94 3
88 95 1
88 96 1
88 97 2
88 98 1
88 99 1
88 100 1
89 90 3
89 91 3
89 92 1
89 93 2
89 94 1
89 95 1
89 96 3
89 97 1
89 98 2
89 99 2
89 100 3
90 91 2
90 92 3
90 93 2
90 94 1
90 95 1
90 96 2
90 97 3
90 98 1
90 99 3
90 100 3
91 92 2
91 93 1
91 94 2
91 95 1
91 96 3
91 97 2
91 98 2
91 99 3
91 100 3
92 93 1
92 94 1
92 95 3
92 96 1
92 97 3
92 98 2
92 99 2
92 100 1
93 94 1
93 95 1
93 96 3
93 97 3
93 98 2
93 99 1
93 100 3
94 95 2
94 96 3
94 97 2
94 98 1
94 99 2
94 100 1
95 96 1
95 97 3
95 98 3
95 99 3
95 100 3
96 97 3
96 98 1
96 99 2
96 100 3
97 98 3
97 99 1
97 100 1
98 99 2
98 100 1
99 100 3
