100
20763 28876 23533 57227 40064 14374 4908 69235 24074 27570 60073 15707 57127 10575 31774 31836 69141 40674 41339 55731 51530 40105 56362 39168 35076 41410 11833 29647 23247 19978 67653 10407 27020 31241 46230 12177 9867 33483 31875 18938 34281 20039 5881 7516 35545 11632 28420 27614 53066 28958 39943 12671 30384 26956 22017 25277 24739 24253 57047 53533 43652 51976 33556 51189 28433 39658 53545 30048 39282 53838 71787 28129 35660 50964 49742 31692 68726 35378 37987 76966 25808 29192 70020 18826 19580 11102 35995 37334 75367 54665 69558 9423 14530 19806 23697 39814 23553 79324 43676
27297 21954 55648 38485 12795 16507 67656 22495 25991 58494 14128 55548 22174 30195 43435 67562 39095 52938 54152 49951 38526 54783 50767 46675 53009 10254 41246 34846 31577 66074 22006 25441 29662 44651 10598 21466 45082 30296 30537 45880 31638 17480 19115 33966 23231 40019 26035 51487 40557 38364 24270 41983 25377 33616 23698 36338 22674 55468 51954 42073 50397 45155 49610 26854 51257 51966 41647 37703 52259 70208 26550 47259 49385 48163 43291 67147 46977 36408 75387 37407 27613 68441 30425 18001 22701 47594 48933 73788 53086 67979 21022 26129 31405 35296 51413 35152 77745 42097
30067 63761 46598 20908 24620 75769 29082 32578 66607 20715 63661 30287 38308 51548 75675 47208 61051 62265 58064 46639 62896 58880 54788 61122 18367 49359 42959 39690 74187 30119 32028 36249 52764 18711 29579 53195 36883 38650 53993 39751 25593 27228 40553 31344 48132 32622 59600 48670 46477 32383 50096 33490 41729 30285 44451 29261 63581 60067 50186 58510 53268 57723 33441 59370 60079 49760 45816 60372 78321 33137 55372 57498 56276 51404 75260 55090 42995 83500 45520 35726 76554 38538 26114 30814 55707 57046 81901 61199 76092 29135 34242 39518 43409 59526 43265 85858 50210
58418 41255 15565 19277 70426 25265 28761 61264 16898 58318 24944 32965 46205 70332 41865 55708 56922 52721 41296 57553 53537 49445 55779 13024 44016 37616 34347 68844 24776 28211 32432 47421 13368 24236 47852 33066 33307 48650 34408 20250 21885 36736 26001 42789 28805 54257 43327 41134 27040 44753 28147 36386 26468 39108 25444 58238 54724 44843 53167 47925 52380 29624 54027 54736 44417 40473 55029 72978 29320 50029 52155 50933 46061 69917 49747 39178 78157 40177 30383 71211 33195 20771 25471 50364 51703 76558 55856 70749 23792 28899 34175 38066 54183 37922 80515 44867
74949 49259 52971 48510 58959 62455 39348 50592 36402 58638 66659 79899 48416 75559 89402 35006 30805 74990 35637 87231 83139 89473 46718 77710 71310 68041 46928 58470 61905 66126 25505 47062 57930 81546 66760 67001 82344 68102 53944 55579 70430 59695 76483 62499 32341 77021 19218 60734 78447 61841 70080 60162 72802 59138 91932 32808 78537 86861 81619 86074 63318 87721 32820 78111 74167 88723 106672 63014 83723 85849 84627 79755 103611 83441 72872 111851 73871 64077 104905 66889 54465 59165 84058 85397 54642 33940 104443 57486 62593 67869 71760 87877 71616 114209 78561
32096 35808 86957 41796 45292 77795 33429 74849 41475 49496 62736 86863 58396 72239 73453 69252 57827 74084 70068 65976 72310 29555 60547 54147 50878 85375 41307 44742 48963 63952 29899 40767 64383 49597 49838 65181 50939 36781 38416 53267 42532 59320 45336 70788 59858 57665 43571 61284 44678 52917 42999 55639 41975 74769 71255 61374 69698 64456 68911 46155 70558 71267 60948 57004 71560 89509 45851 66560 68686 67464 62592 86448 66278 55709 94688 56708 46914 87742 49726 37302 42002 66895 68234 93089 72387 87280 40323 45430 50706 54597 70714 54453 97046 61398
10118 61267 16106 19602 52105 7739 49159 15785 23806 37046 61173 32706 46549 47763 43562 32137 48394 44378 40286 46620 3865 34857 28457 25188 59685 15617 19052 23273 38262 4209 15077 38693 23907 24148 39491 25249 11091 12726 27577 16842 33630 19646 45098 34168 31975 17881 35594 18988 27227 17309 29949 16285 49079 45565 35684 44008 38766 43221 20465 44868 45577 35258 31314 45870 63819 20161 40870 42996 41774 36902 60758 40588 30019 68998 31018 21224 62052 24036 11612 16312 41205 42544 67399 46697 61590 14633 19740 25016 28907 45024 28763 71356 35708
64979 19818 23314 55817 11451 52871 6319 27518 27580 64885 36418 37083 51475 47274 35849 52106 34912 30820 37154 7577 25391 18991 15722 63397 6151 22764 26985 41974 7921 5611 29227 27619 14682 30025 15783 1625 3260 31289 7376 24164 23358 48810 24702 35687 8415 26128 22700 17761 21021 20483 19997 52791 49277 39396 47720 29300 46933 24177 35402 49289 25792 35026 49582 67531 23873 31404 46708 45486 27436 64470 31122 33731 72710 21552 24936 65764 14570 15324 6846 31739 33078 71111 50409 65302 5167 10274 15550 19441 35558 19297 75068 39420
70967 74463 51356 62600 48410 70646 78667 91907 60424 87567 101410 47014 42813 86998 47645 99239 95147 101481 58726 89718 83318 80049 58936 70478 73913 78134 37513 59070 69938 93554 78768 79009 94352 80110 65952 67587 82438 71703 88491 74507 44349 89029 31226 72742 90455 73849 82088 72170 84810 71146 103940 44816 90545 98869 93627 98082 75326 99729 44828 90119 86175 100731 118680 75022 95731 97857 96635 91763 115619 95449 84880 123859 85879 76085 116913 78897 66473 71173 96066 97405 66650 45948 116451 69494 74601 79877 83768 99885 83624 126217 90569
27776 61805 15913 58859 25485 33506 46746 70873 42406 56249 57463 53262 41837 58094 54078 49986 56320 13565 44557 38157 34888 69385 25317 27226 31447 47962 13909 24777 48393 32081 33848 49191 34949 20791 22426 35751 26542 43330 27820 54798 43868 41675 27581 45294 28688 36927 25483 39649 24459 58779 55265 45384 53708 48466 52921 28639 54568 55277 44958 41014 55570 73519 28335 50570 52696 51474 46602 70458 50288 38193 78698 40718 30924 71752 33736 21312 26012 50905 52244 77099 56397 71290 24333 29440 34716 38607 54724 38463 81056 45408
65301 19409 62355 28981 37002 50242 74369 45902 59745 60959 56758 45333 61590 57574 53482 59816 17061 48053 41653 38384 72881 28813 30722 34943 51458 17405 28273 51889 35577 37344 52687 38445 24287 25922 39247 30038 46826 31316 58294 47364 45171 31077 48790 32184 40423 28979 43145 27955 62275 58761 48880 57204 51962 56417 32135 58064 58773 48454 44510 59066 77015 31831 54066 56192 54970 50098 73954 53784 41689 82194 44214 34420 75248 37232 24808 29508 54401 55740 80595 59893 74786 27829 32936 38212 42103 58220 41959 84552 48904
53438 39248 61484 69505 82745 51262 78405 92248 37852 33651 77836 38483 90077 85985 92319 49564 80556 74156 70887 49774 61316 64751 68972 28351 49908 60776 84392 69606 69847 85190 70948 56790 58425 73276 62541 79329 65345 35187 79867 22064 63580 81293 64687 72926 63008 75648 61984 94778 35654 81383 89707 84465 88920 66164 90567 35666 80957 77013 91569 109518 65860 86569 88695 87473 82601 106457 86287 75718 114697 76717 66923 107751 69735 57311 62011 86904 88243 57488 36786 107289 60332 65439 70715 74606 90723 74462 117055 81407
50492 17118 25139 38379 62506 34039 47882 49096 44895 33470 49727 45711 41619 47953 5198 36190 29790 26521 61018 16950 18859 23080 39595 5542 16410 40026 23714 25481 40824 26582 12424 14059 27384 18175 34963 19453 46431 35501 33308 19214 36927 20321 28560 17116 31282 16092 50412 46898 37017 45341 40099 44554 20272 46201 46910 36591 32647 47203 65152 19968 42203 44329 43107 38235 62091 41921 29826 70331 32351 22557 63385 25369 12945 17645 42538 43877 68732 48030 62923 15966 21073 26349 30240 46357 30096 72689 37041
58538 66559 79799 48316 75459 89302 34906 30705 74890 7017 87131 83039 89373 46618 77610 71210 67941 18308 58370 61805 66026 25405 46962 57830 81446 66660 66901 82244 68002 53844 55479 70330 59595 76383 62399 32241 76921 19118 60634 78347 61741 69980 60062 72702 59038 91832 32708 78437 86761 81519 85974 63218 87621 4200 78011 74067 88623 106572 62914 83623 85749 84527 79655 103511 83341 72772 111751 73771 63977 104805 66789 54365 59065 83958 85297 26022 5320 104343 57386 62493 67769 71660 87777 71516 114109 78461
33185 33247 70552 42085 42750 57142 52941 41516 57773 40579 36487 42821 13244 31058 24658 21389 69064 11818 28431 32652 47641 13588 11278 34894 33286 20349 35692 21450 7292 8927 36956 13043 29831 29025 54477 30369 41354 14082 31795 28367 23428 26688 26150 25664 58458 54944 45063 53387 34967 52600 29844 41069 54956 31459 40693 55249 73198 29540 37071 52375 51153 33103 70137 36789 39398 78377 27219 30603 71431 20237 20991 12513 37406 38745 76778 56076 70969 10834 15941 21217 25108 41225 24964 80735 45087
54446 78573 50106 63949 65163 60962 49537 65794 61778 57686 64020 21265 52257 45857 42588 77085 33017 36452 40673 55662 21609 32477 56093 41307 41548 56891 42649 28491 30126 44977 34242 51030 37046 62498 51568 49375 35281 52994 36388 44627 34709 47349 33685 66479 62965 53084 61408 56166 60621 37865 62268 62977 52658 48714 63270 81219 37561 58270 60396 59174 54302 78158 57988 47419 86398 48418 38624 79452 41436 29012 33712 58605 59944 84799 64097 78990 32033 37140 42416 46307 62424 46163 88756 53108
91813 63346 55061 78403 74202 62777 79034 52890 57748 55132 34505 43369 36969 33700 90325 33079 49692 53913 68902 34849 32539 56155 54547 41610 56953 42711 28553 30188 58217 34304 51092 50286 75738 51630 62615 35343 53056 49628 44689 47949 47411 46925 79719 76205 66324 74648 56228 73861 51105 62330 76217 43770 61954 76510 94459 50801 58332 73636 72414 45414 91398 58050 60659 99638 39530 51864 92692 41498 42252 24824 49717 51056 98039 77337 92230 32095 37202 33528 46369 53536 46225 101996 66348
87473 101316 46920 42719 86904 47551 99145 95053 101387 58632 89624 83224 79955 58842 70384 73819 78040 37419 58976 69844 93460 78674 78915 94258 80016 65858 67493 82344 71609 88397 74413 44255 88935 31132 72648 90361 73755 81994 72076 84716 71052 103846 44722 90451 98775 93533 97988 75232 99635 44734 90025 86081 100637 118586 74928 95637 97763 96541 91669 115525 95355 84786 123765 85785 75991 116819 78803 66379 71079 95972 97311 66556 45854 116357 69400 74507 79783 83674 99791 83530 126123 90475
72849 74063 69862 58437 74694 70678 66586 72920 30165 61157 54757 51488 85985 41917 45352 49573 64562 30509 41377 64993 50207 50448 65791 51549 37391 39026 53877 43142 59930 45946 71398 60468 58275 44181 61894 45288 53527 43609 56249 42585 75379 71865 61984 70308 65066 69521 46765 71168 71877 61558 57614 72170 90119 46461 67170 69296 68074 63202 87058 66888 56319 95298 57318 47524 88352 50336 37912 42612 67505 68844 93699 72997 87890 40933 46040 51316 55207 71324 55063 97656 62008
87906 83705 72280 88537 62393 67251 64635 44008 52872 46472 43203 99828 42582 59195 63416 78405 44352 42042 65658 64050 51113 66456 52214 38056 39691 67720 43807 60595 59789 85241 61133 72118 44846 62559 59131 54192 57452 56914 56428 89222 85708 75827 84151 65731 83364 60608 71833 85720 53273 71457 86013 103962 60304 67835 83139 81917 54917 100901 67553 70162 109141 49033 61367 102195 51001 51755 34327 59220 60559 107542 86840 101733 41598 46705 43031 55872 63039 55728 111499 75851
29309 73494 34141 85735 81643 87977 45222 76214 69814 66545 45432 56974 60409 64630 24009 45566 56434 80050 65264 65505 80848 66606 52448 54083 68934 58199 74987 61003 30845 75525 17722 59238 76951 60345 68584 58666 71306 57642 90436 31312 77041 85365 80123 84578 61822 86225 31324 76615 72671 87227 105176 61518 82227 84353 83131 78259 102115 81945 71376 110355 72375 62581 103409 65393 52969 57669 82562 83901 53146 32444 102947 55990 61097 66373 70264 86381 70120 112713 77065
69293 29940 81534 77442 83776 41021 72013 65613 62344 41231 52773 56208 60429 19808 41365 52233 75849 61063 61304 76647 62405 48247 49882 64733 53998 70786 56802 26644 71324 13521 55037 72750 56144 64383 54465 67105 53441 86235 27111 72840 81164 75922 80377 57621 82024 27123 72414 68470 83026 100975 57317 78026 80152 78930 74058 97914 77744 67175 106154 68174 58380 99208 61192 48768 53468 78361 79700 48945 28243 98746 51789 56896 62172 66063 82180 65919 108512 72864
74125 70109 66017 72351 29596 60588 54188 50919 85416 41348 44783 49004 63993 29940 40808 64424 49638 49879 65222 50980 36822 38457 53308 42573 59361 45377 70829 59899 57706 43612 61325 44719 52958 43040 55680 42016 74810 71296 61415 69739 64497 68952 46196 70599 71308 60989 57045 71601 89550 45892 66601 68727 67505 62633 86489 66319 55750 94729 56749 46955 87783 49767 37343 42043 66936 68275 93130 72428 87321 40364 45471 50747 54638 70755 54494 97087 61439
86366 82274 88608 45853 76845 70445 67176 17543 57605 61040 65261 24640 46197 57065 80681 65895 66136 81479 67237 53079 54714 69565 58830 75618 61634 31476 76156 18353 59869 77582 60976 69215 59297 71937 58273 91067 31943 77672 85996 80754 85209 62453 86856 3435 77246 73302 87858 105807 62149 82858 84984 83762 78890 102746 82576 72007 110986 73006 63212 104040 66024 53600 58300 83193 84532 25257 4555 103578 56621 61728 67004 70895 87012 70751 113344 77696
65080 62464 41837 50701 44301 41032 97657 40411 57024 61245 76234 42181 39871 63487 61879 48942 64285 50043 35885 37520 65549 41636 58424 57618 83070 58962 69947 42675 60388 56960 52021 55281 54743 54257 87051 83537 73656 81980 63560 81193 58437 69662 83549 51102 69286 83842 101791 58133 65664 80968 79746 52746 98730 65382 67991 106970 46862 59196 100024 48830 49584 32156 57049 58388 105371 84669 99562 39427 44534 40860 53701 60868 53557 109328 73680
67322 37745 55559 49159 45890 93565 36319 52932 57153 72142 38089 35779 59395 57787 44850 60193 45951 31793 33428 61457 37544 54332 53526 78978 54870 65855 38583 56296 52868 47929 51189 50651 50165 82959 79445 69564 77888 59468 77101 54345 65570 79457 55960 65194 79750 97699 54041 61572 76876 75654 57604 94638 61290 63899 102878 51720 55104 95932 44738 45492 37014 61907 63246 101279 80577 95470 35335 40442 45718 49609 65726 49465 105236 69588
44079 52943 46543 43274 99899 42653 59266 63487 78476 44423 42113 65729 64121 51184 66527 52285 38127 39762 67791 43878 60666 59860 85312 61204 72189 44917 62630 59202 54263 57523 56985 56499 89293 85779 75898 84222 65802 83435 60679 71904 85791 53344 71528 86084 104033 60375 67906 83210 81988 54988 100972 67624 70233 109212 49104 61438 102266 51072 51826 34398 59291 60630 107613 86911 101804 41669 46776 43102 55943 63110 55799 111570 75922
32316 25916 22647 57144 13076 16511 20732 35721 1668 12536 36152 21366 21607 36950 22708 8550 10185 25036 14301 31089 17105 42557 31627 29434 15340 33053 16447 24686 14768 27408 13744 46538 43024 33143 41467 36225 40680 17924 42327 43036 32717 28773 43329 61278 17620 38329 40455 39233 34361 58217 38047 27478 66457 28477 18683 59511 21495 9071 13771 38664 40003 64858 44156 59049 12092 17199 22475 26366 42483 26222 68815 33167
34780 31511 88136 30890 47503 51724 66713 32660 30350 53966 52358 39421 54764 40522 26364 27999 56028 32115 48903 48097 73549 49441 60426 33154 50867 47439 42500 45760 45222 44736 77530 74016 64135 72459 54039 71672 48916 60141 74028 41581 59765 74321 92270 48612 56143 71447 70225 43225 89209 55861 58470 97449 37341 49675 90503 39309 40063 22635 47528 48867 95850 75148 90041 29906 35013 31339 44180 51347 44036 99807 64159
25111 81736 24490 41103 45324 60313 26260 23950 47566 45958 33021 48364 34122 19964 21599 49628 25715 42503 41697 67149 43041 54026 26754 44467 41039 36100 39360 38822 38336 71130 67616 57735 66059 47639 65272 42516 53741 67628 35181 53365 67921 85870 42212 49743 65047 63825 36825 82809 49461 52070 91049 30941 43275 84103 32909 33663 16235 41128 42467 89450 68748 83641 23506 28613 24939 37780 44947 37636 93407 57759
78467 21221 37834 42055 57044 22991 20681 44297 42689 29752 45095 30853 16695 18330 46359 22446 39234 38428 63880 39772 50757 23485 41198 37770 32831 36091 35553 35067 67861 64347 54466 62790 44370 62003 39247 50472 64359 31912 50096 64652 82601 38943 46474 61778 60556 33556 79540 46192 48801 87780 27672 40006 80834 29640 30394 12966 37859 39198 86181 65479 80372 20237 25344 21670 34511 41678 34367 90138 54490
68896 72331 76552 35931 57488 68356 91972 77186 77427 92770 78528 64370 66005 80856 70121 86909 72925 42767 87447 29644 71160 88873 72267 80506 70588 83228 69564 102358 43234 88963 97287 92045 96500 73744 98147 14726 88537 84593 99149 117098 73440 94149 96275 95053 90181 114037 93867 83298 122277 84297 74503 115331 77315 64891 69591 94484 95823 36548 15846 114869 67912 73019 78295 82186 98303 82042 124635 88987
28263 32484 47473 13420 11110 34726 33118 20181 35524 21282 7124 8759 36788 12875 29663 28857 54309 30201 41186 13914 31627 28199 23260 26520 25982 25496 58290 54776 44895 53219 34799 52432 29676 40901 54788 31291 40525 55081 73030 29372 36903 52207 50985 32935 69969 36621 39230 78209 27051 30435 71263 20069 20823 12345 37238 38577 76610 55908 70801 10666 15773 21049 24940 41057 24796 80567 44919
34393 50908 16855 27723 51339 35027 36794 52137 37895 23737 25372 38697 29488 46276 30766 57744 46814 44621 30527 48240 31634 39873 28429 42595 27405 61725 58211 48330 56654 51412 55867 31585 57514 58223 47904 43960 58516 76465 31281 53516 55642 54420 49548 73404 53234 41139 81644 43664 33870 74698 36682 24258 28958 53851 55190 80045 59343 74236 27279 32386 37662 41553 57670 41409 84002 48354
55129 21076 31944 55560 39248 41015 56358 42116 27958 29593 42918 33709 50497 34987 61965 51035 48842 34748 52461 35855 44094 32650 46816 31626 65946 62432 52551 60875 55633 60088 35806 61735 62444 52125 48181 62737 80686 35502 57737 59863 58641 53769 77625 57455 45360 85865 47885 38091 78919 40903 28479 33179 58072 59411 84266 63564 78457 31500 36607 41883 45774 61891 45630 88223 52575
36065 46933 70549 55763 56004 71347 57105 42947 44582 59433 48698 65486 51502 21344 66024 8221 49737 67450 50844 59083 49165 61805 48141 80935 21811 67540 75864 70622 75077 52321 76724 21823 67114 63170 77726 95675 52017 72726 74852 73630 68758 92614 72444 61875 100854 62874 53080 93908 55892 43468 48168 73061 74400 43645 22943 93446 46489 51596 56872 60763 76880 60619 103212 67564
12880 36496 21710 21951 37294 23052 8894 10529 25380 14645 31433 17449 42901 31971 29778 15684 33397 16791 25030 15112 27752 14088 46882 43368 33487 41811 36569 41024 18268 42671 43380 33061 29117 43673 61622 17964 38673 40799 39577 34705 58561 38391 27822 66801 28821 19027 59855 21839 9415 14115 39008 40347 65202 44500 59393 12436 17543 22819 26710 42827 26566 69159 33511
34186 32578 19641 34984 20742 6584 8219 36248 12335 29123 28317 53769 29661 40646 13374 31087 27659 22720 25980 25442 24956 57750 54236 44355 52679 34259 51892 29136 40361 54248 30751 39985 54541 72490 28832 36363 51667 50445 32395 69429 36081 38690 77669 26511 29895 70723 19529 20283 11805 36698 38037 76070 55368 70261 10126 15233 20509 24400 40517 24256 80027 44379
56194 43257 58600 44358 30200 31835 59864 35951 52739 51933 77385 53277 64262 36990 54703 51275 46336 49596 49058 48572 81366 77852 67971 76295 57875 75508 52752 63977 77864 54367 63601 78157 96106 52448 59979 75283 74061 56011 93045 59697 62306 101285 50127 53511 94339 43145 43899 35421 60314 61653 99686 78984 93877 33742 38849 44125 48016 64133 47872 103643 67995
41649 56992 42750 28592 30227 43552 34343 51131 35621 62599 51669 49476 35382 53095 36489 44728 33284 47450 32260 66580 63066 53185 61509 56267 60722 36440 62369 63078 52759 48815 63371 81320 36136 58371 60497 59275 54403 78259 58089 45994 86499 48519 38725 79553 41537 29113 33813 58706 60045 84900 64198 79091 32134 37241 42517 46408 62525 46264 88857 53209
34927 20685 15655 17290 45319 21406 29066 37388 62840 38732 49717 13317 31030 36730 31791 35051 25385 34027 66821 63307 53426 61750 43330 60963 38207 40304 63319 39822 49056 63612 81561 37903 36306 60738 59516 41466 78500 45152 47761 86740 35582 38966 79794 28600 29354 20876 45769 47108 85141 64439 79332 19197 24304 29580 24343 49588 24199 89098 53450
36028 30998 32633 60662 36749 44409 52731 78183 54075 65060 28660 46373 52073 47134 50394 40728 49370 82164 78650 68769 77093 58673 76306 53550 55647 78662 55165 64399 78955 96904 53246 51649 76081 74859 56809 93843 60495 63104 102083 50925 54309 95137 43943 44697 36219 61112 62451 100484 79782 94675 34540 39647 44923 39686 64931 39542 104441 68793
16756 18391 46420 22507 30167 38489 63941 39833 50818 14418 32131 37831 32892 36152 26486 35128 67922 64408 54527 62851 44431 62064 39308 41405 64420 40923 50157 64713 82662 39004 37407 61839 60617 42567 79601 46253 48862 87841 36683 40067 80895 29701 30455 21977 46870 48209 86242 65540 80433 20298 25405 30681 25444 50689 25300 90199 54551
4233 32262 8349 25137 24331 49783 25675 36660 9388 27101 23673 18734 21994 21456 20970 53764 50250 40369 48693 30273 47906 25150 36375 50262 26765 35999 50555 68504 24846 32377 47681 46459 28409 65443 32095 34704 73683 22525 25909 66737 15543 16297 7819 32712 34051 72084 51382 66275 6140 11247 16523 20414 36531 20270 76041 40393
33897 9984 26772 25966 51418 27310 38295 11023 28736 25308 20369 23629 23091 22605 55399 51885 42004 50328 31908 49541 26785 38010 51897 28400 37634 52190 70139 26481 34012 49316 48094 30044 67078 33730 36339 75318 24160 27544 68372 17178 17932 9454 34347 35686 73719 53017 67910 7775 12882 18158 22049 38166 21905 77676 42028
38013 54801 39291 66269 55339 53146 39052 56765 40159 48398 36954 51120 35930 70250 66736 56855 65179 59937 64392 40110 66039 66748 56429 52485 67041 84990 39806 62041 64167 62945 58073 81929 61759 49664 90169 52189 42395 83223 45207 32783 37483 62376 63715 88570 67868 82761 35804 40911 46187 50078 66195 49934 92527 56879
30888 30082 55534 31426 42411 15139 32852 29424 24485 27745 27207 26721 59515 56001 46120 54444 36024 53657 30901 42126 56013 32516 41750 56306 74255 30597 38128 53432 52210 34160 71194 37846 40455 79434 28276 31660 72488 21294 22048 13570 38463 39802 77835 57133 72026 11891 16998 22274 26165 42282 26021 81792 46144
46870 72322 48214 59199 22799 40512 46212 41273 44533 34867 43509 76303 72789 62908 71232 52812 70445 47689 49786 72801 49304 58538 73094 91043 47385 45788 70220 68998 50948 87982 54634 57243 96222 45064 48448 89276 38082 38836 30358 55251 56590 94623 73921 88814 28679 33786 39062 33825 59070 33681 98580 62932
58338 47408 45215 31121 48834 32228 40467 29023 43189 27999 62319 58805 48924 57248 52006 56461 32179 58108 58817 48498 44554 59110 77059 31875 54110 56236 55014 50142 73998 53828 41733 82238 44258 34464 75292 37276 24852 29552 54445 55784 80639 59937 74830 27873 32980 38256 42147 58264 42003 84596 48948
72860 15057 56573 74286 57680 65919 56001 68641 54977 87771 28647 74376 82700 77458 81913 59157 83560 28659 73950 70006 84562 102511 58853 79562 81688 80466 75594 99450 79280 68711 107690 69710 59916 100744 62728 50304 55004 79897 81236 50481 29779 100282 53325 58432 63708 67599 83716 67455 110048 74400
59737 32465 50178 46750 41811 45071 44533 44047 76841 73327 63446 71770 53350 70983 48227 59452 73339 49842 59076 73632 91581 47923 55454 70758 69536 51486 88520 55172 57781 96760 45602 48986 89814 38620 39374 30896 55789 57128 95161 74459 89352 29217 34324 39600 43491 59608 43347 99118 63470
43450 61163 44557 52796 42878 55518 41854 74648 15524 61253 69577 64335 68790 46034 70437 15536 60827 56883 71439 89388 45730 66439 68565 67343 62471 86327 66157 55588 94567 56587 46793 87621 49605 37181 41881 66774 68113 37358 16656 87159 40202 45309 50585 54476 70593 54332 96925 61277
24763 30463 25524 28784 19118 27760 60554 57040 47159 55483 37063 54696 31940 34037 57052 33555 42789 57345 75294 31636 30039 54471 53249 35199 72233 38885 41494 80473 29315 32699 73527 22333 23087 14609 39502 40841 78874 58172 73065 12930 18037 23313 18076 43321 17932 82831 47183
48176 43237 46497 36831 45473 78267 74753 64872 73196 54776 72409 49653 51750 74765 51268 60502 75058 93007 49349 47752 72184 70962 52912 89946 56598 59207 98186 47028 50412 91240 40046 40800 32322 57215 58554 96587 75885 90778 30643 35750 41026 35789 61034 35645 100544 64896
39809 29891 42531 28867 61661 58147 48266 56590 51348 55803 33047 57450 58159 47840 43896 58452 76401 32743 53452 55578 54356 49484 73340 53170 42601 81580 43600 33806 74634 36618 24194 28894 53787 55126 79981 59279 74172 27215 32322 37598 41489 57606 41345 83938 48290
38130 37592 37106 69900 66386 56505 64829 46409 64042 41286 52511 66398 42901 52135 66691 84640 40982 48513 63817 62595 44545 81579 48231 50840 89819 38661 42045 82873 31679 32433 23955 48848 50187 88220 67518 82411 22276 27383 32659 36550 52667 36406 92177 56529
40852 25662 59982 56468 46587 54911 49669 54124 29842 55771 56480 46161 42217 56773 74722 29538 51773 53899 52677 47805 71661 51491 39396 79901 41921 32127 72955 34939 22515 27215 52108 53447 78302 57600 72493 25536 30643 35919 39810 55927 39666 82259 46611
39828 72622 69108 59227 67551 49131 66764 44008 46105 69120 45623 54857 69413 87362 43704 42107 66539 65317 47267 84301 50953 53562 92541 41383 44767 85595 34401 35155 26677 51570 52909 90942 70240 85133 24998 30105 35381 30144 55389 30000 94899 59251
58958 55444 45563 53887 48645 53100 28818 54747 55456 45137 41193 55749 73698 28514 50749 52875 51653 46781 70637 50467 38372 78877 40897 31103 71931 33915 21491 26191 51084 52423 77278 56576 71469 24512 29619 34895 38786 54903 38642 81235 45587
88238 78357 86681 81439 85894 63138 87541 88250 77931 46063 88543 78568 62834 83543 85669 56523 79575 75507 83261 72692 83747 73691 35973 76801 66709 54285 58985 83878 85217 110072 89370 104263 57306 62413 67689 71580 87697 71436 86105 78381
74843 83167 77925 82380 59624 84027 29126 74417 70473 85029 102978 59320 80029 82155 80933 76061 99917 79747 69178 108157 70177 60383 101211 63195 50771 55471 80364 81703 50948 30246 100749 53792 58899 64175 68066 84183 67922 110515 74867
73286 68044 72499 49743 74146 74855 64536 60592 75148 93097 49439 70148 72274 71052 66180 90036 69866 59297 98276 60296 50502 91330 53314 40890 45590 70483 71822 96677 75975 90868 43911 49018 54294 58185 74302 58041 100634 64986
76368 26643 58067 82470 83179 72860 68916 29292 101421 57763 78472 26418 79376 74504 98360 78190 67621 106600 68620 58826 99654 61638 49214 53914 78807 80146 105001 84299 45012 52235 57342 62618 66509 82626 66365 108958 19130
75581 52825 64050 77937 54440 63674 78230 96179 52521 60052 75356 74134 56084 93118 59770 62379 101358 50200 53584 94412 43218 43972 35494 60387 61726 99759 79057 93950 33815 38922 44198 48089 64206 47945 103716 68068
57280 81683 82392 72073 68129 28505 100634 56976 77685 25631 78589 73717 97573 77403 66834 105813 67833 58039 98867 60851 48427 53127 78020 79359 104214 83512 44225 51448 56555 61831 65722 81839 65578 108171 18343
58927 59636 49317 45373 59929 77878 32694 54929 57055 55833 50961 74817 54647 42552 83057 45077 35283 76111 38095 25671 30371 55264 56603 81458 60756 75649 28692 33799 39075 42966 59083 42822 85415 49767
84039 60542 69776 84332 102281 58623 57026 81458 80236 62186 99220 65872 68481 107460 56302 59686 100514 49320 50074 41596 66489 67828 105861 85159 100052 39917 45024 50300 45063 70308 44919 109818 74170
74429 70485 85041 102990 59332 80041 82167 80945 76073 99929 79759 69190 108169 70189 60395 101223 63207 50783 55483 80376 81715 22440 1738 100761 53804 58911 64187 68078 84195 67934 110527 74879
60166 74722 92671 49013 56544 71848 70626 43626 89610 56262 58871 97850 37742 50076 90904 39710 40464 23036 47929 49268 96251 75549 90442 30307 35414 31740 44581 51748 44437 100208 64560
70778 60803 45069 65778 67904 38758 61810 57742 65496 54927 65982 55926 18208 59036 48944 36520 41220 66113 67452 92307 71605 86498 39541 44648 49924 53815 69932 53671 68340 60616
103283 59625 80334 28280 81238 76366 100222 80052 69483 108462 70482 60688 101516 63500 51076 55776 80669 82008 106863 86161 46874 54097 59204 64480 68371 84488 68227 110820 20992
77574 98283 100409 71263 94315 30025 98001 87432 98487 88431 50713 91541 81449 69025 73725 98618 99957 124812 104110 119003 72046 77153 82429 86320 102437 86176 100845 93121
54625 56751 55529 50657 74513 54343 42248 82753 44773 34979 75807 37791 25367 30067 54960 56299 81154 60452 75345 28388 33495 38771 42662 58779 42518 85111 49463
77460 76238 58188 95222 61874 64483 103462 52304 55688 96516 45322 46076 37598 62491 63830 101863 81161 96054 35919 41026 46302 41065 66310 40921 105820 70172
78364 73492 97348 77178 66609 105588 67608 57814 98642 60626 48202 52902 77795 79134 103989 83287 44000 51223 56330 61606 65497 81614 65353 107946 18118
72270 68202 75956 65387 76442 66386 28668 69496 59404 46980 51680 76573 77912 102767 82065 96958 50001 55108 60384 64275 80392 64131 78800 71076
91254 57906 60515 99494 39386 51720 92548 41354 42108 24680 49573 41312 97895 77193 92086 31951 37058 23784 46225 43792 46081 101852 66204
94940 84371 95426 85370 47652 88480 78388 65964 70664 95557 96896 121751 101049 115942 68985 74092 79368 83259 99376 83115 97784 90060
64201 103180 52022 55406 96234 45040 45794 37316 62209 63548 101581 80879 95772 35637 40744 46020 49911 66028 49767 105538 69890
92611 54631 44837 85665 47649 35225 39925 64818 66157 91012 70310 85203 38246 43353 48629 52520 68637 52376 94969 59321
93610 55892 34290 86628 74204 78904 103797 105136 129991 109289 124182 77225 82332 87608 91499 107616 91355 43594 98300
45836 86664 35470 36224 18796 43689 45028 92011 71309 86202 26067 31174 27500 40341 47508 40197 95968 60320
48946 38854 26430 31130 56023 57362 82217 61515 76408 29451 34558 39834 43725 59842 43581 58250 50526
79682 67258 71958 96851 98190 123045 102343 117236 70279 75386 80662 84553 100670 84409 36648 91354
29242 20764 45657 46996 85029 64327 79220 19085 24192 29468 33359 49476 33215 88986 53338
21518 46411 47750 72605 51903 66796 19839 24946 30222 34113 50230 33969 76562 40914
28983 30322 77305 56603 71496 11361 16468 12794 25635 32802 25491 81262 45614
55215 102198 81496 96389 36254 41361 37687 50528 57695 50384 106155 70507
103537 82835 97728 37593 42700 29426 51867 49434 51723 107494 71846
23560 122583 75626 80733 86009 89900 106017 89756 132349 96701
101881 54924 60031 65307 69198 85315 69054 111647 75999
69817 74924 80200 84091 100208 83947 126540 36712
14789 20065 23956 40073 23812 79583 43935
25172 29063 45180 28919 84690 49042
34339 31906 34195 89966 54318
54347 28958 93857 58209
54203 109974 74326
93713 58065
100658
