39
46766 46276 43507 27091 22380 58448 46856 40908 42214 54951 56368 62177 30963 35742 22078 49964 56668 45513 62590 61519 64654 48073 45489 40686 48140 60468 50240 40242 43352 60224 54948 60198 38894 67926 40763 69191 36043 82700
17220 47797 31381 26670 29392 17800 11852 46504 59241 27312 66467 35253 40032 26368 54254 60958 49803 66880 65809 68944 52363 16433 44976 52430 64758 21184 11186 47642 64514 59238 64488 43184 72216 45053 40135 40333 86990
47307 30891 26180 28902 17310 11362 46014 58751 26822 65977 34763 39542 25878 53764 60468 49313 66390 65319 68454 51873 15943 44486 51940 64268 20694 10696 47152 64024 58748 63998 42694 71726 44563 39645 39843 86500
28122 23411 59479 47887 41939 43245 32344 57399 39570 31994 13135 23109 27357 34061 22906 39983 38912 42047 25466 46520 18079 25533 37861 51271 41273 44383 37617 32341 37591 16287 45319 18156 70222 13436 60093
6995 43063 31471 25523 26829 39566 40983 46792 15578 20357 6693 34579 41283 30128 47205 46134 49269 32688 30104 25301 32755 45083 34855 24857 27967 44839 39563 44813 23509 52541 25378 53806 20658 67315
38352 26760 20812 22118 34855 36272 42081 10867 15646 1982 29868 36572 25417 42494 41423 44558 27977 25393 20590 28044 40372 30144 20146 23256 40128 34852 40102 18798 47830 20667 49095 15947 62604
29482 23534 58186 70923 38994 78149 46935 51714 38050 65936 72640 61485 78562 77491 80626 64045 28115 56658 64112 76440 32866 22868 59324 76196 70920 76170 54866 83898 56735 51817 52015 98672
11942 46594 59331 27402 66557 35343 40122 26458 54344 61048 49893 66970 65899 69034 52453 16523 45066 52520 64848 21274 11276 47732 64604 59328 64578 43274 72306 45143 40225 40423 87080
40646 53383 21454 60609 29395 34174 20510 48396 55100 43945 61022 59951 63086 46505 10575 39118 46572 58900 15326 5328 41784 58656 53380 58630 37326 66358 39195 34277 34475 81132
54689 56106 61915 30701 35480 21816 49702 56406 45251 62328 61257 64392 47811 45227 40424 47878 60206 49978 39980 43090 59962 54686 59936 38632 67664 40501 68929 35781 82438
68843 50536 43438 24101 34553 38801 45505 34350 51427 49878 53491 36910 57964 29523 36977 49305 62715 52717 55827 48583 43307 49035 27253 56285 29600 81666 24402 71059
76069 44855 49634 35970 63856 70560 59405 76482 75411 78546 61965 26035 54578 62032 74360 30786 20788 57244 74116 68840 74090 52786 81818 54655 49737 49935 96592
50664 31327 41779 46027 52731 41576 58653 57104 60717 44136 65190 36749 44203 56531 69941 59943 63053 55809 50533 56261 34479 63511 36826 88892 31628 78285
24229 10565 38451 45155 34000 51077 50006 53141 36560 33976 29173 36627 48955 38727 28729 31839 48711 43435 48685 27381 56413 29250 57678 24530 71187
15344 19592 26296 15141 32218 30669 34282 17701 38755 10314 17768 30096 43506 33508 36618 29374 24098 29826 8044 37076 10391 62457 5193 51850
29566 36270 25115 42192 41121 44256 27675 25091 20288 27742 40070 29842 19844 22954 39826 34550 39800 18496 47528 20365 48793 15645 62302
40518 29363 46440 45369 48504 31923 52977 24536 31990 44318 57728 47730 50840 44074 38798 44048 22744 51776 24613 76679 19893 66550
36067 53144 52073 55208 38627 59681 31240 38694 51022 64432 54434 57544 50778 45502 50752 29448 58480 31317 83383 26597 73254
41989 40918 44053 27472 48526 20085 27539 39867 53277 43279 46389 39623 34347 39597 18293 47325 20162 72228 15442 62099
57995 61130 44549 65603 37162 44616 56944 70354 60356 63466 56700 51424 56674 35370 64402 37239 89305 32519 79176
60059 43478 64532 36091 43545 55873 69283 59285 62395 55151 49875 55603 33821 62853 36168 88234 30970 77627
46613 67667 39226 46680 59008 72418 62420 65530 58764 53488 58738 37434 66466 39303 91369 34583 81240
51086 22645 24491 42427 55837 45839 48949 42183 36907 36549 20853 49885 22722 74788 18002 64659
43699 51153 63481 19907 9909 46365 63237 57961 63211 41907 70939 43776 38858 39056 85713
22712 35040 48450 38452 41562 34796 29520 34770 13466 42498 15335 67401 10615 57272
42494 55904 45906 49016 42250 36974 36616 20920 49952 22789 74855 18069 64726
68232 58234 61344 54578 49302 54552 33248 62280 29071 87183 30397 77054
14660 51116 67988 62712 67962 46658 75690 48527 43609 43807 90464
41118 57990 52714 57964 36660 65692 38529 33611 33809 80466
61100 55824 61074 39770 68802 41639 70067 36919 83576
48580 54308 32526 61558 34873 86939 29675 76332
49032 27250 56282 29597 81663 24399 71056
32978 62010 34847 86913 30127 76784
40228 13543 65609 8345 55002
42575 94641 37377 42968
67478 10692 57349
62758 109415
52151
