98
45790 46734 27860 41179 21539 82199 55567 46575 44960 67766 74586 62612 63746 67088 65616 74949 71240 67330 70024 61876 65766 87595 34382 45871 74149 49595 68388 96490 24687 45167 59437 49127 60201 62988 65220 44534 41916 42926 33466 83890 68041 52353 46145 36571 73677 61799 46498 64998 32952 77600 78651 83594 83716 83175 59930 55927 49755 73585 46159 73989 88438 70466 25311 75215 53463 81239 66311 75310 48426 46577 73464 76218 100715 93390 91186 53914 104640 82543 41815 72337 84186 62462 95263 94380 102176 72657 78647 30866 106634 50255 92243 105330 87460 90982 65090 73620 63303
62298 43424 56743 37103 97763 71131 62139 60524 83330 90150 78176 79310 82652 81180 90513 86804 82894 85588 77440 81330 103159 49946 61435 89713 65159 83952 112054 40251 60731 75001 64691 75765 78552 80784 60098 57480 58490 49030 99454 83605 67917 61709 52135 89241 77363 62062 80562 48516 93164 94215 99158 99280 98739 75494 71491 65319 89149 61723 89553 104002 86030 40875 90779 69027 96803 81875 90874 63990 62141 89028 91782 116279 108954 106750 69478 120204 98107 57379 87901 99750 78026 110827 109944 117740 88221 94211 46430 122198 65819 107807 120894 103024 106546 80654 89184 78867
44368 57687 38047 98707 72075 63083 61468 84274 91094 79120 80254 83596 82124 91457 87748 83838 86532 78384 82274 104103 50890 62379 90657 66103 84896 112998 41195 61675 75945 65635 76709 79496 81728 61042 58424 59434 49974 100398 84549 68861 62653 53079 90185 78307 63006 81506 49460 94108 95159 100102 100224 99683 76438 72435 66263 90093 62667 90497 104946 86974 41819 91723 69971 97747 82819 91818 64934 63085 89972 92726 117223 109898 107694 70422 121148 99051 58323 88845 100694 78970 111771 110888 118684 89165 95155 47374 123142 66763 108751 121838 103968 107490 81598 90128 79811
38813 19173 79833 53201 44209 42594 65400 72220 60246 61380 64722 63250 72583 68874 64964 67658 59510 63400 85229 32016 43505 71783 47229 66022 94124 22321 42801 57071 46761 57835 60622 62854 42168 39550 40560 31100 81524 65675 49987 43779 34205 71311 59433 44132 62632 30586 75234 76285 81228 81350 80809 57564 53561 47389 71219 43793 71623 86072 68100 22945 72849 51097 78873 63945 72944 46060 44211 71098 73852 98349 91024 88820 51548 102274 80177 39449 69971 81820 60096 92897 92014 99810 70291 76281 28500 104268 47889 89877 102964 85094 88616 62724 71254 60937
32492 47402 20770 11778 55913 32969 39789 27815 28949 32291 30819 40152 36443 32533 35227 27079 30969 52798 45335 11074 39352 14798 33591 61693 35640 10370 70390 14330 25404 28191 30423 55487 52869 53879 44419 49093 33244 17556 11348 47524 38880 27002 57451 30201 43905 42803 43854 48797 48919 48378 70883 21130 14958 38788 11362 39192 53641 35669 36264 40418 64416 46442 31514 40513 13629 11780 38667 41421 65918 58593 56389 19117 69843 47746 7018 37540 49389 27665 60466 59583 67379 37860 43850 41819 71837 15458 57446 70533 52663 56185 30293 38823 28506
73512 46880 37888 36273 59079 65899 53925 55059 58401 56929 66262 62553 58643 61337 53189 57079 78908 25695 37184 65462 40908 59701 87803 16000 36480 50750 40440 51514 54301 56533 35847 33229 34239 24779 75203 59354 43666 37458 27884 64990 53112 37811 56311 24265 68913 69964 74907 75029 74488 51243 47240 41068 64898 37472 65302 79751 61779 16624 66528 44776 72552 57624 66623 39739 37890 64777 67531 92028 84703 82499 45227 95953 73856 33128 63650 75499 53775 86576 85693 93489 63970 69960 22179 97947 41568 83556 96643 78773 82295 56403 64933 54616
26928 52798 96933 73989 45947 68835 69969 73311 71839 81172 77463 73553 41385 68099 37127 58956 86355 52094 45510 55818 39749 102713 76660 51390 111410 55350 66424 69211 36581 96507 93889 94899 85439 90113 39402 58576 52368 88544 79900 68022 98471 36359 84925 83823 84874 89817 55077 89398 111903 62150 55978 79808 52382 80212 94661 76689 77284 81438 105436 87462 72534 81533 54649 52800 44825 47579 106938 64751 97409 60137 110863 88766 48038 43698 90409 68685 101486 100603 108399 78880 50008 82839 112857 56478 63604 111553 93683 62343 71313 44981 34664
26166 70301 47357 19315 42203 43337 46679 45207 54540 50831 46921 14753 41467 10495 32324 59723 25462 18878 29186 13117 76081 50028 24758 84778 28718 39792 42579 9949 69875 67257 68267 58807 63481 12770 31944 25736 61912 53268 41390 71839 9727 58293 57191 58242 63185 28445 62766 85271 35518 29346 53176 25750 53580 68029 50057 50652 54806 78804 60830 45902 54901 28017 26168 18193 20947 80306 38119 70777 33505 84231 62134 21406 17066 63777 42053 74854 73971 81767 52248 23376 56207 86225 29846 36972 84921 67051 35711 44681 18349 8032
61309 38365 45185 22401 34345 26877 25405 34738 31029 37929 40623 21665 36365 58194 50731 5660 44748 20194 38987 56279 41036 15766 75786 19726 30800 33587 35819 60883 58265 59275 49815 43679 38640 12142 5934 52920 33466 21588 62847 35597 49301 37389 38440 43383 54315 42964 76279 15716 9544 33374 5948 33778 48227 30255 41660 35004 69812 41028 26100 35099 19025 17176 44063 46817 60504 63989 50975 13703 64429 42332 12414 42936 43975 22251 55052 54169 61965 32446 49246 47215 66423 20854 62842 65119 47249 61581 35689 44219 33902
82500 89320 77346 78480 81822 80350 89683 85974 82064 84758 76610 80500 102329 49116 60605 88883 64329 83122 111224 39421 59901 74171 63861 74935 77722 79954 59268 56650 57660 48200 98624 82775 67087 60879 51305 88411 76533 61232 79732 47686 92334 93385 98328 98450 97909 74664 70661 64489 88319 60893 88723 103172 85200 40045 89949 68197 95973 81045 90044 63160 61311 88198 90952 115449 108124 105920 68648 119374 97277 56549 87071 98920 77196 109997 109114 116910 87391 93381 45600 121368 64989 106977 120064 102194 105716 79824 88354 78037
66376 54402 55536 58878 57406 66739 63030 59120 61814 53666 57556 79385 71922 37661 65939 41385 60178 88280 62227 36957 96977 40917 51991 54778 57010 82074 79456 80466 71006 75680 59831 44143 37935 74111 65467 53589 84038 56788 70492 69390 70441 75384 75506 74965 97470 47717 41545 65375 37949 65779 80228 62256 62851 67005 91003 73029 58101 67100 40216 38367 65254 68008 92505 85180 82976 45704 96430 74333 33605 64127 75976 54252 87053 86170 93966 64447 70437 68406 98424 42045 84033 97120 79250 82772 56880 65410 55093
61222 62356 65698 64226 73559 69850 65940 33772 60486 29514 51343 78742 44481 37897 48205 32136 95100 69047 43777 103797 47737 58811 61598 28968 88894 86276 87286 77826 82500 31789 50963 44755 80931 72287 60409 90858 28746 77312 76210 77261 82204 47464 81785 104290 54537 48365 72195 44769 72599 87048 69076 69671 73825 97823 79849 64921 73920 47036 45187 37212 39966 99325 57138 89796 52524 103250 81153 40425 36085 82796 61072 93873 92990 100786 71267 42395 75226 105244 48865 55991 103940 86070 54730 63700 37368 27051
50382 42914 41442 50775 47066 53966 56660 37702 52402 74231 66768 21697 60785 36231 55024 72316 57073 31803 91823 35763 46837 49624 51856 76920 74302 75312 65852 59716 54677 28179 21971 68957 49503 37625 78884 51634 65338 53426 54477 59420 70352 59001 92316 31753 25581 49411 21985 49815 64264 46292 57697 51041 85849 57065 42137 51136 35062 33213 60100 62854 76541 80026 67012 29740 80466 58369 28451 58973 60012 38288 71089 70206 78002 48483 65283 63252 82460 36891 78879 81156 63286 77618 51726 60256 49939
54858 53386 62719 59010 55100 57794 49646 53536 75365 67902 33641 61919 37365 56158 84260 58207 32937 92957 36897 47971 50758 52990 78054 75436 76446 66986 71660 55811 40123 33915 70091 61447 49569 80018 52768 66472 65370 66421 71364 71486 70945 93450 43697 37525 61355 33929 61759 76208 58236 58831 62985 86983 69009 54081 63080 36196 34347 61234 63988 88485 81160 78956 41684 92410 70313 29585 60107 71956 50232 83033 82150 89946 60427 66417 64386 94404 38025 80013 93100 75230 78752 52860 61390 51073
45918 55251 51542 58442 61136 42178 56878 78707 71244 26173 65261 40707 59500 76792 61549 36279 96299 40239 51313 54100 56332 81396 78778 79788 70328 64192 59153 32655 26447 73433 53979 42101 83360 56110 69814 57902 58953 63896 74828 63477 96792 36229 30057 53887 26461 54291 68740 50768 62173 55517 90325 61541 46613 55612 39538 37689 64576 67330 81017 84502 71488 34216 84942 62845 32927 63449 64488 42764 75565 74682 82478 52959 69759 67728 86936 41367 83355 85632 67762 82094 56202 64732 54415
53779 50070 56970 59664 40706 55406 77235 69772 24701 63789 39235 58028 75320 60077 34807 94827 38767 49841 52628 54860 79924 77306 78316 68856 62720 57681 31183 24975 71961 52507 40629 81888 54638 68342 56430 57481 62424 73356 62005 95320 34757 28585 52415 24989 52819 67268 49296 60701 54045 88853 60069 45141 54140 38066 36217 63104 65858 79545 83030 70016 32744 83470 61373 31455 61977 63016 41292 74093 73210 81006 51487 68287 66256 85464 39895 81883 84160 66290 80622 54730 63260 52943
59403 66303 68997 50039 64739 86568 79105 34034 73122 48568 67361 38277 69410 44140 104160 48100 59174 61961 64193 89257 86639 87649 78189 25677 67014 40516 34308 81294 15464 49962 91221 63971 77675 19387 20438 25381 82689 24962 104653 44090 37918 61748 34322 15776 76601 58629 70034 63378 98186 23026 54474 63473 47399 45550 72437 75191 42502 92363 79349 42077 46427 24330 40788 71310 25973 50625 83426 82543 43963 14444 77620 75589 48421 49228 91216 47117 29247 89955 64063 72593 62276
62594 65288 46330 61030 82859 75396 30325 69413 44859 63652 80944 65701 40431 100451 44391 55465 58252 60484 85548 82930 83940 74480 68344 63305 36807 30599 77585 58131 46253 87512 60262 73966 62054 63105 68048 78980 67629 100944 40381 34209 58039 30613 58443 72892 54920 66325 59669 94477 65693 50765 59764 43690 41841 68728 71482 85169 88654 75640 38368 89094 66997 37079 67601 68640 46916 79717 78834 86630 57111 73911 71880 91088 45519 87507 89784 71914 86246 60354 68884 58567
61378 53230 57120 78949 71486 37225 65503 40949 59742 87844 61791 36521 96541 40481 51555 54342 56574 81638 79020 80030 70570 75244 59395 43707 37499 73675 65031 53153 83602 56352 70056 68954 70005 74948 75070 74529 97034 47281 41109 64939 37513 65343 79792 61820 62415 66569 90567 72593 57665 66664 39780 37931 64818 67572 92069 84744 82540 45268 95994 73897 33169 63691 75540 53816 86617 85734 93530 64011 70001 67970 97988 41609 83597 96684 78814 82336 56444 64974 54657
55924 24952 46781 74180 39919 33335 43643 27574 90538 64485 39215 99235 43175 54249 57036 24406 84332 81714 82724 73264 77938 27227 46401 40193 76369 67725 55847 86296 24184 72750 71648 72699 77642 42902 77223 99728 49975 43803 67633 40207 68037 82486 64514 65109 69263 93261 75287 60359 69358 42474 40625 32650 35404 94763 52576 85234 47962 98688 76591 35863 31523 78234 56510 89311 88428 96224 66705 37833 70664 100682 44303 51429 99378 81508 50168 59138 32806 22489
51666 73495 66032 20961 60049 35495 54288 71580 56337 31067 91087 35027 46101 48888 51120 76184 73566 74576 65116 58980 53941 27443 21235 68221 48767 36889 78148 50898 64602 52690 53741 58684 69616 58265 91580 31017 24845 48675 21249 49079 63528 45556 56961 50305 85113 56329 41401 50400 34326 32477 59364 62118 75805 79290 66276 29004 79730 57633 27715 58237 59276 37552 70353 69470 77266 47747 64547 62516 81724 36155 78143 80420 62550 76882 50990 59520 49203
42523 69922 35661 29077 39385 23316 86280 60227 34957 94977 38917 49991 52778 20148 80074 77456 78466 69006 73680 22969 42143 35935 72111 63467 51589 82038 19926 68492 67390 68441 73384 38644 72965 95470 45717 39545 63375 35949 63779 78228 60256 60851 65005 89003 71029 56101 65100 38216 36367 28392 31146 90505 48318 80976 43704 94430 72333 31605 27265 73976 52252 85053 84170 91966 62447 33575 66406 96424 40045 47171 95120 77250 45910 54880 28548 18231
91751 57490 50906 61214 45145 108109 82056 56786 116806 60746 71820 74607 41977 101903 99285 100295 90835 95509 44798 63972 57764 93940 85296 73418 103867 41755 90321 89219 90270 95213 60473 94794 117299 67546 61374 85204 57778 85608 100057 82085 82680 86834 110832 92858 77930 86929 60045 58196 50221 52975 112334 70147 102805 65533 116259 94162 53434 49094 95805 74081 106882 105999 113795 84276 55404 88235 118253 61874 69000 116949 99079 67739 76709 50377 40060
50027 78305 53751 72544 100646 28843 49323 63593 53283 64357 67144 69376 48690 46072 47082 37622 88046 72197 56509 50301 40727 77833 65955 50654 69154 37108 81756 82807 87750 87872 87331 64086 60083 53911 77741 50315 78145 92594 74622 29467 79371 57619 85395 70467 79466 52582 50733 77620 80374 104871 97546 95342 58070 108796 86699 45971 76493 88342 66618 99419 98536 106332 76813 82803 35022 110790 54411 96399 109486 91616 95138 69246 77776 67459
44044 19490 38283 55575 40332 15062 75082 19022 30096 32883 35115 60179 57561 58571 49111 42975 37936 11438 5230 52216 32762 20884 62143 34893 48597 36685 37736 42679 53611 42260 75575 15012 8840 32670 5244 33074 47523 29551 40956 34300 69108 40324 25396 34395 18321 16472 43359 46113 59800 63285 50271 12999 63725 41628 11710 42232 43271 21547 54348 53465 61261 31742 48542 46511 65719 20150 62138 64415 46545 60877 34985 43515 33198
47768 31699 94663 68610 43340 103360 47300 58374 61161 28531 88457 85839 86849 77389 82063 31352 50526 44318 80494 71850 59972 90421 28309 76875 75773 76824 81767 47027 81348 103853 54100 47928 71758 44332 72162 86611 68639 69234 73388 97386 79412 64484 73483 46599 44750 36775 39529 98888 56701 89359 52087 102813 80716 39988 35648 82359 60635 93436 92553 100349 70830 41958 74789 104807 48428 55554 103503 85633 54293 63263 36931 26614
42007 70109 44056 18786 78806 22746 33820 36607 38839 63903 61285 62295 52835 57509 41660 25972 19764 55940 47296 35418 65867 38617 52321 51219 52270 57213 57335 56794 79299 29546 23374 47204 19778 47608 62057 44085 44680 48834 72832 54858 39930 48929 22045 20196 47083 49837 74334 67009 64805 27533 78259 56162 15434 45956 57805 36081 68882 67999 75795 46276 52266 50235 80253 23874 65862 78949 61079 64601 38709 47239 36922
88902 62849 37579 97599 41539 52613 55400 22770 82696 80078 81088 71628 76302 25591 44765 38557 74733 66089 54211 84660 22548 71114 70012 71063 76006 41266 75587 98092 48339 42167 65997 38571 66401 80850 62878 63473 67627 91625 73651 58723 67722 40838 38989 31014 33768 93127 50940 83598 46326 97052 74955 34227 29887 76598 54874 87675 86792 94588 65069 36197 69028 99046 42667 49793 97742 79872 48532 57502 31170 20853
90951 65681 125701 69641 80715 83502 85734 110798 108180 109190 99730 47218 88555 62057 55849 102835 37005 71503 112762 85512 99216 40928 41979 46922 104230 46503 126194 65631 59459 83289 55863 37317 98142 80170 91575 84919 119727 44567 76015 85014 68940 67091 93978 96732 64043 113904 100890 63618 67968 45871 62329 92851 47514 72166 104967 104084 65504 35985 99161 97130 69962 70769 112757 68658 50788 111496 85604 94134 83817
39628 53898 43588 54662 57449 59681 38995 36377 37387 27927 78351 62502 46814 40606 31032 68138 56260 40959 59459 27413 72061 73112 78055 78177 77636 54391 50388 44216 68046 40620 68450 82899 64927 19772 69676 47924 75700 60772 69771 42887 41038 67925 70679 95176 87851 85647 48375 99101 77004 36276 66798 78647 56923 89724 88841 96637 67118 73108 25327 101095 44716 86704 99791 81921 85443 59551 68081 57764
74378 18318 29392 32179 34411 59475 56857 57867 48407 53081 37232 21544 15336 51512 42868 30990 61439 34189 47893 46791 47842 52785 52907 52366 74871 25118 18946 42776 15350 43180 57629 39657 40252 44406 68404 50430 35502 44501 17617 15768 42655 45409 69906 62581 60377 23105 73831 51734 11006 41528 53377 31653 64454 63571 71367 41848 47838 45807 75825 19446 61434 74521 56651 60173 34281 42811 32494
78338 89412 92199 94431 45731 71127 44123 34663 113101 97252 81564 75356 65782 102888 91010 47695 94209 34149 106811 107862 112805 112927 112386 61127 85138 78966 102796 75370 103200 117649 99677 54522 104426 82674 110450 95522 104521 77637 75788 102675 105429 129926 122601 120397 83125 133851 111754 71026 101548 113397 91673 124474 123591 131387 101868 107858 60077 135845 79466 121454 134541 116671 120193 94301 102831 92514
33352 36139 38371 63435 60817 61827 52367 57041 41192 25504 19296 55472 46828 34950 65399 38149 51853 50751 51802 56745 56867 56326 78831 29078 22906 46736 19310 47140 61589 43617 44212 48366 72364 54390 39462 48461 21577 19728 46615 49369 73866 66541 64337 27065 77791 55694 14966 45488 57337 35613 68414 67531 75327 45808 51798 49767 79785 23406 65394 78481 60611 64133 38241 46771 36454
47213 49445 74509 71891 72901 63441 68115 52266 36578 30370 66546 57902 46024 76473 49223 62927 61825 62876 67819 67941 67400 89905 40152 33980 57810 30384 58214 72663 54691 55286 59440 83438 65464 50536 59535 32651 30802 57689 60443 84940 77615 75411 38139 88865 66768 26040 56562 68411 46687 79488 78605 86401 56882 62872 60841 90859 34480 76468 89555 71685 75207 49315 57845 47528
52232 77296 74678 75688 66228 70902 55053 39365 33157 69333 60689 48811 79260 52010 65714 64612 65663 70606 70728 70187 92692 42939 36767 60597 33171 61001 75450 57478 58073 62227 86225 68251 53323 62322 35438 33589 60476 63230 87727 80402 78198 40926 91652 69555 28827 59349 71198 49474 82275 81392 89188 59669 65659 63628 93646 37267 79255 92342 74472 77994 52102 60632 50315
79528 76910 77920 68460 73134 22423 41597 35389 71565 62921 51043 81492 19380 67946 66844 67895 72838 38098 72419 94924 45171 38999 62829 35403 63233 77682 59710 60305 64459 88457 70483 55555 64554 37670 35821 27846 30600 89959 47772 80430 43158 93884 71787 31059 26719 73430 51706 84507 83624 91420 61901 33029 65860 95878 39499 46625 94574 76704 45364 54334 28002 17685
56224 29220 19760 98198 82349 66661 60453 50879 87985 76107 32792 79306 19246 91908 92959 97902 98024 97483 46224 70235 64063 87893 60467 88297 102746 84774 39619 89523 67771 95547 80619 89618 62734 60885 87772 90526 115023 107698 105494 68222 118948 96851 56123 86645 98494 76770 109571 108688 116484 86965 92955 45174 120942 64563 106551 119638 101768 105290 79398 87928 77611
54616 45156 95580 79731 64043 57835 48261 85367 73489 58188 76688 44642 89290 90341 95284 95406 94865 71620 67617 61445 85275 57849 85679 100128 82156 37001 86905 65153 92929 78001 87000 60116 58267 85154 87908 112405 105080 102876 65604 116330 94233 53505 84027 95876 74152 106953 106070 113866 84347 90337 42556 118324 61945 103933 117020 99150 102672 76780 85310 74993
18152 96590 80741 65053 58845 49271 86377 74499 31184 77698 17638 90300 91351 96294 96416 95875 44616 68627 62455 86285 58859 86689 101138 83166 38011 87915 66163 93939 79011 88010 61126 59277 86164 88918 113415 106090 103886 66614 117340 95243 54515 85037 96886 75162 107963 107080 114876 85357 91347 43566 119334 62955 104943 118030 100160 103682 77790 86320 76003
87130 71281 55593 49385 39811 76917 65039 21724 68238 8178 80840 81891 86834 86956 86415 35156 59167 52995 76825 49399 77229 91678 73706 28551 78455 56703 84479 69551 78550 51666 49817 76704 79458 103955 96630 94426 57154 107880 85783 45055 75577 87426 65702 98503 97620 105416 75897 81887 34106 109874 53495 95483 108570 90700 94222 68330 76860 66543
75955 49457 43249 90235 24405 58903 100162 72912 86616 28328 29379 6132 91630 33903 113594 53031 46859 70689 43263 24717 85542 67570 78975 72319 107127 31967 63415 72414 56340 54491 81378 84132 23253 101304 88290 51018 27178 33271 49729 80251 34914 59566 92367 91484 52904 23385 86561 84530 57362 58169 100157 56058 38188 98896 73004 81534 71217
44418 38210 74386 65742 53864 84313 22201 70767 69665 70716 75659 27383 75240 97745 47992 41820 65650 38224 66054 80503 62531 63126 67280 91278 73304 58376 67375 40491 38642 17131 19885 92780 37057 83251 45979 96705 74608 33880 29540 76251 54527 87328 86445 94241 64722 35850 68681 98699 42320 35910 97395 79525 48185 57155 17287 6970
11712 58698 39244 27366 68625 41375 55079 43167 44218 49161 60093 48742 82057 21494 15322 39152 11726 39556 54005 36033 47438 40782 75590 46806 31878 40877 24803 22954 49841 52595 66282 69767 56753 19481 70207 48110 18192 48714 49753 28029 60830 59947 67743 38224 55024 52993 72201 26632 68620 70897 53027 67359 41467 49997 39680
52490 33036 21158 62417 35167 48871 36959 38010 42953 53885 42534 75849 15286 9114 32944 5518 33348 47797 29825 41230 34574 69382 40598 25670 34669 18595 16746 43633 46387 60074 63559 50545 13273 63999 41902 11984 42506 43545 21821 54622 53739 61535 32016 48816 46785 65993 20424 62412 64689 46819 61151 35259 43789 33472
80022 68144 52843 71343 39297 83945 84996 89939 90061 89520 66275 62272 56100 79930 52504 80334 94783 76811 31656 81560 59808 87584 72656 81655 54771 52922 79809 82563 107060 99735 97531 60259 110985 88888 48160 78682 90531 68807 101608 100725 108521 79002 84992 37211 112979 56600 98588 111675 93805 97327 71435 79965 69648
48690 89949 62699 76403 18115 19166 24109 81417 23690 103381 42818 36646 60476 33050 14504 75329 57357 68762 62106 96914 21754 53202 62201 46127 44278 71165 73919 41230 91091 78077 40805 45155 23058 39516 70038 24701 49353 82154 81271 42691 13172 76348 74317 47149 47956 89944 45845 27975 88683 62791 71321 61004
78071 50821 64525 52613 53664 58607 69539 58188 91503 30940 24768 48598 21172 49002 63451 45479 56884 50228 85036 56252 41324 50323 34249 32400 59287 62041 75728 79213 66199 28927 79653 57556 27638 58160 59199 37475 70276 69393 77189 47670 64470 62439 81647 36078 78066 80343 62473 76805 50913 59443 49126
81270 21210 93872 94923 99866 99988 99447 48188 72199 66027 89857 62431 90261 104710 86738 41583 91487 69735 97511 82583 91582 64698 62849 89736 92490 116987 109662 107458 70186 120912 98815 58087 88609 100458 78734 111535 110652 118448 88929 94919 47138 122906 66527 108515 121602 103732 107254 81362 89892 79575
67724 66622 67673 72616 37876 72197 94702 44949 38777 62607 35181 63011 77460 59488 60083 64237 88235 70261 55333 64332 37448 35599 27624 30378 89737 47550 80208 42936 93662 71565 30837 26497 73208 51484 84285 83402 91198 61679 32807 65638 95656 39277 46403 94352 76482 45142 54112 27780 17463
80326 81377 86320 86442 85901 34642 58653 52481 76311 48885 76715 91164 73192 28037 77941 56189 83965 69037 78036 51152 49303 76190 78944 103441 96116 93912 56640 107366 85269 44541 75063 86912 65188 97989 97106 104902 75383 81373 33592 109360 52981 94969 108056 90186 93708 67816 76346 66029
23089 28032 85340 27613 107304 46741 40569 64399 36973 18427 79252 61280 72685 66029 100837 25677 57125 66124 50050 48201 75088 77842 45153 95014 82000 44728 49078 26981 43439 73961 28624 53276 86077 85194 46614 17095 80271 78240 51072 51879 93867 49768 31898 92606 66714 75244 64927
29083 86391 28664 108355 47792 41620 65450 38024 19478 80303 62331 73736 67080 101888 26728 58176 67175 51101 49252 76139 78893 46204 96065 83051 45779 50129 28032 44490 75012 29675 54327 87128 86245 47665 18146 81322 79291 52123 52930 94918 50819 32949 93657 67765 76295 65978
91334 33607 113298 52735 46563 70393 42967 24421 85246 67274 78679 72023 106831 31671 63119 72118 56044 54195 81082 83836 22957 101008 87994 50722 26882 32975 49433 79955 34618 59270 92071 91188 52608 23089 86265 84234 57066 57873 99861 55762 37892 98600 72708 81238 70921
90915 113420 63667 57495 81325 53899 81729 96178 78206 78801 82955 106953 88979 74051 83050 56166 54317 32806 35560 108455 52732 98926 61654 112380 90283 49555 45215 91926 70202 103003 102120 109916 80397 51525 84356 114374 57995 51585 113070 95200 63860 72830 32962 22645
112879 52316 46144 69974 42548 24002 84827 66855 78260 71604 106412 12784 62700 71699 55625 53776 80663 83417 50728 100589 87575 50303 54653 32556 49014 79536 34199 58851 91652 90769 52189 22670 85846 83815 56647 57454 99442 55343 19005 98181 72289 80819 70502
85631 79459 103289 75863 103693 118142 100170 55015 104919 83167 110943 96015 105014 78130 76281 103168 105922 130419 123094 120890 83618 134344 112247 71519 102041 113890 92166 124967 124084 131880 102361 108351 60570 136338 79959 121947 135034 117164 120686 94794 103324 93007
18896 42726 15300 43130 57579 39607 51012 44356 79164 50380 35452 44451 28377 26528 53415 56169 69856 73341 60327 23055 73781 51684 21766 52288 53327 31603 64404 63521 71317 41798 58598 56567 75775 30206 72194 74471 56601 70933 45041 53571 43254
36554 9128 36958 51407 33435 44840 38184 72992 44208 29280 38279 22205 20356 47243 49997 63684 67169 54155 16883 67609 45512 15594 46116 47155 25431 58232 57349 65145 35626 52426 50395 69603 24034 66022 68299 50429 64761 38869 47399 37082
32958 60788 36211 18239 68670 62014 96822 68038 14084 62109 46035 44186 71073 73827 87514 90999 38959 40713 91439 69342 39424 69946 70985 49261 43036 42153 88975 59456 76256 74225 93433 47864 89852 92129 74259 88591 62699 71229 60912
33362 47811 29839 41244 34588 69396 40612 25684 34683 18609 16760 43647 46401 60088 63573 50559 13287 64013 41916 11998 42520 43559 21835 54636 53753 61549 32030 48830 46799 66007 20438 62426 64703 46833 61165 35273 43803 33486
75641 57669 69074 62418 97226 22066 53514 62513 46439 44590 71477 74231 41542 91403 78389 41117 45467 23370 39828 70350 25013 49665 82466 81583 43003 13484 76660 74629 47461 48268 90256 46157 28287 88995 63103 71633 61316
33092 83523 76867 111675 82891 28937 76962 60888 59039 85926 88680 102367 105852 53812 55566 106292 84195 54277 84799 85838 64114 57889 57006 103828 74309 91109 89078 108286 62717 104705 106982 89112 103444 77552 86082 75765
65551 58895 93703 64919 10965 58990 42916 41067 67954 70708 84395 87880 35840 37594 88320 66223 36305 66827 67866 46142 39917 39034 85856 56337 73137 71106 90314 44745 86733 89010 71140 85472 59580 68110 57793
70300 48548 76324 61396 70395 43511 41662 68549 71303 95800 88475 86271 48999 99725 77628 36900 67422 79271 57547 90348 89465 97261 67742 73732 25951 101719 45340 87328 100415 82545 86067 60175 68705 58388
98452 69668 54740 63739 47665 45816 72703 75457 89144 92629 79615 42343 93069 70972 41054 71576 72615 50891 83692 82809 90605 61086 77886 75855 95063 49494 91482 93759 75889 90221 64329 72859 62542
104476 89548 98547 71663 69814 96701 99455 123952 116627 114423 77151 127877 105780 65052 95574 107423 85699 118500 117617 125413 95894 101884 54103 129871 73492 115480 128567 110697 114219 88327 96857 86540
60764 69763 53689 51840 78727 81481 48792 98653 85639 48367 52717 30620 47078 77600 32263 56915 89716 88833 50253 20734 83910 81879 54711 55518 97506 53407 17069 96245 70353 78883 68566
54835 38761 36912 63799 66553 80240 83725 31685 33439 84165 62068 32150 62672 63711 41987 35762 34879 81701 52182 68982 66951 86159 40590 82578 84855 66985 81317 55425 63955 53638
47760 45911 72798 75552 89239 92724 79710 42438 93164 71067 41149 71671 72710 50986 83787 82904 90700 61181 77981 75950 95158 49589 91577 93854 75984 90316 64424 72954 62637
19027 45914 48668 73165 65840 63636 26364 77090 54993 14265 44787 56636 34912 67713 66830 74626 45107 51097 49066 79084 22705 64693 77780 59910 63432 37540 46070 35753
44065 46819 71316 63991 61787 24515 75241 53144 12416 42938 54787 33063 65864 64981 72777 43258 49248 47217 77235 20856 62844 75931 58061 61583 35691 44221 33904
25308 98203 42480 88674 51402 102128 80031 39303 34963 81674 59950 92751 91868 99664 70145 41273 74104 104122 47743 41333 102818 84948 53608 62578 22710 12393
100957 45234 91428 54156 104882 82785 42057 37717 84428 62704 95505 94622 102418 72899 44027 76858 106876 50497 44087 105572 87702 56362 65332 25464 15147
118129 105115 67843 44003 50096 66554 97076 51739 76391 109192 108309 69729 40210 103386 101355 74187 74994 116982 72883 55013 115721 89829 98359 88042
108600 71328 122054 99957 59229 54889 101600 79876 112677 111794 119590 90071 61199 94030 124048 67669 61259 122744 104874 73534 82504 42636 32319
58314 109040 86943 57025 87547 88586 66862 60637 59754 106576 77057 93857 91826 111034 65465 107453 109730 91860 106192 80300 88830 78513
71768 49671 19753 50275 51314 29590 62391 61508 69304 39785 56585 54554 73762 28193 70181 72458 54588 68920 43028 51558 41241
54021 70479 101001 55664 80316 113117 112234 73654 44135 107311 105280 78112 78919 120907 76808 58938 119646 93754 102284 91967
48382 78904 33567 58219 91020 90137 51557 22038 85214 83183 56015 56822 98810 54711 36841 97549 71657 80187 69870
38176 50025 28301 61102 60219 68015 38496 44486 42455 72473 16094 58082 71169 53299 56821 30929 39459 29142
80547 58823 91624 90741 98537 69018 40146 72977 102995 46616 53742 101691 83821 52481 61451 35119 24802
59862 92663 91780 35710 23681 86857 84826 40168 58465 100453 38864 38484 99192 73300 81830 71513
70939 70056 77852 48333 65133 63102 82310 36741 78729 81006 63136 77468 51576 60106 49789
63831 110653 81134 97934 95903 115111 69542 111530 113807 95937 110269 84377 92907 82590
109770 80251 97051 95020 114228 68659 110647 112924 95054 109386 83494 92024 81707
41671 104847 102816 58158 76455 118443 56854 56474 117182 91290 99820 89503
75328 73297 46129 46936 88924 44825 26955 87663 61771 70301 59984
79287 109305 52926 60052 108001 90131 58791 67761 41429 31112
107274 50895 92883 105970 88100 91622 65730 74260 63943
80913 122901 61312 60932 121640 95748 104278 93961
66522 79609 61739 65261 39369 47899 37582
121597 103727 72387 81357 41489 31172
59628 120336 94444 102974 92657
102466 76574 85104 74787
80096 53764 43447
62734 52417
12549
