49
48025 26996 68211 14703 11317 62572 81812 49483 80403 59113 87447 72370 32761 56548 67814 30386 70773 67187 36339 62703 63588 30294 81571 54441 52991 88841 79019 89895 51311 59254 64090 57755 71778 30670 31361 87330 53297 24732 51366 62387 100526 86797 12272 56304 54170 56006 40164 91154
56433 34248 44140 40754 28609 47849 15520 46440 25150 53484 38407 62198 22585 33851 59823 36810 33224 65776 28740 29625 59731 47608 83878 19028 54878 45056 55932 80748 25291 30127 23792 37815 60107 60798 53367 19334 54169 80803 28424 66563 52834 41709 22341 20207 85443 69601 57191
76619 23111 19725 70980 90220 57891 88811 67521 95855 80778 41169 64956 76222 38794 79181 75595 44747 71111 71996 38702 89979 62849 61399 97249 87427 98303 59719 67662 72498 66163 80186 39078 39769 95738 61705 33140 59774 70795 108934 95205 20680 64712 62578 64414 48572 99562
64326 60940 48795 68035 35706 66626 45336 73670 58593 82384 42771 54037 80009 56996 53410 85962 48926 49811 79917 67794 104064 39214 75064 65242 76118 100934 45477 50313 43978 58001 80293 80984 73553 39520 74355 100989 48610 86749 73020 61895 42527 40393 105629 89787 77377
7432 58687 77927 45598 76518 55228 83562 68485 28876 52663 63929 26501 66888 63302 32454 58818 59703 26409 77686 50556 49106 84956 75134 86010 47426 55369 60205 53870 67893 26785 27476 83445 49412 20847 47481 58502 96641 82912 8387 52419 50285 52121 36279 87269
55301 74541 42212 73132 51842 80176 65099 25490 49277 60543 23115 63502 59916 29068 55432 56317 23023 74300 47170 45720 81570 71748 82624 44040 51983 56819 50484 64507 23399 24090 80059 46026 17461 44095 55116 93255 79526 5001 49033 46899 48735 32893 83883
62396 30067 60987 39697 68031 52954 76745 37132 48398 74370 51357 47771 80323 43287 44172 74278 62155 98425 33575 69425 59603 70479 95295 39838 44674 38339 52362 74654 75345 67914 33881 68716 95350 42971 81110 67381 56256 36888 34754 99990 84148 71738
49307 46317 25027 53361 72194 95985 56372 33728 93610 70597 67011 99563 28617 63412 93518 81395 117665 52815 88665 78843 89719 114535 59078 63914 57579 37692 93894 94585 87154 53121 87956 114590 62211 100350 86621 75496 56128 53994 119230 103388 90978
47898 26608 54942 39865 63656 24043 35309 61281 38268 34682 67234 30198 31083 61189 49066 85336 20486 56336 46514 57390 82206 26749 31585 25250 39273 61565 62256 54825 20792 55627 82261 29882 68021 54292 43167 23799 21665 86901 71059 58649
23618 51952 70785 94576 54963 32319 92201 69188 65602 98154 27208 62003 92109 79986 116256 51406 87256 77434 88310 113126 57669 62505 56170 36283 92485 93176 85745 51712 86547 113181 60802 98941 85212 74087 54719 52585 117821 101979 89569
30662 49495 73286 33673 11029 70911 47898 44312 76864 5918 40713 70819 58696 94966 30116 65966 56144 67020 91836 36379 41215 34880 14993 71195 71886 64455 30422 65257 91891 39512 77651 63922 52797 33429 31295 96531 80689 68279
77829 101620 62007 39363 99245 76232 72646 105198 34252 69047 99153 87030 123300 58450 94300 84478 95354 120170 64713 69549 63214 43327 99529 100220 92789 58756 93591 120225 67846 105985 92256 81131 61763 59629 124865 109023 96613
86543 38720 58196 84168 61155 57569 90121 53085 53970 84076 63743 108223 35163 71013 61191 72067 105093 41426 54472 39927 62160 84452 85143 69502 35469 78514 105148 44559 82698 68969 66054 38476 36342 109788 93946 73326
70721 81987 11497 84946 81360 50512 76876 77761 44467 95744 35552 67164 103014 93192 104068 32422 73427 78263 71928 85951 44843 12472 101503 67470 38905 32477 76560 114699 100970 26445 70477 68343 37117 21275 105327
42374 68346 45333 41747 74299 37263 38148 68254 47921 92401 19341 55191 45369 56245 89271 25604 38650 24105 46338 68630 69321 53680 19647 62692 89326 28737 66876 53147 50232 22654 20520 93966 78124 57504
79612 56599 53013 85565 14619 49414 79520 67397 103667 38817 74667 64845 75721 100537 45080 49916 43581 23694 79896 80587 73156 39123 73958 100592 48213 86352 72623 61498 42130 39996 105232 89390 76980
82571 78985 48137 74501 75386 42092 93369 33177 64789 100639 90817 101693 30047 71052 75888 69553 83576 42468 10097 99128 65095 36530 30102 74185 112324 98595 24070 68102 65968 34742 18900 102952
55972 88524 51488 52373 82479 70356 106626 41776 77626 67804 78680 103496 48039 52875 46540 60563 82855 83546 76115 42082 76917 103551 51172 89311 75582 64457 45089 42955 108191 92349 79939
84938 47902 48787 78893 66770 103040 38190 74040 64218 75094 99910 44453 49289 42954 56977 79269 79960 72529 38496 73331 99965 47586 85725 71996 60871 41503 39369 104605 88763 76353
80454 81339 48045 99322 72192 70742 106592 96770 107646 69062 77005 81841 75506 89529 48421 49112 105081 71048 42483 69117 80138 118277 104548 30023 74055 71921 73757 57915 108905
44303 74409 62286 98556 33706 69556 59734 70610 95426 39969 44805 38470 18583 74785 75476 68045 34012 68847 95481 43102 81241 67512 56387 37019 34885 100121 84279 71869
75294 63171 99441 34591 70441 60619 71495 96311 40854 45690 39355 53378 75670 76361 68930 34897 69732 96366 43987 82126 68397 57272 37904 35770 101006 85164 72754
93277 66147 64697 100547 90725 101601 63017 70960 75796 69461 83484 42376 43067 99036 65003 36438 63072 74093 112232 98503 23978 68010 65876 67712 51870 102860
117424 44364 15400 5578 16454 114294 50627 63673 49128 71361 93653 94344 13889 44670 87715 114349 53760 27085 13356 75255 47677 45543 118989 103147 17713
88844 124694 114872 125748 54102 95107 99943 93608 107631 66523 34152 123183 89150 60585 54157 98240 136379 122650 48125 92157 90023 58797 42955 127007
51634 41812 52688 85714 22047 35093 20548 42781 65073 65764 50123 16090 59135 85769 25180 63319 49590 46675 19097 16963 90409 74567 53947
12848 23724 121564 57897 70943 56398 78631 100923 101614 21159 51940 94985 121619 61030 34355 20626 82525 54947 52813 126259 110417 24983
13902 111742 48075 61121 46576 68809 91101 91792 11337 42118 85163 111797 51208 24533 10804 72703 45125 42991 116437 100595 15161
122618 58951 71997 57452 79685 101977 102668 22213 52994 96039 122673 62084 35409 21680 83579 56001 53867 127313 111471 26037
91977 96813 90478 104501 63393 31022 120053 86020 57455 51027 95110 133249 119520 44995 89027 86893 55667 39825 123877
41356 23929 49044 71336 72027 56386 19471 65398 92032 28561 69582 55853 52938 22478 23226 96672 80830 60210
39857 53880 76172 76863 69432 35399 70234 96868 44489 82628 68899 57774 38406 36272 101508 85666 73256
47545 69837 70528 54887 17972 63899 90533 27062 68083 54354 51439 20979 21727 95173 79331 58711
83860 84551 77120 43087 77922 104556 52177 90316 76587 65462 46094 43960 109196 93354 80944
43443 99412 65379 36814 63448 74469 112608 98879 24354 68386 66252 68088 52246 103236
100103 66070 37505 31077 75160 113299 99570 25045 69077 66943 35717 19875 103927
50429 93474 120108 59519 32844 19115 81014 53436 51302 124748 108906 23472
59441 86075 22604 63625 49896 46981 16521 17269 90715 74873 54253
57510 68531 106670 92941 18416 62448 60314 62150 46308 97298
95165 133304 119575 45050 89082 86948 55722 39880 123932
72715 58986 56071 25611 26359 99805 83963 63343
32311 94210 66632 64498 137944 122102 36668
80481 52903 50769 124215 108373 22939
49988 47854 49690 33848 84838
20276 93722 77880 57260
91588 75746 55126
44520 128572
112730
