65
39510 808 31740 30464 40207 22339 52675 31317 66673 63379 24478 23010 83179 116281 39779 53469 33083 42114 75575 20564 77558 23753 29402 40172 101333 81394 132733 20981 61936 22103 14891 578 106452 144549 49676 48404 118995 51611 7864 133601 107126 72781 53933 44854 135814 97120 85320 75891 877 104805 7071 48710 38731 161211 46865 30235 167815 53928 17358 26523 148050 3846 1099 19736
39696 43900 69352 79095 34499 91563 43477 105561 102267 36638 35170 122067 155169 78667 92357 71971 81002 114463 59452 116446 35913 41562 52332 140221 120282 171621 33141 100824 60991 53779 39466 145340 183437 61836 87292 157883 90499 46752 172489 146014 111669 66093 57014 174702 136008 124208 114779 39765 143693 45959 87598 50891 200099 59025 42395 206703 66088 29518 65411 186938 42734 39987 31896
31926 30650 40393 22525 52861 31503 66859 63565 24664 23196 83365 116467 39965 53655 33269 42300 75761 20750 77744 23939 29588 40358 101519 81580 132919 21167 62122 22289 15077 764 106638 144735 49862 48590 119181 51797 8050 133787 107312 72967 54119 45040 136000 97306 85506 76077 1063 104991 7257 48896 38917 161397 47051 30421 168001 54114 17544 26709 148236 4032 1285 19922
61582 71325 13541 83793 35707 97791 94497 15680 14212 114297 147399 70897 84587 64201 73232 106693 51682 108676 14955 20604 31374 132451 112512 163851 25371 93054 53221 46009 31696 137570 175667 40878 79522 150113 82729 38982 164719 138244 103899 45135 36056 166932 128238 116438 107009 31995 135923 38189 79828 29933 192329 38067 34625 198933 45130 21748 57641 179168 34964 32217 24126
19083 52181 31551 61159 45549 42255 54320 52852 62055 95157 18655 32345 11959 20990 54451 50406 56434 53595 59244 70014 80209 60270 111609 50823 40812 51945 44733 30420 85328 123425 79518 27280 97871 30487 37706 112477 86002 51657 83775 74696 114690 75996 64196 54767 30719 83681 36913 27586 68573 140087 76707 60077 146691 83770 47200 5399 126926 33688 30941 49578
61924 41294 70902 55292 51998 64063 62595 71798 104900 28398 42088 21702 30733 64194 60149 66177 63338 68987 79757 89952 70013 121352 60566 50555 61688 54476 40163 95071 133168 89261 37023 107614 40230 47449 122220 95745 61400 93518 84439 124433 85739 73939 64510 40462 93424 46656 37329 78316 149830 86450 69820 156434 93513 56943 15142 136669 43431 40684 59321
74392 26306 88390 85096 6279 4811 104896 137998 61496 75186 54800 63831 97292 42281 99275 4346 11203 21973 123050 103111 154450 15970 83653 43820 36608 22295 128169 166266 30269 70121 140712 73328 29581 155318 128843 94498 35734 26655 157531 118837 107037 97608 22594 126522 28788 70427 19324 182928 28666 25224 189532 35729 12347 48240 169767 25563 22816 14725
83370 67760 64466 76531 75063 84266 117368 40866 54556 34170 43201 76662 72617 78645 75806 81455 92225 102420 82481 133820 73034 63023 74156 66944 52631 107539 145636 101729 49491 120082 52698 59917 134688 108213 73868 105986 96907 136901 98207 86407 76978 52930 105892 59124 49797 90784 162298 98918 82288 168902 105981 69411 27610 149137 55899 53152 71789
97368 94074 28445 26977 113874 146976 70474 84164 63778 72809 106270 51259 108253 27720 33369 44139 132028 112089 163428 24948 92631 52798 45586 31273 137147 175244 53643 79099 149690 82306 38559 164296 137821 103476 57900 48821 166509 127815 116015 106586 31572 135500 37766 79405 42698 191906 50832 34202 198510 57895 21325 57218 178745 34541 31794 23703
24698 90529 89061 44498 77600 54864 68554 48168 57199 36894 86615 38877 89804 95453 106223 62652 42713 94052 87032 23255 88154 80942 66629 67771 105868 115727 63489 80314 66696 73915 94920 68445 34100 119984 110905 97133 58439 46639 37210 66928 66124 73122 63795 104782 122530 112916 96286 129134 119979 83409 41608 109369 69897 67150 85787
87235 85767 41204 74306 51570 65260 44874 53905 33600 83321 35583 86510 92159 102929 59358 39419 90758 83738 19961 84860 77648 63335 64477 102574 112433 60195 77020 63402 70621 91626 65151 30806 116690 107611 93839 55145 43345 33916 63634 62830 69828 60501 101488 119236 109622 92992 125840 116685 80115 38314 106075 66603 63856 82493
6950 107035 140137 63635 77325 56939 65970 99431 44420 101414 7693 13342 24112 125189 105250 156589 18109 85792 45959 38747 24434 130308 168405 33616 72260 142851 75467 31720 157457 130982 96637 37873 28794 159670 120976 109176 99747 24733 128661 30927 72566 22671 185067 30805 27363 191671 37868 14486 50379 171906 27702 24955 16864
105567 138669 62167 75857 55471 64502 97963 42952 99946 6225 11874 22644 123721 103782 155121 16641 84324 44491 37279 22966 128840 166937 32148 70792 141383 73999 30252 155989 129514 95169 36405 27326 158202 119508 107708 98279 23265 127193 29459 71098 21203 183599 29337 25895 190203 36400 13018 48911 170438 26234 23487 15396
81368 71370 85060 64674 73705 53400 103121 42645 106310 111959 122729 66420 46481 97820 103538 39761 104660 97448 83135 71539 109636 132233 79995 84082 83202 90421 98688 72213 50606 136490 127411 100901 74945 50407 53716 83434 69892 89628 80301 121288 126298 129422 112792 132902 136485 99915 58114 113137 86403 83656 102293
104472 118162 97776 106807 86502 136223 75747 139412 145061 155831 37958 79583 69358 136640 72863 137762 130550 116237 43077 81174 165335 113097 55620 116304 123523 70226 43751 83708 169592 160513 72439 108047 83509 86818 116536 41430 122730 113403 154390 97836 162524 145894 104440 169587 133017 91216 84675 119505 116758 135395
41660 21274 30305 63766 59721 65749 62910 68559 79329 89524 69585 120924 60138 50127 61260 54048 39735 94643 132740 88833 36595 107186 39802 47021 121792 95317 60972 93090 84011 124005 85311 73511 64082 40034 92996 46228 36901 77888 149402 86022 69392 156006 93085 56515 14714 136241 43003 40256 58893
34964 43995 77456 73411 79439 76600 82249 93019 103214 83275 134614 73828 63817 74950 67738 53425 108333 146430 102523 50285 120876 53492 60711 135482 109007 74662 106780 97701 137695 99001 87201 77772 53724 106686 59918 50591 91578 163092 99712 83082 169696 106775 70205 28404 149931 56693 53946 72583
23609 57070 53025 59053 56214 61863 72633 82828 62889 114228 53442 43431 54564 47352 33039 87947 126044 82137 29899 100490 33106 40325 115096 88621 54276 86394 77315 117309 78615 66815 57386 33338 86300 39532 30205 71192 142706 79326 62696 149310 86389 49819 8018 129545 36307 33560 52197
66101 62056 68084 65245 70894 81664 91859 71920 123259 62473 52462 63595 56383 42070 96978 135075 91168 38930 109521 42137 49356 124127 97652 63307 95425 86346 126340 87646 75846 66417 42369 95331 48563 39236 80223 151737 88357 71727 158341 95420 58850 17049 138576 45338 42591 61228
95517 47779 98706 104355 115125 71554 51615 102954 95934 32157 97056 89844 75531 76673 114770 124629 72391 89216 75598 82817 103822 77347 43002 128886 119807 106035 67341 55541 46112 75830 75026 82024 72697 113684 131432 121818 105188 138036 128881 92311 50510 118271 78799 76052 94689
97500 43695 49344 60114 121275 101336 152675 40923 81878 42045 34833 20520 126394 164491 69618 68346 138937 71553 27806 153543 127068 92723 73875 64796 155756 117062 105262 95833 20819 124747 27013 68652 58673 181153 66807 50177 187757 73870 37300 46465 167992 23788 21041 39678
100689 106338 117108 60799 40860 92199 97917 34140 99039 91827 77514 65918 104015 126612 74374 78461 77581 84800 93067 66592 44985 130869 121790 95280 69324 44786 48095 77813 64271 84007 74680 115667 120677 123801 107171 127281 130864 94294 52493 107516 80782 78035 96672
12617 23387 124464 104525 155864 17384 85067 45234 38022 23709 129583 167680 31683 71535 142126 74742 30995 156732 130257 95912 37148 28069 158945 120251 108451 99022 24008 127936 30202 71841 20738 184342 30080 26638 190946 37143 13761 49654 171181 26977 24230 16139
29036 130113 110174 161513 23033 90716 50883 43671 29358 135232 173329 38540 77184 147775 80391 36644 162381 135906 101561 42797 33718 164594 125900 114100 104671 29657 133585 35851 77490 27595 189991 35729 32287 196595 42792 19410 55303 176830 32626 29879 21788
140883 120944 172283 33803 101486 61653 54441 40128 146002 184099 49310 87954 158545 91161 47414 173151 146676 112331 53567 44488 175364 136670 124870 115441 40427 144355 46621 88260 38365 200761 46499 43057 207365 53562 30180 66073 187600 43396 40649 32558
64635 54410 121692 57915 122814 115602 101289 28129 66226 150387 98149 40672 101356 108575 55278 28803 68760 154644 145565 57491 93099 68561 71870 101588 26482 107782 98455 139442 82888 147576 130946 89492 154639 118069 76268 69727 104557 101810 120447
96035 101753 37976 102875 95663 81350 69754 107851 130448 78210 82297 81417 88636 96903 70428 48821 134705 125626 99116 73160 48622 51931 81649 68107 87843 78516 119503 124513 127637 111007 131117 134700 98130 56329 111352 84618 81871 100508
153092 89315 154214 147002 132689 59529 97626 181787 129549 18770 132756 139975 86678 60203 100160 186044 176965 35589 124499 99961 103270 132988 57882 139182 129855 170842 114288 178976 162346 120892 186039 149469 107668 101127 135957 133210 151847
82295 42462 35250 20937 126811 164908 43307 68763 139354 71970 28223 153960 127485 93140 47564 38485 156173 117479 105679 96250 21236 125164 27430 69069 32362 181570 40496 23866 188174 47559 10989 46882 168409 24205 21458 13367
83417 76205 61892 63034 101131 110990 58752 75577 61959 69178 90183 63708 29363 115247 106168 92396 53702 41902 32473 62191 61387 68385 59058 100045 117793 108179 91549 124397 115242 78672 36871 104632 65160 62413 81050
36372 22059 127933 166030 71157 69885 140476 73092 29345 155082 128607 94262 75414 66335 157295 118601 106801 97372 22358 126286 28552 70191 60212 182692 68346 51716 189296 75409 38839 48004 169531 25327 22580 41217
14847 120721 158818 63945 62673 133264 65880 22133 147870 121395 87050 68202 59123 150083 111389 99589 90160 15146 119074 21340 62979 53000 175480 61134 44504 182084 68197 31627 40792 162319 18115 15368 34005
106408 144505 49632 48360 118951 51567 7820 133557 107082 72737 53889 44810 135770 97076 85276 75847 833 104761 7027 48666 38687 161167 46821 30191 167771 53884 17314 26479 148006 3802 1055 19692
71345 155506 103268 45791 106475 113694 60397 33922 73879 159763 150684 62610 98218 73680 76989 106707 31601 112901 103574 144561 88007 152695 136065 94611 159758 123188 81387 74846 109676 106929 125566
193603 141365 83888 144572 151791 34220 72019 111976 197860 188781 100707 136315 111777 115086 144804 69698 150998 141671 182658 61830 190792 174162 68434 197855 161285 119484 48669 147773 145026 163663
97458 168049 100665 56918 182655 156180 121835 63071 53992 184868 146174 134374 124945 49931 153859 56125 97764 46661 210265 56003 52561 216869 63066 39684 75577 197104 52900 50153 42062
115811 48427 55646 130417 103942 69597 101715 92636 132630 93936 82136 72707 48659 101621 54853 45526 86513 158027 94647 78017 164631 101710 65140 23339 144866 51628 48881 67518
119018 126237 72940 46465 86422 172306 163227 21851 110761 86223 89532 119250 44144 125444 116117 157104 100550 165238 148608 107154 172301 135731 93930 87389 122219 119472 138109
58853 133624 107149 72804 104922 95843 135837 97143 85343 75914 51866 104828 58060 48733 89720 161234 97854 81224 167838 104917 68347 26546 148073 54835 52088 70725
140843 114368 80023 61175 52096 143056 104362 92562 83133 8119 112047 14313 55952 45973 168453 54107 37477 175057 61170 24600 33765 155292 11088 8341 26978
61071 101028 186912 177833 89759 125367 100829 104138 133856 58750 140050 130723 171710 50882 179844 163214 57486 186907 150337 108536 37721 136825 134078 152715
74553 160437 151358 63284 98892 74354 77663 107381 32275 113575 104248 145235 88681 153369 136739 95285 160432 123862 82061 75520 110350 107603 126240
126092 117013 103241 64547 52747 43318 73036 72232 79230 69903 110890 128638 119024 102394 135242 126087 89517 47716 115477 76005 73258 91895
58249 189125 150431 138631 129202 54188 158116 60382 102021 52126 214522 60260 56818 221126 49491 43941 79834 201361 57157 54410 46319
180046 141352 129552 120123 45109 149037 51303 92942 43047 205443 51181 47739 212047 58244 34862 70755 192282 48078 45331 37240
127580 103042 106351 136069 60963 142263 132936 173923 117369 182057 165427 123973 189120 152550 110749 104208 139038 136291 154928
77086 67657 97375 96571 103569 94242 135229 152977 143363 126733 159581 150426 113856 72055 139816 100344 97597 116234
55857 85575 72033 91769 82442 123429 128439 131563 114933 135043 138626 102056 60255 115278 88544 85797 104434
76146 75342 82340 73013 114000 131748 122134 105504 138352 129197 92627 50826 118587 79115 76368 95005
105060 7326 48965 38986 161466 47120 30490 168070 54183 17613 26778 148305 4101 1354 19991
111254 101927 142914 86360 151048 134418 92964 158111 121541 79740 73199 108029 105282 123919
55159 45180 167660 53314 36684 174264 60377 23807 32972 154499 10295 7548 26185
86819 158333 94953 78323 164937 102016 65446 23645 145172 51934 49187 67824
199320 45058 41616 205924 52121 28739 64632 186159 41955 39208 31117
207454 190824 57122 214517 177947 136146 37357 164435 161688 180325
49750 214058 60255 36873 72766 194293 50089 47342 39251
197428 56813 20243 56136 177663 33459 30712 22621
221121 184551 142750 43961 171039 168292 186929
43936 79829 201356 57152 54405 46314
43259 164786 20582 17835 9744
122985 29747 27000 45637
151274 148527 167164
4323 22960
20213
