1000 672
89
95
84
97
84
94
82
92
92
83
92
97
83
84
93
94
88
81
88
93
79
85
96
84
84
83
93
87
89
82
80
96
92
88
89
89
79
78
97
82
79
86
83
90
82
90
95
91
93
86
79
96
82
89
90
84
85
88
80
78
84
81
78
94
80
80
79
94
87
96
81
82
84
86
78
86
96
91
83
82
81
81
79
79
87
91
97
93
85
94
89
91
94
91
86
87
80
88
88
82
93
80
90
83
95
82
82
91
85
97
94
90
81
80
89
93
89
84
95
89
81
90
90
91
81
87
85
92
94
78
85
86
85
85
95
79
97
92
95
88
91
84
92
87
79
83
81
91
95
78
92
85
87
90
92
86
94
96
90
93
96
80
94
97
95
80
87
78
96
95
93
88
79
88
78
83
91
92
96
93
78
95
90
86
97
81
89
80
85
83
83
86
88
87
97
86
89
95
84
97
84
94
82
92
92
83
92
97
83
84
93
94
88
81
88
93
79
85
96
84
84
83
93
87
89
82
80
96
92
88
89
89
79
78
97
82
79
86
83
90
82
90
95
91
93
86
79
96
82
89
90
84
85
88
80
78
84
81
78
94
80
80
79
94
87
96
81
82
84
86
78
86
96
91
83
82
81
81
79
79
87
91
97
93
85
94
89
91
94
91
86
87
80
88
88
82
93
80
90
83
95
82
82
91
85
97
94
90
81
80
89
93
89
84
95
89
81
90
90
91
81
87
85
92
94
78
85
86
85
85
95
79
97
92
95
88
91
84
92
87
79
83
81
91
95
78
92
85
87
90
92
86
94
96
90
93
96
80
94
97
95
80
87
78
96
95
93
88
79
88
78
83
91
92
96
93
78
95
90
86
97
81
89
80
85
83
83
86
88
87
97
86
89
95
84
97
84
94
82
92
92
83
92
97
83
84
93
94
88
81
88
93
79
85
96
84
84
83
93
87
89
82
80
96
92
88
89
89
79
78
97
82
79
86
83
90
82
90
95
91
93
86
79
96
82
89
90
84
85
88
80
78
84
81
78
94
80
80
79
94
87
96
81
82
84
86
78
86
96
91
83
82
81
81
79
79
87
91
97
93
85
94
89
91
94
91
86
87
80
88
88
82
93
80
90
83
95
82
82
91
85
97
94
90
81
80
89
93
89
84
95
89
81
90
90
91
81
87
85
92
94
78
85
86
85
85
95
79
97
92
95
88
91
84
92
87
79
83
81
91
95
78
92
85
87
90
92
86
94
96
90
93
96
80
94
97
95
80
87
78
96
95
93
88
79
88
78
83
91
92
96
93
78
95
90
86
97
81
89
80
85
83
83
86
88
87
97
86
89
95
84
97
84
94
82
92
92
83
92
97
83
84
93
94
88
81
88
93
79
85
96
84
84
83
93
87
89
82
80
96
92
88
89
89
79
78
97
82
79
86
83
90
82
90
95
91
93
86
79
96
82
89
90
84
85
88
80
78
84
81
78
94
80
80
79
94
87
96
81
82
84
86
78
86
96
91
83
82
81
81
79
79
87
91
97
93
85
94
89
91
94
91
86
87
80
88
88
82
93
80
90
83
95
82
82
91
85
97
94
90
81
80
89
93
89
84
95
89
81
90
90
91
81
87
85
92
94
78
85
86
85
85
95
79
97
92
95
88
91
84
92
87
79
83
81
91
95
78
92
85
87
90
92
86
94
96
90
93
96
80
94
97
95
80
87
78
96
95
93
88
79
88
78
83
91
92
96
93
78
95
90
86
97
81
89
80
85
83
83
86
88
87
97
86
89
95
84
97
84
94
82
92
92
83
92
97
83
84
93
94
88
81
88
93
79
85
96
84
84
83
93
87
89
82
80
96
92
88
89
89
79
78
97
82
79
86
83
90
82
90
95
91
93
86
79
96
82
89
90
84
85
88
80
78
84
81
78
94
80
80
79
94
87
96
81
82
84
86
78
86
96
91
83
82
81
81
79
79
87
91
97
93
85
94
89
91
94
91
86
87
80
88
88
82
93
80
90
83
95
82
82
91
85
97
94
90
81
80
89
93
89
84
95
89
81
90
90
91
81
87
85
92
94
78
85
86
85
85
95
79
97
92
95
88
91
84
92
87
79
83
81
91
95
78
92
85
87
90
92
86
94
96
90
93
96
80
94
97
95
80
87
78
96
95
93
88
79
88
78
83
91
92
96
93
78
95
90
86
97
81
89
80
85
83
83
86
88
87
97
86
89
95
84
97
84
94
82
92
92
83
92
97
83
84
93
94
88
81
88
93
1 2
1 4
1 5
2 7
2 9
2 10
3 12
3 13
4 17
4 18
4 20
4 21
5 22
5 23
5 24
5 25
6 27
6 28
6 29
6 30
7 32
7 33
7 35
8 39
8 41
9 42
9 43
9 44
9 45
10 47
10 48
10 49
10 50
11 52
11 53
11 54
11 55
12 57
12 58
12 59
12 60
13 63
14 68
14 69
14 70
14 71
15 72
15 73
15 74
15 75
16 77
16 78
16 79
16 80
17 82
17 84
18 87
18 88
18 90
19 93
19 94
19 95
20 97
20 98
20 99
21 102
21 103
21 105
22 107
22 108
22 109
23 112
23 113
23 114
23 115
23 116
24 117
24 118
24 119
24 120
25 122
25 123
25 124
25 125
25 126
26 127
26 128
26 129
26 130
26 131
27 132
27 133
27 135
28 137
28 138
28 139
28 140
29 143
29 144
29 145
29 146
30 147
30 149
31 152
31 153
31 155
32 158
32 160
32 161
33 162
33 163
33 165
33 166
34 169
34 170
35 173
35 174
35 175
36 177
37 182
37 183
37 185
37 186
38 187
38 188
38 189
38 190
38 191
39 192
39 193
39 195
40 198
40 200
41 202
41 203
41 205
41 206
42 208
42 209
43 212
43 213
43 214
43 216
44 217
44 218
44 219
44 220
44 221
45 222
45 223
45 224
45 225
45 226
46 228
46 229
46 231
47 232
47 235
48 237
48 238
48 240
48 241
49 242
49 243
49 244
49 245
50 247
50 248
50 250
50 251
51 252
51 253
51 254
51 255
51 256
52 257
52 259
53 262
53 264
53 265
54 267
54 268
54 269
54 270
55 273
55 274
55 275
56 277
56 278
56 280
57 282
57 283
57 284
58 289
58 290
58 291
59 292
59 293
59 294
59 295
60 297
60 298
60 299
60 301
61 302
61 303
61 304
61 305
62 308
62 309
62 310
63 312
63 313
63 314
63 315
63 316
64 317
64 318
64 319
64 320
65 322
65 323
65 324
65 325
66 327
66 328
66 329
67 332
67 333
67 334
67 335
67 336
68 337
68 339
68 340
69 342
69 343
69 345
70 347
70 348
70 349
71 352
71 354
72 357
72 358
72 359
73 362
73 365
74 367
74 369
74 370
74 371
75 373
76 377
76 378
76 379
76 381
77 382
77 383
77 384
77 385
78 387
78 388
78 389
78 391
79 392
79 394
80 397
80 398
80 399
80 401
81 402
81 404
81 405
82 408
82 409
82 410
83 412
83 413
83 414
83 415
83 416
84 417
84 418
84 419
84 420
84 421
85 422
85 425
86 427
86 428
86 431
87 433
87 434
88 437
88 438
88 440
89 442
89 443
89 444
90 447
90 448
90 449
90 450
91 452
91 453
91 455
92 458
92 460
93 462
93 463
93 464
93 465
94 467
94 469
94 470
94 471
95 472
95 473
95 474
96 477
96 478
96 479
96 480
97 482
97 485
97 486
98 487
98 488
98 489
98 490
99 493
99 495
100 497
100 498
100 499
100 500
101 504
101 505
102 507
102 508
102 509
102 510
102 511
103 512
103 513
103 514
103 515
103 516
104 517
104 518
104 519
104 520
105 522
105 523
105 524
105 525
106 527
106 528
106 529
106 530
106 531
107 532
107 533
107 535
107 536
108 537
108 538
108 541
109 543
109 544
109 545
110 547
110 548
110 550
111 552
111 553
111 554
111 555
112 557
112 558
113 562
113 563
113 565
114 567
114 569
115 573
115 574
115 575
116 577
116 578
116 579
116 580
117 582
117 583
117 584
117 585
118 587
118 588
118 590
119 592
119 593
119 594
119 595
120 597
120 598
120 600
121 604
121 605
121 606
122 608
122 609
122 610
122 611
123 612
123 613
123 614
123 615
123 616
124 617
124 618
124 621
125 622
125 623
125 624
126 627
126 629
126 630
127 632
127 633
127 634
128 637
128 638
128 639
128 640
129 642
129 643
129 644
129 645
129 646
130 647
130 648
130 649
131 654
131 656
132 657
132 658
132 659
132 660
133 662
133 663
133 665
134 667
134 668
134 669
134 670
135 672
135 673
135 674
135 675
135 676
136 678
136 681
137 682
137 683
137 684
137 685
138 687
138 689
138 691
139 693
139 694
139 695
139 696
140 697
140 700
141 702
141 703
141 704
141 705
142 707
142 708
142 709
142 710
143 712
143 713
143 714
143 715
144 717
144 718
144 719
144 720
144 721
145 723
145 724
145 725
146 727
146 728
146 729
146 731
147 732
147 733
147 734
148 737
148 739
148 740
149 742
149 743
149 744
149 746
150 748
150 749
150 750
151 753
151 754
152 757
152 758
153 762
153 763
153 765
154 769
154 770
155 773
155 774
155 775
156 777
156 778
156 779
156 780
156 781
157 783
157 784
158 788
158 789
158 790
159 793
159 794
160 797
160 800
160 801
161 802
161 804
161 805
162 807
162 808
162 809
162 810
163 812
163 813
163 814
164 817
164 818
164 819
164 820
165 823
165 825
165 826
166 827
166 828
166 829
166 830
167 832
167 833
167 834
167 835
168 837
168 838
168 839
168 840
169 842
169 843
169 844
169 845
170 847
170 850
171 852
171 853
171 854
171 855
171 856
172 857
172 858
172 859
173 862
173 863
173 864
173 865
174 868
174 870
175 872
175 874
176 877
176 878
176 879
176 880
176 881
177 882
177 883
177 885
178 887
178 889
178 890
179 892
179 893
180 897
180 898
180 899
180 900
181 902
181 903
181 904
181 905
181 906
182 907
182 908
182 909
182 910
183 912
183 913
183 914
183 915
184 917
184 919
184 920
185 922
185 923
185 924
185 925
186 927
186 928
186 929
186 930
187 933
187 935
188 937
188 938
188 939
188 940
189 942
189 944
189 945
190 947
190 949
190 950
191 953
191 954
192 957
192 958
192 959
193 965
194 967
194 969
194 970
195 972
195 973
195 974
195 975
195 976
196 977
196 979
196 980
197 982
197 984
197 985
198 987
198 989
198 990
199 992
199 993
200 997
200 998
200 1000
