1000 688
69
10
32
4
28
80
97
54
99
62
83
79
2
16
23
84
55
3
71
33
80
29
35
7
50
56
11
36
96
78
98
24
73
83
28
84
70
67
79
21
70
44
69
87
5
70
63
6
8
73
2
82
5
55
99
81
20
100
70
48
42
100
2
29
50
88
75
44
84
51
30
58
53
38
42
53
57
79
74
25
11
93
24
58
19
20
96
97
35
45
41
15
47
100
17
93
75
76
48
76
18
31
85
55
22
8
54
48
61
37
23
97
82
90
74
91
10
47
68
36
68
87
86
33
42
38
76
71
3
52
96
59
61
3
5
51
26
85
40
41
83
66
75
29
20
43
42
68
21
4
62
98
43
27
4
13
16
89
83
9
47
49
99
47
19
54
14
43
8
67
75
48
57
64
10
100
40
3
9
24
39
65
99
28
65
33
46
11
89
51
45
22
61
26
15
85
74
59
29
39
80
63
53
53
6
78
45
69
6
59
91
48
38
27
89
32
8
1
93
94
13
69
44
50
50
84
2
48
4
9
43
76
86
67
60
84
32
76
37
85
6
40
54
10
70
95
70
33
61
75
14
39
18
54
95
89
70
82
43
46
58
34
84
21
85
25
77
75
95
2
97
86
63
87
71
52
34
50
3
39
69
72
41
45
92
33
93
56
22
27
8
86
29
69
25
96
12
16
70
29
88
79
17
97
48
72
45
35
88
13
35
26
4
94
79
68
98
77
28
50
69
21
23
16
36
11
42
23
12
46
15
62
64
25
81
48
91
82
56
56
45
54
42
34
3
58
6
93
9
77
94
32
23
65
18
82
86
1
78
13
5
98
71
18
16
4
47
34
35
39
31
81
82
9
28
12
78
79
87
52
15
13
82
71
37
53
25
15
66
37
38
61
7
78
64
6
27
27
23
50
37
57
15
28
46
96
25
43
57
49
46
92
52
30
77
90
59
10
85
59
95
21
51
7
31
19
73
68
64
76
99
94
47
87
90
6
55
18
35
58
68
2
67
41
30
11
8
5
66
90
93
28
31
15
100
55
84
17
12
12
97
16
8
20
47
15
81
1
63
49
80
10
81
86
82
24
92
20
66
52
2
86
78
51
79
40
7
82
37
19
24
69
10
32
4
28
80
97
54
99
62
83
79
2
16
23
84
55
3
71
33
80
29
35
7
50
56
11
36
96
78
98
24
73
83
28
84
70
67
79
21
70
44
69
87
5
70
63
6
8
73
2
82
5
55
99
81
20
100
70
48
42
100
2
29
50
88
75
44
84
51
30
58
53
38
42
53
57
79
74
25
11
93
24
58
19
20
96
97
35
45
41
15
47
100
17
93
75
76
48
76
18
31
85
55
22
8
54
48
61
37
23
97
82
90
74
91
10
47
68
36
68
87
86
33
42
38
76
71
3
52
96
59
61
3
5
51
26
85
40
41
83
66
75
29
20
43
42
68
21
4
62
98
43
27
4
13
16
89
83
9
47
49
99
47
19
54
14
43
8
67
75
48
57
64
10
100
40
3
9
24
39
65
99
28
65
33
46
11
89
51
45
22
61
26
15
85
74
59
29
39
80
63
53
53
6
78
45
69
6
59
91
48
38
27
89
32
8
1
93
94
13
69
44
50
50
84
2
48
4
9
43
76
86
67
60
84
32
76
37
85
6
40
54
10
70
95
70
33
61
75
14
39
18
54
95
89
70
82
43
46
58
34
84
21
85
25
77
75
95
2
97
86
63
87
71
52
34
50
3
39
69
72
41
45
92
33
93
56
22
27
8
86
29
69
25
96
12
16
70
29
88
79
17
97
48
72
45
35
88
13
35
26
4
94
79
68
98
77
28
50
69
21
23
16
36
11
42
23
12
46
15
62
64
25
81
48
91
82
56
56
45
54
42
34
3
58
6
93
9
77
94
32
23
65
18
82
86
1
78
13
5
98
71
18
16
4
47
34
35
39
31
81
82
9
28
12
78
79
87
52
15
13
82
71
37
53
25
15
66
37
38
61
7
78
64
6
27
27
23
50
37
57
15
28
46
96
25
43
57
49
46
92
52
30
77
90
59
10
85
59
95
21
51
7
31
19
73
68
64
76
99
94
47
87
90
6
55
18
35
58
68
2
67
41
30
11
8
5
66
90
93
28
31
15
100
55
84
17
12
12
97
16
8
20
47
15
81
1
63
49
80
10
81
86
82
24
92
20
66
52
2
86
78
51
79
40
7
82
37
19
24
69
10
32
4
28
80
97
54
99
62
83
79
2
16
23
84
55
3
1 2
1 3
2 4
3 6
4 8
4 9
5 11
6 12
6 13
7 14
8 16
8 17
9 19
10 20
10 21
11 22
12 24
12 25
13 26
13 27
14 29
15 30
16 33
17 35
18 37
19 38
19 39
20 41
21 42
21 43
22 44
22 45
24 48
24 49
25 50
25 51
26 52
26 53
27 55
28 56
28 57
29 58
29 59
30 60
30 61
31 62
32 65
33 67
35 70
35 71
36 72
36 73
37 74
38 76
38 77
39 79
40 80
40 81
41 82
41 83
42 85
43 86
43 87
45 90
45 91
46 92
46 93
47 95
48 96
48 97
49 98
49 99
50 101
51 102
51 103
52 104
52 105
53 106
53 107
54 108
54 109
55 110
55 111
56 113
57 114
57 115
58 116
59 119
60 121
61 122
61 123
62 124
62 125
63 126
64 129
65 130
65 131
67 134
67 135
68 136
70 141
71 142
72 144
72 145
73 146
73 147
74 149
75 151
76 153
77 154
77 155
78 156
78 157
79 159
80 160
82 164
82 165
83 166
84 168
84 169
85 170
86 172
86 173
87 174
88 176
89 179
90 180
90 181
91 183
92 184
92 185
93 186
93 187
94 189
95 190
95 191
96 193
97 194
97 195
98 196
99 198
99 199
101 202
101 203
102 205
103 206
103 207
104 208
104 209
105 211
107 214
107 215
108 216
108 217
109 218
109 219
110 220
110 221
111 222
111 223
112 225
113 226
114 228
114 229
115 230
115 231
116 232
116 233
117 235
118 237
119 238
119 239
120 240
120 241
121 242
121 243
122 244
122 245
123 246
124 248
125 250
125 251
126 252
127 254
127 255
128 256
128 257
129 258
129 259
130 260
130 261
131 263
132 264
132 265
133 266
133 267
134 268
134 269
135 270
135 271
137 275
138 277
139 279
141 282
142 284
142 285
143 287
144 288
144 289
145 290
145 291
146 292
147 294
148 297
149 298
149 299
150 300
150 301
151 303
152 304
154 308
155 310
156 313
157 315
158 316
159 318
159 319
160 320
160 321
161 322
161 323
162 324
162 325
163 326
163 327
164 329
165 331
166 333
167 334
167 335
168 337
169 339
170 340
171 342
172 345
173 346
175 350
175 351
176 352
176 353
177 354
177 355
178 356
180 360
180 361
181 362
181 363
183 366
183 367
184 368
184 369
186 372
186 373
187 374
187 375
188 377
189 378
191 383
192 384
192 385
194 388
194 389
195 391
196 392
196 393
197 394
197 395
198 396
199 398
199 399
200 400
201 402
201 403
202 404
203 406
204 408
205 410
205 411
206 412
206 413
207 414
207 415
208 416
208 417
209 418
210 420
211 422
211 423
212 424
213 426
213 427
216 432
216 433
217 434
218 436
219 438
219 439
220 440
222 444
224 448
225 450
226 452
226 453
227 454
228 456
228 457
229 458
230 460
231 462
231 463
232 465
233 466
233 467
234 468
234 469
235 471
236 472
237 475
238 477
240 480
240 481
241 482
241 483
242 484
242 485
243 486
245 490
245 491
246 493
247 494
247 495
248 497
249 499
250 500
251 502
251 503
252 504
252 505
253 507
254 508
255 510
255 511
256 512
256 513
257 515
258 516
258 517
259 518
260 520
260 521
262 524
263 526
264 528
264 529
265 530
266 532
266 533
267 534
267 535
268 536
269 539
270 540
270 541
271 542
271 543
272 544
273 546
273 547
274 548
274 549
275 550
275 551
276 552
276 553
278 556
279 558
280 561
281 562
281 563
282 564
282 565
283 567
284 568
285 570
285 571
286 572
286 573
287 574
288 576
288 577
289 578
290 581
291 582
291 583
292 584
293 586
293 587
294 588
294 589
295 590
296 592
296 593
297 594
297 595
298 596
298 597
299 598
299 599
300 600
300 601
301 602
302 604
302 605
303 606
303 607
305 610
306 612
306 613
307 614
307 615
308 616
308 617
310 620
310 621
311 622
312 625
313 626
313 627
316 632
316 633
317 635
318 636
318 637
319 638
320 640
321 642
322 644
322 645
323 646
323 647
324 648
325 650
325 651
327 655
328 656
328 657
329 659
330 660
330 661
331 663
332 664
332 665
333 667
335 670
335 671
336 672
337 674
337 675
338 676
338 677
339 678
340 680
340 681
341 682
342 684
342 685
343 686
343 687
344 689
345 690
346 693
347 694
348 696
348 697
349 698
349 699
350 700
351 702
352 705
353 706
353 707
354 708
354 709
355 710
355 711
356 712
356 713
357 714
358 716
358 717
359 719
360 720
360 721
361 722
361 723
362 724
363 726
364 728
364 729
365 730
365 731
366 732
366 733
367 734
367 735
368 736
368 737
369 739
370 741
371 742
371 743
372 745
373 746
373 747
374 748
374 749
375 750
375 751
376 752
377 754
377 755
378 756
378 757
379 758
379 759
380 760
380 761
381 762
383 766
384 768
385 770
386 773
387 775
388 776
389 778
389 779
390 780
390 781
391 782
391 783
392 785
394 788
394 789
395 790
395 791
396 792
397 794
397 795
399 799
400 801
402 804
403 806
403 807
404 809
405 810
405 811
406 812
406 813
407 814
407 815
408 816
408 817
409 818
410 820
411 822
412 824
412 825
413 826
414 828
415 830
415 831
416 833
418 836
418 837
420 841
421 842
421 843
422 844
422 845
423 846
423 847
425 851
426 852
426 853
427 854
428 857
429 858
429 859
430 860
431 863
432 864
432 865
433 866
434 868
434 869
437 874
437 875
438 876
439 879
440 880
441 882
441 883
442 884
442 885
443 886
443 887
444 889
445 890
445 891
446 893
447 894
447 895
448 897
449 899
450 901
451 902
451 903
452 904
452 905
453 906
453 907
454 908
454 909
455 911
456 913
457 914
457 915
458 917
459 918
461 923
462 924
462 925
463 927
464 929
465 930
465 931
467 935
469 939
470 941
471 943
472 944
472 945
473 947
474 948
474 949
475 951
476 953
477 954
478 956
478 957
479 958
479 959
480 960
481 962
481 963
483 966
484 968
485 971
486 972
486 973
487 974
487 975
488 976
488 977
490 981
491 982
492 984
492 985
493 986
494 988
495 990
495 991
496 993
497 994
497 995
498 996
499 998
499 999
