20
1 2 3 4 5 6 7 8 9 10 11 12 13 14 15 16 17 18 19 21
1999
0
20
1 2 3 4 5 6 7 8 9 10 11 12 13 14 15 16 17 18 19 22
1999
0
20
1 2 3 4 5 6 7 8 9 10 11 12 13 14 15 16 17 18 19 23
1999
0
20
1 2 3 4 5 6 7 8 9 10 11 12 13 14 15 16 17 18 19 24
1999
0
20
1 2 3 4 5 6 7 8 9 10 11 12 13 14 15 16 17 18 19 25
1999
0
20
1 2 3 4 5 6 7 8 9 10 11 12 13 14 15 16 17 18 19 26
1999
0
20
1 2 3 4 5 6 7 8 9 10 11 12 13 14 15 16 17 18 19 27
1999
0
20
1 2 3 4 5 6 7 8 9 10 11 12 13 14 15 16 17 18 19 28
1999
0
20
1 2 3 4 5 6 7 8 9 10 11 12 13 14 15 16 17 18 19 29
1999
0
20
1 2 3 4 5 6 7 8 9 10 11 12 13 14 15 16 17 18 19 30
1999
0
20
1 2 3 4 5 6 7 8 9 10 11 12 13 14 15 16 17 18 19 31
1999
0
20
1 2 3 4 5 6 7 8 9 10 11 12 13 14 15 16 17 18 19 32
1999
0
20
1 2 3 4 5 6 7 8 9 10 11 12 13 14 15 16 17 18 19 33
1999
0
20
1 2 3 4 5 6 7 8 9 10 11 12 13 14 15 16 17 18 19 20
1999
0
0