20
1 2 3 4 5 6 7 8 9 10 11 12 13 14 15 16 17 18 19 20
1999
0
20
1 2 4 6 8 10 12 14 16 18 20 22 24 26 28 30 32 34 36 38
1999
0
20
1 3 6 9 12 15 18 21 24 27 30 33 36 39 42 45 48 51 54 57
1999
0
20
1 4 8 12 16 20 24 28 32 36 40 44 48 52 56 60 64 68 72 76
1999
0
20
1 5 10 15 20 25 30 35 40 45 50 55 60 65 70 75 80 85 90 95
1999
0
20
1 6 12 18 24 30 36 42 48 54 60 66 72 78 84 90 96 102 108 114
1999
0
11
1 2 4 8 16 32 64 128 256 512 1024
1999
0
7
1 3 9 27 81 243 729
1999
0
0
