4
1 117 422 450
1658
1138
1100
201
1060
1159
293
1749
0
16
1 33 35 49 51 54 144 314 319 332 376 385 422 438 457 480
561
1702
0
9
1 88 105 153 187 228 305 315 476
608
0
13
1 3 11 74 99 105 151 229 248 298 345 397 430
1955
1415
1759
457
110
51
947
1878
1755
0
9
1 89 319 357 430 470 472 490 496
535
1536
1081
0
13
1 10 47 62 64 100 225 230 255 346 369 438 443
74
1204
1005
1661
379
1504
1073
425
244
0
9
1 104 157 206 245 268 303 457 493
390
0
11
1 26 67 147 171 189 223 327 360 391 413
1023
1629
498
1374
1712
137
1159
1462
0
11
1 15 27 94 216 254 270 377 389 399 452
1000
1329
0
17
1 5 19 39 46 67 150 151 180 227 276 298 340 353 357 390 407
468
1779
34
848
435
1373
712
1349
290
385
0
17
1 27 54 62 82 171 216 227 259 296 299 363 376 445 449 452 483
1774
1280
287
1799
1785
485
1570
163
1558
0
6
1 60 125 185 316 418
1391
106
1908
411
483
1775
966
0
16
1 4 16 46 85 88 101 224 277 304 311 319 373 393 404 428
1018
1437
0
9
1 285 320 362 375 452 457 461 498
793
1707
1911
1443
85
673
1458
1714
740
0
18
1 10 28 70 92 110 118 121 171 213 230 290 310 354 402 427 429 474
957
1601
1950
541
0
5
1 41 65 120 135
1814
562
557
1805
784
0
19
1 39 52 79 113 209 212 248 275 278 300 323 400 412 425 426 462 489 490
748
0
16
1 28 31 39 77 103 153 174 227 279 316 338 347 409 423 425
1087
967
1620
500
106
395
708
996
457
0
7
1 132 148 210 273 350 434
1993
489
729
733
1203
482
1373
0
4
1 157 158 260
282
0
17
1 21 63 75 132 167 176 279 334 340 390 394 397 413 432 476 495
852
5
116
0
9
1 9 122 127 256 267 448 469 473
908
1537
327
340
0
9
1 44 126 246 251 290 355 469 478
1072
1113
1584
498
0
9
1 118 150 152 232 250 266 449 497
1863
1062
1089
941
961
189
0
14
1 75 87 137 146 189 263 307 328 330 402 448 459 471
194
704
993
153
25
1880
0
9
1 15 119 130 223 230 242 244 495
365
0
13
1 18 25 104 131 165 170 209 217 333 353 424 433
1415
1695
157
0
15
1 14 46 60 93 192 205 253 256 272 299 304 334 370 389
247
0
6
1 37 39 66 122 320
44
979
333
0
18
1 18 40 109 112 115 193 194 200 237 289 299 365 372 393 478 491 492
98
1279
0
15
1 57 91 122 142 162 201 202 241 242 263 297 366 370 436
1511
1168
1183
1834
93
1449
358
1004
643
0
10
1 11 58 66 127 170 189 366 467 497
433
1606
1277
1608
359
245
72
323
0
14
1 37 70 89 152 227 238 239 251 382 438 439 495 499
849
703
1294
1154
872
1545
1793
304
46
0
15
1 32 50 79 114 125 139 168 171 185 189 209 349 413 476
1095
44
1707
0
20
1 31 42 44 56 113 149 170 207 269 319 348 361 372 385 390 427 452 461 473
123
218
0
4
1 184 195 426
1726
590
1908
1440
49
1535
154
529
43
456
0
8
1 141 142 229 264 368 481 488
1791
0
9
1 38 136 190 203 304 336 374 440
88
130
1680
682
1148
1409
0
4
1 187 237 397
716
59
1433
0
7
1 18 37 178 185 317 340
1165
0
7
1 110 219 245 285 392 486
723
0
4
1 59 96 367
1872
1918
391
0
10
1 36 114 185 322 355 371 372 414 490
920
690
252
1286
1402
1251
177
316
700
0
5
1 2 95 400 434
1389
1050
463
1635
1268
1096
0
11
1 114 180 213 262 290 293 369 381 454 488
1871
0
7
1 83 99 174 190 311 380
1168
545
898
1949
1757
0
9
1 78 203 211 284 306 311 429 493
637
984
832
0
13
1 29 85 109 198 206 220 225 255 290 310 329 351
309
0
14
1 102 108 109 157 166 178 179 198 230 243 350 355 448
174
638
327
67
31
0
8
1 31 78 150 198 242 260 343
563
738
684
1527
680
427
0
4
1 298 301 448
1192
364
0
19
1 7 23 97 102 115 131 150 180 186 200 219 256 283 294 347 348 443 482
186
1667
1161
359
1967
1559
930
0
18
1 21 93 100 118 177 183 209 212 259 280 295 329 354 371 376 448 449
1518
827
749
1331
1911
1660
1789
1497
594
1537
0
16
1 94 107 162 169 216 235 246 290 291 323 353 368 409 420 498
1468
1234
1775
0
19
1 3 8 9 14 43 87 119 127 144 183 260 264 267 312 428 454 465 477
237
1021
1911
1501
1059
1036
0
13
1 59 116 117 127 144 172 239 292 337 387 426 479
780
270
1437
0
9
1 58 174 275 366 367 457 463 467
1336
1561
1907
871
1926
1300
1593
0
16
1 17 56 71 158 225 297 304 319 357 358 403 407 435 437 444
212
1984
161
0
7
1 38 105 277 290 400 458
1561
390
1266
0
10
1 105 138 147 202 213 277 375 386 477
1046
729
203
1839
780
893
0
13
1 39 44 85 145 247 261 374 437 439 456 479 487
353
0
8
1 71 85 165 207 321 331 351
756
1090
962
1393
1840
646
1590
1667
0
15
1 7 62 76 98 120 124 129 166 174 256 426 439 458 462
1958
922
1859
1879
776
0
7
1 72 75 272 438 448 483
720
0
4
1 107 145 385
1538
559
31
592
0
9
1 29 33 130 243 256 321 431 435
79
1115
1004
0
4
1 128 467 480
414
1850
0
13
1 19 30 39 93 224 237 256 271 280 299 306 343
677
154
124
243
1344
1628
769
0
9
1 31 74 86 227 347 368 405 448
1272
1682
912
341
1233
1735
1399
722
0
12
1 33 77 94 125 191 199 267 293 308 323 400
198
1209
1654
1117
531
0
6
1 92 208 264 319 477
246
0
13
1 74 83 86 112 127 172 199 216 232 239 348 406
146
16
572
1426
682
1595
323
141
1608
730
0
13
1 49 86 136 179 206 209 235 267 303 325 377 393
278
1586
1366
469
1647
0
17
1 50 96 117 145 153 173 189 234 313 319 336 349 352 358 442 457
972
1815
583
1854
1297
0
4
1 309 388 443
960
1627
1477
0
11
0 1 19 108 138 150 176 183 263 347 428
895
1270
1325
818
422
1926
0
14
1 62 98 145 175 203 291 328 351 418 437 438 450 484
690
1270
1585
1992
1524
1854
1372
0
15
1 61 94 125 163 168 232 292 300 305 326 329 350 398 405
985
367
272
417
1034
0
4
1 9 270 440
30
380
1559
381
484
0
7
1 28 91 116 193 203 476
1340
909
1714
1327
1666
1040
0
6
1 67 132 275 435 451
465
522
1393
1195
395
0
10
1 28 142 197 198 248 310 318 351 354
1537
1639
1351
763
765
1455
596
0
10
1 135 155 216 256 352 421 459 490 496
413
0
14
1 10 11 73 124 153 174 193 205 299 340 380 465 474
1238
1391
685
937
0
15
1 39 49 81 128 273 291 299 310 355 358 381 390 414 463
1054
1433
1392
1466
0
16
1 16 20 48 89 96 119 173 179 232 343 363 414 422 454 459
1239
1226
435
257
1781
1667
1758
720
0
9
1 6 71 77 133 347 419 451 483
565
1471
1487
384
379
0
17
1 52 58 68 77 117 136 139 148 173 258 304 356 388 398 457 490
1562
385
349
1376
0
11
1 37 108 115 187 262 325 342 350 425 486
1227
602
933
0
4
1 232 461 469
1659
1804
887
0
13
1 29 75 76 88 121 200 240 268 286 378 441 479
1750
1116
781
1116
372
851
122
752
1257
986
0
6
1 141 149 401 409 472
1152
1252
1528
1804
300
1931
375
954
0
11
1 80 98 141 167 336 426 435 456 467 499
1279
305
1849
1579
365
55
0
13
1 40 67 83 131 143 185 224 234 249 272 375 465
1168
1055
886
972
0
15
1 2 14 18 36 63 137 147 277 314 338 342 355 454 468
258
1312
262
485
944
322
0
11
1 96 116 136 137 230 254 290 305 354 357
640
0
20
1 26 98 146 165 206 220 224 237 277 278 281 314 332 348 350 374 443 446 475
756
1560
203
1279
311
1883
1070
452
1189
1563
0
12
1 75 121 233 254 322 334 341 376 405 411 488
194
1016
179
0
11
1 87 181 207 257 281 304 332 350 445 483
922
1700
0
6
1 13 100 209 425 468
1563
555
1359
448
886
922
1134
0
11
1 51 60 147 196 265 277 350 377 390 441
355
1532
259
0
13
1 26 76 133 134 228 248 310 357 374 463 467 488
1987
419
618
564
1210
348
667
0
16
1 6 10 105 115 139 153 185 263 286 287 319 352 388 481 498
1178
1353
286
368
0
20
0 1 24 37 88 89 119 133 160 170 212 233 268 285 309 314 392 439 443 485
1540
1407
518
1510
1031
693
136
0
19
1 28 30 41 64 109 120 175 195 234 254 296 312 340 348 363 419 420 423
1516
1007
600
0
14
1 100 117 120 161 170 207 230 261 292 322 336 402 412
1745
1858
0
12
1 63 86 142 150 206 245 258 284 355 412 436
1679
1795
1386
759
1185
1896
746
1915
0
13
1 18 76 130 206 219 237 252 281 313 327 346 370
1624
970
1719
391
967
1433
1536
675
911
273
0
20
1 13 38 71 89 92 106 110 159 206 207 236 243 291 331 357 398 454 466 488
1291
1169
1051
1207
1729
1579
196
0
7
1 61 145 150 180 291 482
231
119
1619
1526
115
1931
0
19
1 2 13 24 42 64 108 245 261 284 311 359 375 408 412 423 427 430 472
1341
820
274
600
1704
0
5
1 103 267 305 433
1002
1533
1815
1309
1442
0
14
1 5 38 80 95 172 189 268 341 378 383 387 407 464
1753
1285
148
0
10
1 45 71 139 151 204 220 342 383 402
385
641
259
723
821
203
94
0
17
1 7 26 36 54 83 101 124 152 187 189 240 243 375 402 472 476
1762
1785
525
1503
140
1202
0
5
1 86 113 241 287
149
1392
1817
726
341
232
1346
741
881
167
0
19
1 18 20 23 28 63 114 119 213 228 247 250 289 317 340 346 349 381 433
23
329
377
110
1220
420
272
1406
7
1839
0
9
1 17 52 62 95 182 314 348 480
1794
209
1572
572
1467
0
12
1 12 49 62 130 135 261 265 269 350 388 399
1840
0
17
1 34 69 89 143 177 226 234 349 371 372 412 420 439 462 478 495
488
0
10
1 5 19 27 97 202 231 263 374 485
901
256
1682
1517
1753
604
1529
1628
0
7
1 5 13 86 187 255 407
1382
680
754
1964
1117
1465
37
1118
0
7
1 52 187 276 322 411 413
1601
1377
1624
66
553
201
1993
758
0
6
1 8 147 148 303 450
636
1887
464
1219
171
410
1527
1826
902
659
0
7
1 5 25 132 380 419 424
1723
796
283
1289
1419
263
0
15
1 53 107 122 137 204 229 299 309 320 379 475 477 479 494
1960
0
4
1 24 236 405
109
1057
1010
690
471
1821
1034
0
12
1 57 82 138 146 290 332 341 342 395 406 444
1308
1304
1233
35
1297
1756
659
0
4
1 8 130 367
69
928
179
1448
604
1589
882
1279
2
0
13
1 177 198 217 224 255 283 407 415 435 442 455 491
1994
45
0
18
1 79 82 88 147 157 207 249 262 267 278 283 285 406 425 479 493 496
1145
0
16
1 36 54 55 84 89 109 118 157 187 234 277 302 308 379 441
515
1779
1844
1784
701
1463
0
14
1 4 33 65 73 215 311 337 352 429 432 441 452 476
1008
1403
318
1279
1084
778
1525
1866
0
13
1 47 129 140 207 218 249 259 312 438 452 454 479
958
1885
1083
1331
1676
447
1708
466
1944
0
17
1 5 18 57 58 65 80 97 119 136 141 225 246 263 282 312 331
1474
482
0
15
1 36 133 150 182 211 248 309 341 353 375 384 463 492 497
149
1333
389
0
17
1 19 63 80 121 218 223 227 255 259 299 301 308 357 367 453 488
239
616
764
1353
828
1678
1957
1247
483
0
18
1 13 21 36 66 99 167 174 281 307 343 380 404 411 453 464 469 498
185
205
637
1631
1036
96
0
15
1 14 60 76 134 168 192 226 251 296 313 316 329 422 476
423
1065
1979
354
288
3
1926
474
1232
543
0
5
1 87 305 377 428
885
327
0
17
1 58 66 78 115 162 163 169 269 280 312 332 422 454 459 465 472
1424
1469
37
208
298
278
1041
1786
0
18
1 3 23 46 87 100 132 250 299 326 370 389 397 416 432 438 464 476
1170
929
0
7
1 64 113 226 277 389 393
1458
1782
216
185
113
101
1947
7
1466
146
0
11
1 16 97 119 126 184 197 213 322 409 431
493
1277
729
81
1913
65
288
1948
0
16
1 10 16 25 143 145 167 228 259 269 278 295 318 369 446 460
973
353
925
858
1878
258
1487
1639
1503
256
0
15
1 69 70 152 160 178 188 198 227 229 273 284 313 361 494
437
1169
1823
987
1491
94
1250
879
376
1757
0
7
1 88 161 164 298 343 394
1043
1870
1031
1303
341
989
0
17
1 11 49 87 100 110 153 190 197 254 292 317 339 348 408 467 477
1768
156
1953
430
1722
537
0
19
1 21 78 80 96 157 180 187 198 226 232 269 298 343 345 391 404 469 492
1319
431
1891
0
18
1 2 29 47 58 123 137 249 251 253 290 304 340 346 361 369 429 471
121
76
1130
150
1221
0
13
1 51 76 87 112 138 288 299 303 318 345 463 476
1662
1616
1372
880
596
1301
95
81
967
0
13
1 48 133 194 195 265 323 354 425 438 454 458 498
954
1754
81
233
473
1
471
0
15
1 9 12 18 20 131 134 164 179 237 243 264 447 486 488
1021
1872
1121
1786
1040
588
0
15
1 51 67 93 124 168 234 240 299 316 363 467 474 483 496
1415
1267
798
0
9
1 15 184 284 290 347 348 477 484
819
1814
694
1942
0
18
1 21 26 62 121 125 131 270 288 295 313 321 333 369 393 421 435 449
1066
1250
1048
1932
1941
1038
0
18
1 40 48 80 90 106 184 253 271 279 344 345 360 377 407 452 464 487
1313
88
66
1867
1872
516
1462
643
190
1749
0
13
1 13 66 106 124 175 209 214 239 247 318 335 498
628
1927
1703
1227
0
19
0 1 109 123 248 270 318 339 366 368 369 405 418 440 464 466 467 472 478
1679
1453
1499
164
981
1618
0
16
1 16 63 64 75 81 100 101 104 151 172 175 238 240 284 401
388
257
193
378
113
643
226
1582
0
20
1 6 11 29 51 56 72 91 115 168 234 281 310 339 343 403 412 430 452 484
1337
244
410
263
1502
318
0
18
1 7 25 50 60 178 186 192 259 307 351 355 364 398 404 412 460 469
1303
1411
0
17
1 49 64 90 123 146 151 195 209 227 238 253 290 296 367 424 495
1008
1283
170
594
0
15
1 40 45 67 120 201 250 260 286 339 358 373 383 480 495
692
1796
0
15
1 13 15 26 33 86 88 104 185 205 209 227 235 335 399
1366
837
1324
0
14
1 57 200 205 218 227 246 313 330 334 338 343 347 441
1395
1955
1479
238
0
19
1 31 34 47 75 99 138 147 195 206 233 241 282 313 320 362 367 394 429
1607
818
1067
304
77
1464
525
0
7
1 43 72 83 119 209 290
580
1984
517
1739
135
0
16
1 11 19 52 65 127 131 136 174 298 327 345 369 374 447 470
410
1814
575
1021
727
542
1988
1306
1968
0
7
1 65 78 123 145 327 485
1265
743
1490
506
954
1480
1090
412
1694
1567
0
14
1 29 63 73 171 206 232 269 289 325 336 362 396 400
1417
0
11
1 25 34 44 105 131 204 252 284 374 452
1608
0
9
1 59 98 128 199 204 260 270 405
1955
1565
1750
1640
1723
916
1274
156
2
0
12
1 16 136 162 222 251 300 318 339 402 445 451
1252
1173
188
671
365
876
0
7
1 39 110 140 211 260 495
1559
1133
1835
1830
135
1504
1034
0
19
1 58 67 95 96 116 249 300 315 317 322 340 357 375 418 426 437 447 492
275
1542
1617
697
266
663
0
7
1 69 175 321 344 418 496
555
1071
803
1821
257
1391
0
17
1 55 151 152 171 190 201 218 220 251 329 339 386 416 468 469 494
169
1444
0
10
1 56 102 104 154 157 210 223 381 402
316
0
20
1 2 13 19 52 94 138 159 183 197 241 289 338 412 426 441 449 459 460 493
1968
1670
1862
27
1221
1482
702
0
15
1 30 75 144 162 251 257 298 312 318 344 383 391 396 470
881
0
18
1 36 76 90 136 195 206 258 281 348 367 379 383 406 442 483 488 495
151
1809
205
1477
739
140
45
0
20
1 15 32 92 114 176 215 227 273 301 302 312 324 360 378 381 385 388 454 464
262
1804
1443
0
6
1 25 85 187 237 253
1283
1603
0
5
1 42 197 215 295
461
1075
511
927
750
895
864
1784
630
0
11
1 2 76 114 167 186 194 211 308 374 406
972
1107
1923
28
1850
1889
1244
1099
0
9
1 31 32 164 173 205 350 402 449
1157
0
15
1 74 86 108 131 145 177 190 195 223 264 322 329 346 431
461
321
1550
1093
989
1891
603
1124
0
10
1 44 97 156 167 222 301 331 337 399
1376
1994
0
11
1 43 61 144 230 247 254 328 363 401 487
1715
0
7
1 34 45 181 247 299 392
1487
1891
0
6
1 158 219 262 360 456
571
1776
496
1289
461
1004
984
0
10
1 41 206 214 263 279 432 435 442 463
748
545
0
17
1 28 54 67 68 146 149 169 187 209 227 403 431 434 452 459 490
1145
57
1074
1731
1772
800
1767
0
11
1 63 98 130 146 223 231 308 408 428 443
827
1564
1351
602
1981
795
312
0
12
1 20 25 30 123 232 286 352 454 462 468 471
1993
1950
0
10
1 17 38 52 185 190 225 261 309 374
1224
1577
1104
35
134
1171
143
1863
885
1138
0
20
1 14 23 52 59 104 128 175 180 214 233 293 311 323 351 413 414 416 446 487
898
630
1320
1108
1178
0
10
1 4 90 104 109 148 161 186 232 336
465
1562
0
6
1 258 282 340 390 467
72
0
0
