18
1 2 3 4 5 6 9 12 13 14 17 31 33 34 37 39 40 46
1480
770
664
1015
1979
1364
176
1599
1541
1943
783
385
269
1821
490
113
944
1759
896
1248
1756
1512
300
390
715
1746
652
1899
195
664
69
1362
605
194
1136
1962
625
1069
1711
1360
1998
666
1440
1186
1340
1912
1722
1719
1933
142
1333
866
978
1216
418
1015
262
771
82
1880
732
919
1305
1912
1918
1264
1375
1366
1694
1568
584
650
330
1904
388
6
1319
653
763
1147
1939
1182
963
1944
1014
547
409
1728
1858
60
920
1340
853
82
15
486
645
1855
1488
1524
1415
1752
1999
1253
206
1756
868
801
755
537
825
218
825
1955
1908
857
486
347
1246
1144
1314
414
1923
1813
997
99
678
1235
290
1244
618
1888
1798
1419
1696
1610
577
727
154
1689
976
1963
655
410
738
944
1327
1135
1790
368
433
529
1721
1041
1880
997
387
823
1306
1967
640
116
935
1065
634
1272
1944
816
1675
1727
1550
943
96
1237
530
860
106
35
1405
1465
1112
1267
5
1807
1452
1556
1611
741
1021
12
1442
146
1763
561
1642
820
1494
921
1543
625
1015
74
392
990
1004
570
258
360
1635
520
1362
1688
412
608
527
1560
161
1978
1968
1050
1684
1331
160
891
11
75
973
74
1732
883
1826
1445
1390
1490
47
415
1375
81
1178
1356
319
1101
1447
804
1434
859
1097
1026
783
734
1832
89
1940
351
64
978
11
1561
195
903
482
581
655
342
876
107
1911
1959
1665
1792
163
1955
1427
1883
941
967
1703
1397
1345
97
1535
657
120
176
135
550
1292
841
677
1331
1601
541
661
343
424
1037
831
459
1417
520
1109
1635
1613
1916
512
381
156
1489
527
504
1429
1322
1914
986
1772
1785
1395
1309
1510
567
1201
1098
523
1376
964
1403
59
1907
1893
1488
25
1150
1724
1448
1462
656
1406
1511
436
838
992
1367
42
1908
702
1366
1768
1551
1627
1921
1919
1901
1058
1984
1318
956
1870
1905
1017
1987
1981
544
1224
1060
310
971
1176
1247
228
1598
156
636
1968
83
405
1717
1954
1848
1115
260
1522
1581
1248
245
4
519
1376
1980
1640
895
1285
967
298
1380
541
1616
445
1855
1748
421
1370
376
721
1664
105
1648
272
1268
1017
891
852
855
551
1391
1759
656
75
636
1121
310
314
328
1384
1193
1324
158
1527
339
491
1655
1708
560
1511
979
570
1860
1832
1974
1927
1733
510
1358
49
439
963
360
1244
1846
1589
1674
3
957
1712
1062
364
1668
823
1444
1770
909
1590
1833
1113
1707
1611
1952
1169
315
1366
1872
189
945
339
520
1805
266
1792
1401
1028
189
1147
383
508
93
1441
866
1805
52
1840
213
887
1159
1666
1756
1552
1562
909
1246
1020
1276
698
1062
402
1390
1688
52
1255
1749
854
1337
1965
1706
1628
913
150
1045
882
410
1822
658
701
1842
525
1081
1424
700
147
1477
926
217
1653
151
1603
169
447
213
1025
39
1563
460
742
895
443
84
195
826
1476
295
1203
1275
1060
458
1013
121
364
823
350
1843
1548
463
1465
1625
1630
1499
1638
725
733
1211
97
968
1923
121
835
708
379
658
290
1086
66
1484
1350
1944
692
1081
1664
1238
115
687
710
274
1941
1187
610
1641
546
1040
142
1169
201
842
1932
1735
1562
615
1288
1316
1220
425
1637
66
526
1407
52
1811
427
810
825
1793
1519
1133
1554
983
1041
1971
725
1840
1024
1646
232
845
324
217
843
1643
1737
1979
1043
1165
1949
35
243
1541
499
16
1817
1172
502
585
1945
792
350
777
713
872
91
797
456
1203
721
1347
808
4
1105
1103
420
398
1737
409
1819
608
1077
1795
395
700
654
419
938
1231
1685
3
1758
1644
412
393
795
746
1869
1297
732
117
324
1330
553
1802
1079
1927
1534
115
883
254
119
1902
647
1671
659
130
696
880
1485
98
1279
1316
277
167
1540
906
1195
1315
685
765
760
376
1551
1937
1928
304
1313
1769
342
1312
525
21
1224
1213
231
1281
1886
1828
1358
820
1313
789
1115
1433
795
584
1603
1404
85
1198
377
149
32
1178
1152
667
1179
479
1404
367
279
918
46
372
1200
613
935
1901
1208
1200
407
816
56
1228
1555
1920
1890
1525
499
1126
420
920
316
52
318
1133
909
176
330
201
1480
113
59
266
859
127
892
77
1397
465
34
1053
637
601
1128
243
1495
999
1418
26
155
1470
1936
910
1404
735
1670
251
1633
273
1186
254
202
56
1682
1092
411
261
1925
1489
1783
1559
59
1602
1878
1065
1727
1568
360
1546
519
1528
533
1989
1152
1504
76
115
423
1950
1168
1926
1337
325
760
1901
427
1545
177
1905
710
640
1793
1430
1256
471
988
254
834
1846
105
1095
1610
1880
1625
394
1365
948
294
1764
1191
1057
389
1262
151
1009
877
15
853
175
1664
349
434
1225
657
1979
1881
687
1858
1367
1205
624
1220
1837
395
1338
1455
549
656
1388
1556
914
871
1802
1201
1557
777
1807
807
1410
803
1937
413
1034
1068
848
1136
763
473
683
1410
766
1381
357
723
619
1853
562
78
478
1884
882
888
448
640
1822
543
1250
148
1126
1334
1765
1399
201
1991
1562
1364
1015
1523
994
1846
302
1596
1962
1686
403
167
942
251
618
1576
358
693
1390
849
908
1957
163
382
1931
975
279
1775
1409
1046
731
3
1690
855
1143
1642
1544
1104
789
1401
1629
224
1029
1630
967
1130
981
70
524
1506
780
1527
492
562
1272
1718
352
1753
1484
1978
1330
1427
1707
79
1331
1854
552
849
939
1624
797
839
1592
875
1408
1728
1507
1318
1529
1705
1468
1528
826
546
1055
476
1008
583
415
759
1869
321
1170
1511
1712
1882
553
1458
469
29
1361
1070
387
958
834
1309
1619
1604
35
923
550
664
1836
746
1210
1055
108
2
631
38
1183
46
1466
1712
1230
1545
1734
1109
1581
1543
28
1600
648
1383
1023
1835
1494
972
648
934
678
1331
734
1155
433
1925
1517
1738
815
1722
811
177
873
1453
1211
1595
465
1059
1168
1486
798
768
269
1512
295
790
1578
580
870
1091
385
1925
220
1213
1181
1420
218
617
1240
812
2
503
1622
125
859
599
951
1940
487
861
1816
771
741
570
137
1245
1453
1794
330
1332
1411
677
1626
1315
101
521
1394
1733
306
1148
1779
20
147
1490
547
38
1670
885
1435
1254
1563
1044
1885
752
105
1171
486
1810
931
1185
961
1264
727
520
79
373
418
485
1286
399
1969
632
440
639
1385
113
472
1102
994
1490
321
569
621
980
1991
1249
1738
1573
73
1749
1191
28
565
579
1582
1192
351
899
1923
1620
1172
1752
638
960
433
1479
1509
77
1690
1537
1672
1380
171
1451
1239
1325
1152
114
650
1558
1563
1138
354
1673
1636
510
1896
1047
1959
1225
26
1720
1777
162
1895
806
877
880
1966
1374
1903
593
1704
1296
455
1999
1655
12
796
1228
2
1691
1529
1580
195
1752
80
1322
747
219
1326
215
791
1861
231
23
1482
1624
795
711
1861
276
217
550
246
1764
1549
842
763
259
755
507
1112
1317
446
214
146
177
1203
314
368
623
1781
1262
940
401
68
1767
1297
1652
1119
376
1954
1333
1142
720
1605
1092
736
1139
111
563
1268
1894
1457
563
698
1705
1297
1139
1722
1811
148
1956
1559
293
1851
977
1230
1854
1393
1905
685
806
662
1381
599
1447
1253
1365
203
580
1905
703
980
1367
668
336
576
254
393
1114
1760
1175
631
1699
0
19
1 2 3 4 5 6 7 8 11 12 19 25 26 34 38 43 45 47 49
944
933
534
327
275
1589
1833
857
845
794
1522
1109
555
662
750
1199
1334
1058
1422
1066
421
1356
1870
1189
1812
1104
1061
8
1261
320
938
16
617
630
996
1004
1896
974
1676
1405
1908
92
1677
1227
774
508
774
528
192
1252
244
1914
1794
998
1486
24
439
1876
1938
1458
1760
657
1870
1152
1861
530
158
1621
1450
1201
1636
78
1294
1518
1112
876
319
1352
1633
1260
205
1944
1121
871
820
453
1945
1994
1333
892
536
19
356
216
634
54
950
732
275
210
851
593
1083
471
748
560
996
658
1956
1775
1985
1440
1349
1752
892
859
1864
309
1947
1344
1445
1651
102
682
1765
1344
717
906
558
1370
1758
1585
1920
1006
1042
468
1421
1732
1657
959
1358
891
1148
394
4
1324
545
1583
1201
688
1846
592
1133
685
1041
223
1616
921
264
1175
1767
608
1180
1342
384
1826
196
231
1876
580
578
1943
1103
345
1090
727
954
1339
1228
1529
1013
1241
1652
542
159
1554
916
1199
440
357
72
1608
69
640
1263
1858
1876
1971
883
201
77
1683
398
1558
678
310
441
331
1393
508
245
1966
1384
1153
1032
277
1689
855
443
1948
1674
1591
1598
236
1357
1692
891
290
1937
1891
1098
1104
1394
650
913
1533
472
1494
484
373
918
1572
1054
941
309
1138
1308
1161
301
210
1496
589
1665
1098
954
368
1932
25
1099
578
14
1565
493
1944
608
120
1075
1376
1783
1137
1158
1304
1534
1305
1273
1284
1685
1440
1460
842
1974
276
1106
1020
1661
1880
909
595
505
1922
1084
1441
1455
504
374
11
1901
1765
991
380
816
1005
1062
858
1653
512
674
607
1320
1839
125
1247
99
740
1458
925
1821
1472
887
790
187
1709
195
383
1523
1752
1706
870
865
290
1927
1614
681
1401
1447
47
91
28
1184
1300
925
1642
1591
586
1465
321
1895
1765
1207
1942
969
109
499
1733
1938
1685
1381
1882
1108
371
497
1427
304
1933
1394
1156
222
1165
71
719
889
540
117
1688
1810
1346
275
768
917
785
1790
1885
1891
985
1367
380
1977
413
101
1000
857
646
1199
1942
1696
1971
1877
1632
1952
1790
1224
1485
30
279
420
350
385
300
135
863
178
1009
444
432
1048
1135
1125
61
131
411
658
742
884
106
781
1631
840
146
1959
725
1860
778
1584
1255
1003
1254
1265
1527
575
501
56
417
488
1244
952
1240
489
1557
512
1221
375
306
1937
276
779
1443
459
1324
1622
652
377
860
1822
268
1595
989
362
983
1988
655
1298
1281
457
275
1816
78
2
503
919
531
672
339
840
1505
729
301
1786
1633
853
878
1090
1468
770
993
374
1678
106
1679
818
1763
1834
697
1127
258
1164
310
1286
1878
1187
941
1700
1616
1158
1920
1814
200
1728
1046
807
1931
1993
1183
1444
354
1687
613
703
1710
369
349
1235
677
1950
149
291
1324
1408
1428
1178
798
1011
1809
852
1655
1926
505
1742
1358
1537
275
398
1874
1313
163
45
851
581
1738
658
348
46
53
636
1582
1393
1038
676
661
1826
1569
927
766
878
893
1048
769
1342
662
1224
734
666
1277
774
1280
1653
769
1404
281
1812
921
740
853
1204
1876
201
1123
1123
924
1822
724
462
1699
1127
1495
1102
507
1618
364
175
993
1017
859
1527
880
1803
249
1260
986
1194
1746
648
1241
110
1770
318
936
1262
723
10
895
930
256
766
1818
1525
481
904
1499
553
1123
1601
132
33
1048
444
1437
1014
1160
1787
1828
241
133
1259
313
581
926
266
381
1311
587
825
1572
851
275
1593
959
1029
997
408
1249
492
1014
1204
740
1340
1395
1642
835
1587
677
294
1343
528
105
726
281
625
1427
334
1390
1996
1700
252
1108
98
87
1208
1181
1697
100
647
1665
736
1285
973
1514
167
779
1255
492
362
1741
1245
610
1195
111
1034
1818
1371
1662
214
1173
1121
1831
875
1185
837
1272
1277
1580
749
628
1558
1189
1241
465
1302
1180
1891
856
1324
1356
1832
1578
514
1735
537
378
1073
135
602
1301
6
974
644
1527
1188
1019
890
1698
877
281
558
1199
1986
794
620
363
994
497
54
67
1794
1908
151
1692
1377
1860
7
917
641
967
758
1294
212
65
681
120
1590
1355
1737
1511
488
437
653
215
1683
1983
141
72
1255
251
347
1630
518
160
1124
1872
520
1158
212
1517
443
584
935
1874
1745
1750
1505
1717
387
470
515
1137
1996
238
1721
1855
1305
791
1726
1963
1701
1263
622
1549
1253
1653
216
185
32
830
916
1751
88
1786
887
555
1921
1365
1545
1215
1790
173
13
1286
699
902
1604
85
415
1784
1958
1693
352
386
885
606
1665
1462
545
979
1411
1111
1041
973
93
1907
1022
131
465
278
1385
286
1917
1802
680
947
1293
678
1303
645
1482
61
76
196
1633
500
1299
366
1326
194
889
887
1560
1265
664
316
1879
808
406
676
1504
1885
1766
1382
793
231
621
1391
1886
848
971
1062
1883
1248
1969
1687
378
521
184
1172
1711
1981
1679
820
788
1590
1017
696
1777
884
760
1550
1576
1618
1585
1743
347
1858
1596
173
1990
1723
1919
643
1900
1506
190
1665
1825
1393
14
154
206
496
1006
1970
810
1415
491
811
1022
1060
461
1390
1623
936
1895
1385
417
621
1022
1124
525
648
616
474
720
1527
1942
910
1620
93
1420
1218
99
934
612
1812
749
1097
629
1139
1753
794
544
117
993
1332
1908
1106
744
1980
1971
360
1813
1997
685
1425
439
533
1090
1481
1815
1627
1192
1054
587
27
1900
104
1133
27
136
1939
1021
73
698
930
1440
328
988
487
979
934
1174
277
1587
1176
906
147
56
277
150
720
868
1036
273
1131
771
36
1926
879
1895
626
867
1252
777
1415
1270
313
1125
1479
657
1887
678
9
1016
1552
986
622
1215
1070
1478
1044
298
1250
1640
1388
1762
1703
1660
753
1405
457
378
349
1839
901
1882
1873
1263
28
617
371
594
451
1300
1263
1537
1145
551
1803
705
407
1520
1650
1364
974
1405
1785
918
1801
171
1504
707
1437
1325
1677
1222
487
104
1028
337
1120
887
620
634
101
216
287
437
296
233
1221
1624
152
1900
1444
1835
1079
1838
1361
1153
1241
1122
1142
1856
701
893
129
342
1396
113
993
805
1915
1315
1875
768
1540
697
200
1069
525
1388
406
1378
80
1245
304
855
30
1022
1279
36
617
1242
56
537
1409
639
249
1683
795
1488
412
1639
22
1688
1816
1143
259
1926
1654
445
1635
779
1918
529
1746
1086
638
224
1575
1445
733
1291
1305
1164
161
86
1005
1529
1614
884
1628
717
461
468
327
198
153
63
521
989
835
1230
1710
575
1353
792
492
1862
1390
396
744
4
950
801
1465
1428
908
1500
1213
1936
837
742
626
1188
846
1573
1000
1442
627
1985
1376
878
1455
1747
1115
349
1335
1043
1432
917
31
484
1847
1998
1188
604
37
480
1275
1429
39
1636
1555
1206
297
1201
1805
1898
1492
427
1013
1529
654
494
762
1977
497
1084
1520
1311
1469
501
564
257
475
1137
735
894
737
672
1776
181
1769
1815
442
1387
932
1958
109
1037
537
562
1114
1465
966
640
1530
1555
781
1167
596
783
1283
1772
1524
138
1501
1535
912
21
71
263
453
1719
973
1064
1199
1548
604
1571
1056
1244
147
1664
767
722
1704
29
71
1771
1178
393
281
1801
1337
793
1979
1209
1080
1711
1069
491
1320
1417
879
1663
498
1378
561
1110
1165
1055
480
1426
1615
1958
1837
384
1043
1279
222
1575
1177
1959
1323
1863
1876
533
1525
1207
646
592
590
968
549
207
161
1291
1476
162
293
650
250
334
743
1151
1520
73
225
1692
1936
914
1354
1571
550
474
1505
1626
924
869
291
525
916
1511
888
270
603
608
933
1532
1319
223
1191
1900
1275
235
739
638
1717
1044
1857
46
121
1364
371
19
1349
1948
1640
900
288
581
937
213
1887
207
1409
1373
1109
505
1364
977
1720
1777
1084
1751
1436
493
1894
766
1346
314
697
995
113
967
1704
835
1907
1801
1569
653
1554
1359
653
1976
841
825
1628
1409
474
1686
1153
1870
653
449
832
249
1713
1751
165
1067
826
1730
735
252
1211
1964
1319
1592
841
859
170
1008
94
1797
1163
177
335
1916
1053
1665
1888
1849
1531
113
374
1263
323
594
865
1556
40
1734
1857
1549
1994
1680
1496
507
712
1521
1045
1352
1345
1245
1055
1395
720
1833
212
440
1223
1586
1323
597
1258
1262
1419
656
480
1145
1431
363
538
1612
1422
430
531
1305
1829
648
910
1507
1698
917
35
1801
1370
562
109
621
1594
1758
1708
771
1528
1435
628
532
607
467
1256
1417
1735
1529
1209
204
1785
1441
428
1303
1852
351
470
91
259
599
206
270
1752
608
646
869
886
1643
111
978
38
1781
1464
792
1037
1944
1635
81
1880
1323
136
1667
491
56
1804
10
1989
1483
1483
1470
466
847
859
1397
694
1755
179
1565
1773
270
61
119
1165
955
1121
568
90
1739
1632
962
1750
917
1931
820
364
153
808
1914
1444
1818
1569
1501
342
1517
25
1090
472
1128
1085
354
1221
221
1224
264
7
185
488
43
1426
1912
294
1044
1012
390
1739
1132
1511
18
1617
1666
204
1037
1881
1692
189
1872
765
409
1140
759
276
1533
1479
487
1296
1636
439
603
1979
1055
991
1929
1698
467
1111
726
1236
730
1323
345
445
69
1035
727
1102
1211
591
581
1173
1572
539
1586
1192
60
76
461
2
620
0
12
1 9 11 13 15 20 50 100 110 200 1000 1500
231
1530
80
1487
380
1447
882
412
1718
375
1953
286
1454
1805
1545
1819
1946
1098
1750
1486
1071
667
1327
1983
388
204
1674
518
463
652
1580
898
1180
1148
817
1888
1395
661
1181
799
766
526
82
1781
1114
621
258
805
1150
376
1724
1762
919
355
545
702
791
617
1518
1625
364
579
369
1844
1104
1603
1552
1352
1078
22
247
1179
610
814
1644
207
222
672
1122
403
687
1654
1390
949
1552
1152
1218
234
962
396
823
1172
132
209
1517
1820
321
1230
1713
1769
641
337
1869
1262
1545
1456
1484
525
1341
1526
1719
1267
1576
785
1755
828
1637
1132
1465
1927
1398
776
1509
1510
1282
1872
435
621
1552
397
885
1813
1202
1945
1497
1037
1271
1703
1598
1479
1941
1279
287
1335
1245
1649
1982
1963
1742
1901
1062
1414
4
23
653
774
239
435
1187
1321
1928
1501
809
940
1784
721
235
776
895
1835
1144
1595
399
562
1716
1821
1526
163
1390
1701
347
595
1442
605
86
1432
489
881
330
1289
495
280
986
972
1382
1384
1318
63
842
1030
927
1166
431
1180
1995
532
1559
1224
658
269
1454
170
1833
1881
1693
1693
361
1332
406
1527
1791
361
1736
1134
666
1270
659
164
642
905
1735
634
1288
39
926
320
919
882
21
1322
1286
1944
1806
274
492
1959
561
1154
951
1083
949
191
1763
107
946
805
1318
888
847
1078
497
1713
989
702
1302
1826
1255
884
264
1833
1962
1177
462
1198
235
1704
518
559
446
1742
1384
1073
1821
131
294
1515
812
1491
1695
350
314
706
1532
483
332
631
1700
937
1197
523
32
141
903
1129
1644
68
683
933
15
942
1405
495
595
726
1879
389
337
106
683
678
960
208
1580
409
305
740
1149
99
621
807
1687
668
1128
1089
1017
802
695
624
1251
1209
990
1901
1153
730
923
493
1139
1786
1752
1928
560
1125
678
1048
1327
330
1275
1544
483
1064
1606
1905
821
532
1366
494
1135
1099
1886
967
197
567
1359
1760
1059
47
117
1858
770
927
1307
1564
1103
881
824
1489
387
1390
811
1484
1030
1765
1608
1731
1844
1108
1467
703
744
207
1894
1230
1931
1820
943
375
149
326
1327
1339
1099
196
674
128
1627
1268
1777
179
1751
1297
1187
682
1146
726
981
815
1163
1172
1056
594
1987
1589
1801
1577
1025
565
1469
1130
1106
1730
1115
481
1610
1757
430
1263
104
897
323
1794
568
536
584
789
841
747
1488
721
339
1280
665
1578
1666
1996
1096
203
203
1177
571
946
268
702
1445
1860
943
1559
63
1144
1160
1653
1653
1049
140
375
1088
988
1781
912
298
41
90
1770
1731
1596
1234
1457
1675
1334
347
815
1787
270
1630
1964
1690
1089
892
1330
1961
480
80
708
1368
684
1926
860
692
1993
1291
587
1985
400
288
762
600
1121
804
1281
1838
1228
494
1418
566
1082
844
526
629
806
410
579
1425
507
804
512
1470
1472
1544
823
1295
53
349
1418
532
454
1964
154
522
1155
1144
61
295
174
1838
1707
258
895
1216
1670
444
682
1604
596
658
994
1928
797
372
218
766
1875
703
942
1589
1332
1325
1891
1306
1627
1654
1234
1679
1667
159
492
1730
1183
123
750
1711
968
726
1421
1740
455
768
244
707
577
889
1757
1519
408
627
1969
1305
538
1158
1429
1654
647
1060
1424
490
1256
948
532
1678
129
1323
1222
948
268
472
758
1238
1008
1773
1087
1047
146
246
957
1888
1595
686
1975
1444
1526
231
818
1508
455
708
323
314
1262
592
678
1342
1609
933
417
1203
1700
86
1456
1674
889
596
886
1515
1080
73
715
116
1392
403
1329
1611
1068
151
838
523
77
1475
1059
543
1402
1422
1343
544
1469
1927
1968
409
1676
1376
1314
1783
515
1065
1535
1331
238
404
1961
598
535
1208
1934
1066
215
1928
1302
1510
318
1142
1291
1228
674
178
973
1257
336
1191
1048
154
890
1559
1159
1453
83
1915
1461
375
1755
1681
1656
1887
541
440
1224
725
302
1984
1055
437
1768
399
1212
1075
1355
4
44
1613
1617
1513
352
1683
316
1256
850
1730
1570
789
1620
1177
1053
756
793
695
1707
1339
163
1162
942
143
1969
427
795
839
1543
1445
1008
452
1063
1900
1502
1590
112
1897
1208
496
1277
816
737
233
1499
931
834
880
392
1886
1115
1057
1246
606
34
1634
952
1760
1549
962
1539
357
474
1479
569
564
961
25
88
1355
1106
712
362
69
1123
1700
1120
1482
1077
1714
1510
484
626
648
502
942
1754
1096
1939
1873
1961
177
984
485
1874
1451
1132
203
1745
1324
1573
269
1825
745
1058
4
53
1552
1030
1333
1048
1328
1232
1665
881
1073
1486
1712
561
574
1902
1359
1745
796
194
1160
614
1137
1354
1574
390
1904
1393
508
1467
841
1349
290
627
1055
314
1642
1291
193
675
767
1304
1200
1292
116
1194
1516
838
1965
394
39
17
370
1378
1713
1867
1590
206
86
1901
1599
411
655
250
1755
1730
382
583
226
1631
1189
987
1278
101
1805
538
1004
677
779
1779
598
1182
31
1830
757
134
763
1336
1321
1291
97
985
726
1319
1245
1808
383
31
610
1981
1554
1176
1602
1347
846
256
1567
1376
890
309
625
787
1318
1167
1803
1545
1621
129
276
455
1990
522
69
62
726
1134
1077
1102
1312
1972
1725
1186
756
315
1125
967
1276
1538
1073
1490
1940
1676
724
956
1343
1187
1296
1603
919
1891
646
1948
982
1555
44
81
94
1082
24
240
838
1786
620
1403
1614
717
1855
1088
526
495
815
96
1976
642
149
410
1046
1859
1354
976
1260
1232
675
577
1832
831
1966
1521
981
666
1360
362
414
1480
1090
370
569
1332
299
984
713
458
1194
1937
479
1354
1382
305
1958
1584
1725
1167
1916
1243
1571
1128
236
1569
1689
396
1195
1675
1774
1639
647
845
1840
357
718
394
1364
1958
108
1535
514
1293
583
240
312
829
766
545
1070
212
809
297
948
423
43
1772
971
247
199
176
1355
1276
1301
1453
481
163
1813
1415
371
1347
1140
622
987
1970
1079
7
230
1199
1310
702
949
676
521
47
827
1310
1259
224
1477
149
1113
519
1599
1506
1298
659
1528
1121
264
1191
1040
518
395
1390
731
1309
418
1645
1837
1667
592
1800
1832
1656
289
1429
1633
676
50
486
778
705
714
1334
1409
1594
715
1594
405
1095
1134
1796
1503
868
612
296
1769
181
701
427
1241
1513
764
1365
1096
783
6
660
200
1430
731
905
351
55
1433
1533
1096
1837
783
1177
1439
478
147
590
296
1827
690
574
35
987
1690
1904
1952
1049
1139
703
1023
216
221
1237
1766
522
1780
609
1579
1863
1359
310
374
1564
1893
104
1866
195
1678
209
360
0
9
1 45 60 200 222 340 404 415 477
901
799
645
140
1939
1976
924
1828
1503
1752
1331
238
1138
366
1133
1591
853
1828
1703
764
573
1043
1447
795
99
1493
1667
1110
562
380
1596
1522
828
521
1293
1625
828
884
1646
1663
280
69
1187
1469
1773
1598
1934
579
1683
373
992
1092
883
102
1123
1399
1724
80
3
1343
254
152
389
1935
1135
1188
1913
1196
1244
946
1727
229
408
1627
1694
112
253
7
390
714
636
1453
580
1011
1622
1694
1438
1014
1479
676
1192
1885
1663
1344
432
1358
252
709
793
27
1809
1025
236
626
139
1438
645
878
895
932
1951
1010
1533
1929
1516
1522
553
391
1978
1319
507
744
1296
781
1749
501
1196
884
393
1894
745
1946
430
394
275
110
506
417
1362
140
298
1120
1105
1640
1978
1567
1384
286
721
1162
361
149
730
1651
1903
1726
1752
1571
1180
761
1551
467
1119
1444
289
726
975
96
1323
1383
702
1920
1344
724
1364
1928
1356
1041
296
1615
452
1389
234
1494
853
672
136
77
1194
1911
1915
395
1501
1049
1793
1661
1854
107
1502
150
1186
1066
1051
1903
1193
1304
1277
361
831
1928
897
484
1351
858
1275
1502
363
986
644
841
1875
285
1963
347
1800
1175
1177
400
874
1023
1050
1999
1472
97
327
1428
1290
1824
422
574
1351
715
362
518
310
1759
1198
477
1526
1681
1611
687
1881
859
918
334
1786
1282
212
114
376
373
845
1526
339
1016
1977
1489
1359
659
1405
1365
1645
792
397
2
1495
694
1743
877
1392
1749
753
1937
1576
1209
1404
1229
578
715
370
1915
671
1455
146
768
724
271
984
738
1405
1583
1870
686
222
457
1241
1875
361
664
684
1320
1791
91
1315
573
1607
317
1077
1065
1075
1725
1655
1573
1351
1978
240
1917
351
213
1858
1480
1714
1783
487
1644
1371
913
1664
1736
1636
1082
1824
577
1333
1510
75
227
901
570
626
1025
1958
1468
603
1512
1289
58
448
1326
1718
1100
643
1681
857
1849
959
506
1167
272
965
1836
1337
1764
1000
1576
1410
720
1339
193
666
1761
1767
1454
1692
9
279
812
638
212
122
1500
112
1098
911
961
1680
1778
21
689
1462
1548
977
1084
756
934
79
1403
197
337
949
1416
393
1091
1252
1849
519
315
280
1211
834
1367
642
1102
1593
278
1768
594
1316
974
1435
772
1889
666
63
1045
471
1222
958
1298
648
885
276
505
1852
1165
860
867
465
263
735
1102
594
859
1425
952
1009
616
1851
1514
1175
244
3
489
1867
453
1115
1940
337
1663
1568
659
499
796
220
1716
1098
1997
1405
317
1335
636
305
1535
1914
424
1914
25
1986
1996
1327
309
952
1804
1548
727
591
645
1561
649
1494
1700
1868
1039
268
407
1215
969
463
1005
729
1168
718
1120
180
215
76
207
1586
1452
934
210
1896
1224
621
1277
932
1533
1038
1883
1358
704
362
1181
1851
148
1252
1958
1227
1834
561
1013
1708
1542
1982
312
82
1504
1636
761
1949
522
1039
950
788
161
436
1691
45
110
1970
1715
993
295
640
361
1541
1851
1533
1601
1751
1543
290
254
248
722
280
1710
266
421
441
1044
542
677
273
1821
763
676
935
1480
1807
814
1926
595
1485
269
1312
1899
991
172
1970
1391
1813
981
827
364
1284
1142
539
1723
1516
641
1609
419
933
1519
1387
333
116
1983
937
485
174
1161
1230
1882
385
129
641
866
288
1287
208
1288
1973
688
1630
387
788
396
1474
1664
1149
493
1546
656
726
805
1915
1896
668
953
1540
1951
127
1820
1983
1844
1775
34
172
731
1547
1533
668
1162
321
863
441
773
1757
1231
1579
1752
1012
965
1938
1932
1551
446
171
1835
1777
111
125
534
1682
621
72
1652
268
797
729
1377
918
1400
556
786
476
1361
1278
1378
224
1553
1129
1113
1483
1701
1751
831
1075
513
1250
1377
329
1638
354
291
1887
544
1160
1386
1007
1892
422
1088
579
1535
1856
1840
1591
1692
447
1465
1249
425
181
1779
1473
1001
1233
341
990
1230
1028
1654
740
1376
170
688
820
1728
696
32
1670
1447
637
557
742
743
1340
1912
350
1022
529
1703
927
61
571
688
423
1818
1912
1855
1023
980
165
1706
961
817
1797
597
1588
1472
1907
1478
462
244
45
881
1648
1981
553
495
965
175
391
167
384
1837
1918
1684
304
1767
600
1178
933
299
99
481
472
1114
1741
297
333
226
1803
525
122
1724
597
1567
1571
368
1824
987
1185
1630
1177
337
1772
283
1624
1519
1621
1115
1386
517
508
1882
1050
829
283
1073
790
1471
227
1598
1176
874
1917
1983
1524
524
815
1173
268
693
286
1522
317
1100
283
1084
869
1849
1408
787
1645
485
1567
580
21
1509
937
1158
11
1211
1470
353
597
1138
1650
1775
1340
71
1716
1827
1773
826
1076
1643
1517
752
133
1084
616
1238
1233
364
31
103
1963
1399
793
1187
510
1490
752
13
1300
410
419
831
1653
508
1841
928
641
1914
1016
504
1894
1441
770
991
571
282
1608
1155
1192
82
478
796
1578
1501
1931
433
605
1843
646
1778
1980
848
776
378
788
248
102
229
1986
1175
1450
750
613
22
346
925
1879
1831
372
1975
1913
835
204
399
326
207
782
1723
359
1652
1603
1819
808
1899
1584
1105
449
1714
480
1506
185
1506
1312
495
633
143
796
1064
1370
45
1213
981
558
173
1705
1149
152
991
1471
1444
441
4
1818
850
111
954
542
1249
562
287
612
704
1693
963
1618
575
887
223
956
1329
1387
389
219
362
816
300
762
1693
1031
1484
907
1883
1048
1643
1764
993
1248
556
1127
1951
1583
1997
1420
170
1007
1753
168
1734
1842
335
1939
1044
1305
1487
1259
1210
910
81
434
1082
972
1476
779
1237
1911
972
197
1775
610
409
597
1259
502
1538
1104
658
648
244
1541
622
1492
208
1143
940
1528
1121
1983
1527
1595
1031
1063
773
14
909
1556
1609
293
48
154
132
1617
1370
1995
126
836
256
1147
1330
1170
957
1099
1791
1365
1226
245
1155
1496
226
1822
222
155
1327
273
631
226
1884
492
1006
984
583
952
403
725
1454
142
413
637
152
311
1753
1160
571
983
1707
519
433
1203
1232
1676
895
1990
1104
405
1799
965
925
1709
658
1618
1343
311
1948
193
336
1415
1832
1641
885
487
1884
642
1900
1234
1920
118
735
1543
526
258
122
1568
376
1480
897
694
1934
1327
333
598
1643
1749
443
126
1170
1754
1084
205
830
878
1215
1497
770
1464
152
41
1996
208
1150
560
1859
1929
180
1704
1074
1067
1223
1900
1876
825
1936
1054
1409
482
32
1817
930
1799
1205
639
1932
17
1983
1314
780
1386
1293
259
1946
1738
1132
1219
444
1022
1169
1644
552
1307
617
1433
425
206
1226
1274
682
191
1741
303
1567
772
667
1296
1776
1005
674
112
543
296
516
599
1074
1977
768
705
1945
619
258
1984
1525
539
515
1235
1034
1499
95
1483
342
36
1114
32
1077
1396
839
1786
161
1572
1678
598
1340
1363
1419
1804
838
974
52
1732
1688
84
22
348
1868
880
1262
1777
1817
17
846
1940
1426
1954
1595
982
1110
677
501
750
35
1226
294
10
1114
1040
8
647
855
1557
881
548
651
1064
441
1390
613
233
110
64
1543
347
187
933
1131
668
537
668
973
1901
1837
1856
1506
1258
725
117
460
1056
692
1931
897
1339
1062
927
1468
1487
903
800
1942
276
1214
1629
1635
366
1231
782
806
1677
1198
131
1630
638
437
1811
1842
741
82
1219
631
427
289
495
893
711
306
180
433
1561
203
1295
1201
474
1638
540
176
1225
1499
1837
1956
1267
743
1944
1701
735
1298
347
1462
528
379
151
1536
1446
23
1202
928
847
232
1144
1492
1777
539
625
888
70
1353
1394
1899
1361
918
484
247
501
242
216
1463
325
824
230
1942
1252
542
272
1741
1690
1522
953
1241
1702
362
192
252
906
1518
1571
658
89
1233
1319
203
490
1820
1134
1495
1223
674
579
847
1817
824
1255
17
1330
397
1478
467
17
824
676
231
12
129
1225
1970
1998
154
1946
1321
1338
1060
1975
1132
1610
944
233
1678
62
921
203
1442
1907
512
252
1573
959
681
196
1590
563
370
1332
451
1293
867
1677
1565
392
863
593
846
404
1523
1554
1395
1000
1436
257
926
424
1774
1786
494
1568
512
1079
1659
118
1034
1379
1645
749
1007
1913
611
1846
1821
512
1610
1697
1472
1386
356
1657
217
779
354
221
847
1713
1526
500
1929
1559
903
57
850
628
476
565
5
519
1824
1276
1992
1443
1576
749
140
227
335
1813
1211
1232
132
1246
1640
901
27
113
1134
1141
1924
1258
1988
1284
1225
908
962
818
1382
1841
1046
1633
1971
127
985
975
370
1864
879
847
1622
918
719
69
1609
1103
1202
1707
1087
799
662
1111
720
453
460
253
1676
1940
1687
604
891
1269
519
1273
591
564
54
1595
170
1833
999
1932
1017
1467
38
863
1380
940
1215
1513
866
1684
201
224
670
615
1758
1289
126
1255
1274
1969
674
0
20
1 2 3 4 5 6 7 12 14 15 20 22 28 29 33 34 36 40 41 42
927
1112
687
1060
205
749
100
1231
1375
1929
1558
774
730
986
535
1656
715
601
283
809
762
1385
572
148
1316
1357
1956
313
379
45
1187
75
424
440
1840
1882
28
518
779
532
1049
532
1526
401
720
816
148
1246
474
1313
1735
1007
1859
527
97
602
394
151
1728
181
687
59
1670
793
680
902
1354
1959
1359
15
1004
98
761
852
1718
1280
1643
687
804
289
638
1768
470
441
1247
1678
458
1150
1521
1089
1726
691
1761
1649
760
139
91
1225
612
949
240
188
1269
1155
385
1001
429
1639
393
1804
290
453
1307
1210
447
1658
1419
56
1477
1656
1772
297
325
464
448
1790
1065
1921
1457
166
1150
1290
615
1517
1725
1210
1196
120
1110
1488
765
1905
1045
691
986
911
1782
1990
774
404
635
268
1628
930
1054
1899
495
1983
1855
1234
1988
514
664
204
338
15
180
48
1880
378
372
619
1464
1261
166
1234
585
175
749
1548
1616
999
1065
1411
977
1177
600
1179
561
264
1056
449
1297
1090
1002
1691
1166
1223
97
1737
530
980
1975
601
102
672
1403
1596
1420
337
1774
1224
160
1651
1560
1796
1112
255
806
266
210
1199
1247
1220
1403
744
173
536
765
217
596
629
638
160
844
790
1191
1468
1169
572
1217
765
1443
691
521
1699
569
414
733
415
669
902
1908
1885
1665
482
735
359
339
301
706
1600
453
1351
1111
1181
1054
319
157
1514
527
237
104
858
497
404
723
15
195
532
1946
936
346
615
1036
1951
206
453
124
848
1817
1333
466
1509
100
817
256
343
1838
104
1327
1203
1198
1949
617
44
1833
1598
699
998
199
1706
265
132
1147
709
1871
1558
1415
629
808
1158
1086
758
1428
1613
1626
220
1789
972
1586
842
1938
1462
1560
347
1697
1783
505
294
283
585
1996
1768
607
1346
1540
274
1605
1395
501
1789
435
264
776
485
883
1111
777
1033
833
1427
1843
1012
131
1746
648
1348
696
1570
1721
1286
1219
238
663
835
1297
953
1149
177
331
686
1326
1995
1055
1174
1673
1201
27
731
953
1013
1915
1099
1311
873
952
45
152
157
1364
925
849
157
1157
953
925
1301
67
359
754
1068
1048
1184
407
588
1126
926
724
379
1959
737
1211
198
970
411
1849
466
356
876
417
1252
1865
1405
1410
1267
1651
1259
1170
1844
54
1
291
1379
1665
1174
919
190
1511
592
1027
270
1692
919
266
903
1337
813
471
1611
1202
1291
446
399
766
594
1083
1758
164
1212
1439
1424
1801
1346
853
1324
996
1473
693
706
1482
1271
1840
1904
140
604
486
1729
1765
790
1347
1915
1258
873
1899
642
1039
109
1702
1554
63
404
1429
1280
1260
897
688
895
759
1427
217
1320
715
97
577
1100
122
645
1898
1557
407
1858
1804
761
1196
1732
1091
307
65
1599
1259
1360
622
1954
497
933
1786
183
1201
1868
1579
916
633
500
1292
233
804
451
366
1429
185
1548
820
565
327
1313
595
515
993
1001
1628
743
1900
663
1022
515
1650
187
142
1765
954
1799
990
349
1740
1992
1703
875
249
1333
1505
875
685
1147
1971
486
552
520
1939
396
1233
1612
1922
1251
1930
1727
350
270
1558
1123
495
1240
1664
27
1429
667
1995
828
843
1248
791
1906
82
431
393
76
233
233
1278
1110
622
1081
95
312
1545
867
1808
1604
1597
933
542
109
421
1230
205
1669
241
1342
511
1316
13
612
471
1108
539
1076
1960
342
1382
1443
455
1591
938
811
518
549
1502
1362
150
124
1665
1751
582
1788
901
1392
607
1626
1675
380
1054
1048
921
253
1480
659
1230
1323
1694
231
603
791
1191
257
94
353
100
1056
1203
542
1727
1894
1357
1501
1313
1091
324
414
57
579
891
314
50
897
1681
1492
171
1061
415
1215
1557
311
488
1977
1751
1176
198
1007
1092
1847
465
242
1470
311
1387
491
27
1224
482
13
896
991
1950
210
580
1016
813
1681
1048
1597
256
325
1171
1432
1031
1737
1557
205
267
607
406
217
1511
328
462
1546
371
560
1671
1679
575
938
624
1106
1822
1666
380
843
1244
203
776
333
825
1758
1811
726
1637
1837
1184
975
224
1514
1603
741
973
700
1943
555
833
1079
852
226
1209
972
1895
950
384
811
1843
1091
308
470
174
112
101
153
410
1601
1116
1072
366
905
898
625
908
1276
1884
1286
1312
1073
1205
952
1827
918
398
927
523
327
417
305
21
1760
1741
1927
216
561
1965
1673
1555
1754
1682
1270
1991
1190
23
1362
1197
962
1688
48
123
1618
1822
610
517
88
1559
647
1471
827
1607
1338
617
130
1690
54
34
89
209
22
1492
1158
958
1291
108
809
242
1684
4
218
234
977
84
1488
929
18
491
352
1519
1004
867
1817
553
1633
1995
759
707
354
916
1884
528
427
123
69
1971
1025
1914
521
1100
79
1519
743
1774
97
1061
765
673
673
979
605
507
1906
1988
449
752
1444
1172
1489
1749
368
307
1918
524
1650
1004
1022
1156
1393
1772
867
1054
1565
590
1522
971
1460
1077
307
1110
1601
868
26
162
292
1272
1653
612
1556
1824
1444
181
1666
1806
942
1705
1985
1348
838
354
350
1194
170
1462
1693
718
817
892
1155
311
1757
203
1361
699
73
1526
128
312
143
1447
1285
281
1028
1770
1849
1170
489
1488
1255
28
614
810
877
850
532
592
547
63
173
1009
1297
1097
1541
1818
43
670
485
1050
413
1854
411
1476
478
1529
1924
697
550
313
872
1193
816
1566
1730
1179
991
569
1837
1614
737
1438
415
1203
36
1925
862
1731
1265
636
1285
591
1180
1806
733
1825
1514
1213
1102
1542
1432
1302
1188
47
1552
149
1851
1519
1739
1332
1753
610
1408
318
1651
1759
1548
1444
1705
1621
184
106
775
1410
1491
1229
1166
526
1302
1632
807
1295
192
364
1314
1182
1884
1610
919
1297
1199
1279
1725
563
237
828
1270
1370
48
457
840
1076
1478
247
1538
177
1439
339
1547
517
1285
1741
570
1351
554
1879
1906
1641
1759
1449
1156
1384
479
1707
983
1364
1429
1752
1940
1134
1774
1922
1813
1587
1366
1882
440
966
150
510
1496
1641
1434
1154
1199
1512
276
387
406
368
659
815
1071
59
1720
1067
535
1813
1723
532
1614
556
1002
957
956
555
1592
1492
626
1258
1777
273
412
652
254
138
788
1984
1147
580
1032
216
1593
515
1448
1004
95
967
1172
1611
389
1263
1523
1545
36
834
1378
1284
1433
1211
1524
1942
1510
1313
1476
1204
778
1616
708
1384
989
1309
787
1942
1105
1013
1357
1311
1803
172
1467
1371
1226
698
182
422
1209
981
973
987
1697
831
844
1310
1566
474
1651
1861
573
1172
1614
730
1650
1582
1452
214
1269
430
147
1477
83
601
1772
607
567
246
1382
1906
892
982
414
782
726
1800
574
1063
1197
1753
1682
95
1737
1041
1441
1448
1015
560
1594
1599
1691
540
1448
1405
1196
1332
223
1742
1273
1971
203
1130
1480
580
1156
1691
387
1222
986
307
682
308
94
278
898
117
1406
1373
997
1563
558
578
1506
776
1172
405
442
599
734
107
741
597
999
1627
1404
1669
1434
647
85
1858
634
1553
1332
447
1192
1693
1216
1949
7
743
1541
67
469
1532
1382
228
1513
1191
148
1790
1003
1934
895
1500
1410
1342
1125
306
268
485
752
125
349
722
1494
1639
1064
531
383
744
1022
202
624
1701
236
752
1519
1639
945
1886
1671
1452
508
367
193
714
357
622
1134
699
1453
1948
854
95
1247
1138
541
509
1579
1882
620
1362
1511
803
253
256
1548
434
1646
1412
223
18
1404
1286
510
1451
1620
930
38
222
1954
1213
1571
1687
385
1496
726
1531
878
835
389
1750
682
1323
1817
4
467
1673
876
680
1026
1603
384
521
768
151
47
142
700
1493
1936
1301
142
373
1983
256
873
1717
462
41
1943
1553
923
1042
1852
802
1562
1667
1335
56
1470
1498
450
1926
746
1735
215
60
1942
299
1479
407
817
1429
280
854
832
116
1376
1798
413
210
206
758
395
1569
1949
628
1651
66
959
1658
1365
805
243
1751
908
1408
1229
184
801
689
542
330
723
579
986
1493
1040
1635
485
437
820
987
1164
1696
1797
53
1318
290
268
1873
1473
895
1375
419
260
105
753
692
328
851
1005
984
1000
578
980
1128
910
1281
313
1089
320
1987
205
731
1350
774
1906
117
839
1929
880
174
1039
333
1094
70
1887
1668
440
148
1055
1542
721
1763
498
1121
196
1864
730
1364
1135
657
532
461
1368
1201
327
1553
1279
295
1921
347
235
457
1852
700
900
1389
43
781
414
1739
1990
900
1896
513
1212
589
260
1980
1156
1047
777
425
306
1524
1395
1569
686
750
252
25
506
998
362
617
141
876
1950
1917
1175
1437
1398
839
742
718
259
1621
1848
265
340
1072
932
1788
1284
388
355
500
1650
409
53
239
944
1650
1066
1994
571
955
160
1898
185
1101
1265
1289
399
226
1951
1947
1318
390
1645
88
888
1147
830
1204
1487
444
926
367
1780
1700
0
11
1 26 45 49 73 80 105 151 240 314 363
1824
1643
702
83
1289
698
366
1019
372
655
1636
614
1653
1068
999
398
1795
1761
1712
832
1466
1368
869
500
657
756
883
1406
580
1420
1868
750
1894
1463
1876
1
1458
234
473
621
328
1219
1598
291
241
1306
210
1961
273
974
1655
599
1918
538
1246
944
1288
25
14
153
1651
775
1101
1638
51
1369
1772
977
194
975
493
1211
347
1690
1068
1401
1455
6
294
754
1196
1954
99
1198
191
1058
1630
1724
1097
650
1279
347
1797
690
1088
28
398
1637
519
1414
260
499
1060
1713
1790
632
1621
1574
199
1405
1206
298
938
306
1813
238
1063
582
1047
1717
1212
26
398
320
1432
986
1673
897
572
200
529
1122
1453
1538
591
1955
554
1265
117
846
1398
1903
1683
26
1398
1289
1853
730
348
1921
303
704
1292
201
367
813
1000
1638
1483
1128
1740
646
495
1316
603
1982
1281
672
1062
1469
692
1658
16
55
1241
1271
13
1820
1551
1094
889
1044
1985
1374
1529
1880
1465
970
977
777
1926
1512
603
219
1391
618
1567
878
1111
1505
272
1778
766
861
1042
566
180
1280
1744
474
523
1153
562
1075
464
1320
647
427
1252
343
1871
691
1192
745
1390
1821
474
1055
1236
426
1838
1003
1671
1381
1040
1706
1501
306
1578
1199
1090
1477
664
141
271
293
1888
1045
1896
1859
572
890
222
1824
252
1428
1862
11
1280
64
1533
1984
1004
619
1280
125
1497
1857
448
295
1298
87
76
717
152
692
1954
134
190
1954
1064
853
1544
974
598
777
855
72
1314
999
1626
482
1408
69
1931
712
1647
512
1399
1380
967
1712
1981
901
261
1735
1445
852
581
1190
1080
361
466
736
1575
1366
1601
306
1536
1088
567
658
1614
559
848
349
1722
551
1857
1701
1293
748
176
1892
1051
513
734
1728
1284
71
151
1212
56
1486
948
1497
1350
1243
1864
1323
1608
800
1978
513
1622
1946
867
1650
1262
306
1521
1508
1003
842
1222
327
713
1694
117
1552
690
1204
1693
1104
390
1453
1891
1780
835
187
52
898
1168
1434
1433
1746
314
1703
1512
1959
1217
1056
784
404
1636
945
1286
663
1952
1128
561
1717
965
515
1271
927
1138
1296
1205
884
1277
187
858
257
1092
1125
350
1196
632
297
1860
414
33
789
321
1517
1581
753
1578
703
538
1398
1749
390
1694
1670
1979
1898
1140
953
1329
765
1205
1637
1009
781
1038
1911
1677
1358
1799
1597
22
1308
1938
393
1338
631
509
361
1340
407
1017
999
898
1392
741
1747
1941
392
1014
1267
1237
34
432
1342
1262
8
1445
1740
1895
384
1324
883
1135
96
943
1667
1574
185
1369
276
1845
1891
720
331
752
204
252
1226
314
1938
1160
1990
432
1959
47
507
408
1630
1533
463
1017
79
991
839
1374
1384
837
1315
1299
1276
394
1407
398
1429
1756
1696
1588
1961
655
1994
1283
1223
1758
1778
950
468
422
747
1264
1501
1305
1837
583
1908
870
1555
1941
939
1194
948
1313
1657
1097
1073
334
1447
1021
1309
1215
1455
658
1346
69
90
774
197
1355
138
1213
82
684
1625
1543
1530
1668
992
1308
529
1070
1679
1366
1080
948
1738
273
996
1020
531
187
1287
972
1135
1252
1980
919
1535
1948
1711
747
208
1356
938
1549
167
1812
1111
878
106
938
663
26
1682
488
1135
67
583
1998
1306
1855
1421
1707
1653
1730
1103
1708
5
1116
1717
809
1701
753
570
1065
149
774
1443
457
59
348
1681
671
267
1106
183
1475
1442
1062
1912
1629
539
268
1016
819
340
1892
1121
1578
929
973
1944
661
448
1533
1774
1840
952
1302
1931
604
1754
1747
1807
1699
1056
1637
1567
1025
1236
862
106
1804
1637
1718
368
1540
1181
1391
606
697
1675
1831
686
591
1137
1778
1027
459
994
112
262
161
1490
274
231
1498
153
1979
1383
1616
659
922
197
445
1949
1700
686
669
1921
1690
629
1178
566
68
1565
1469
1866
712
190
983
327
209
1223
1818
461
658
351
1823
84
1523
333
1507
757
1230
1873
750
1229
1736
1338
1785
211
1787
1921
1418
1334
1086
1362
1946
1634
88
1781
752
1407
634
1758
1046
1769
1161
1224
712
784
689
274
740
1484
306
1485
1202
1638
1379
1844
1250
1603
208
868
96
1115
1326
13
453
350
190
976
391
1099
455
969
96
424
1576
1566
481
1595
931
221
1135
1702
1200
34
1565
1743
217
1885
205
1560
1011
1510
169
455
255
610
1201
824
1833
1604
1801
674
775
111
1999
1339
1228
1746
1730
1263
733
343
298
1176
1494
1176
883
518
1865
1294
575
1451
1787
1547
878
1302
372
1402
186
777
368
154
172
1806
726
597
573
1336
971
1790
1340
1940
1610
1969
1610
579
1301
1230
1483
1342
1972
64
1063
550
1655
332
1742
1013
1208
1795
1181
836
1670
1767
1965
581
1471
1996
412
1142
1191
1380
474
1188
110
1581
241
1488
1265
1166
971
2
218
338
1157
35
1269
875
567
350
1326
350
1744
532
153
245
932
1485
208
36
891
1391
1806
1855
573
1969
1808
820
1134
392
562
612
237
688
313
424
1124
995
812
1843
1434
1482
321
783
1213
302
754
42
101
1415
160
595
170
623
266
211
1362
658
1316
480
1020
678
898
1850
1448
1999
1998
778
12
422
1996
1560
710
1983
815
1969
706
1492
948
271
1781
1672
585
1712
1186
1283
1550
1097
848
1032
274
513
407
647
513
1823
58
942
1049
19
1651
1216
71
5
1040
837
465
1938
1122
353
737
699
1564
1965
773
1581
1662
1724
171
822
1316
275
1351
27
1586
1501
174
127
796
925
1267
918
652
182
1810
813
1351
429
1959
1877
1145
41
658
0
18
1 2 3 4 5 6 7 8 9 10 250 295 320 333 336 337 419 1000
491
403
408
31
1525
1275
853
553
1015
128
1236
619
1774
511
216
1517
1748
1135
1779
889
1122
297
1755
1135
1713
1714
1392
1213
1370
1390
1998
1690
585
1559
1091
1381
1053
341
1035
410
383
188
1639
1057
1686
712
671
224
1270
1989
767
1849
132
943
1705
154
1496
1885
1506
1009
1100
826
332
1325
1449
1627
1657
757
1766
614
1669
605
1842
714
381
1231
521
749
410
1858
22
1934
1908
1062
1836
220
599
841
399
1532
388
1569
1266
1539
537
1707
1012
5
1842
590
567
354
807
1150
208
1517
1265
1923
938
1670
1427
161
1449
1945
830
411
403
715
128
1412
250
1545
1234
628
1295
409
1750
279
1235
246
164
1214
1886
1478
783
1466
1321
1564
1880
822
130
1184
1005
1275
1028
1155
1938
1685
1530
674
267
1490
1907
1970
1024
826
1143
968
394
888
110
59
1920
875
1691
1560
213
376
59
980
1597
520
1817
1650
1701
1754
266
851
425
582
449
1998
1272
103
1263
9
517
1712
1297
1408
167
1789
1658
1310
1191
1720
1477
1829
1990
112
325
1044
1563
520
256
88
1359
556
702
476
259
702
1920
246
1679
1683
1237
19
253
1739
778
575
52
1644
1936
23
838
1806
271
1170
1295
311
1057
192
712
1227
230
172
1100
1043
1906
1632
192
1556
239
628
309
74
1782
1515
555
269
1135
1971
313
1519
1030
374
504
1094
631
125
1585
17
225
17
1755
1956
1054
233
1329
987
1480
75
1757
557
1225
17
258
521
1884
1168
1525
1565
451
1755
494
888
1055
699
610
1451
646
891
601
1679
827
1267
1187
927
577
1257
1731
564
1056
1717
1269
1027
237
937
907
1676
1557
806
1049
803
1338
744
1420
1630
161
1489
364
653
1937
0
14
1 2 4 6 8 10 12 14 16 18 20 22 24 26
160
1572
1919
1600
1848
1409
792
60
942
407
1201
33
526
1391
1749
379
1658
933
1173
1706
1491
822
97
999
1765
1427
202
1352
901
1035
1295
1187
1411
1760
1237
1758
836
1119
201
321
937
872
1223
785
361
1209
1535
215
491
886
1617
3
709
405
1469
1071
1781
1828
47
949
592
1317
344
1052
1941
996
1086
1023
1627
1231
505
1478
1529
925
157
988
1907
1901
1269
1656
650
5
559
118
1673
1971
1019
1325
1198
1704
1619
947
1126
13
409
731
1229
430
1970
1671
366
197
712
329
1459
4
1953
146
1440
586
1282
100
1882
769
1145
1532
539
52
145
511
519
1323
1010
1554
295
1816
1709
1078
287
871
677
1387
220
1625
1613
576
1993
206
1843
169
1263
534
684
853
1463
1315
802
1135
495
331
29
285
780
1609
1591
1385
1917
1578
1248
852
1656
782
275
1263
1394
279
1782
831
934
284
343
1374
1710
1173
1368
1125
203
1433
1240
1220
1759
1652
1632
1212
1546
145
19
1458
1845
304
808
716
1412
283
113
1794
1122
81
1571
610
613
1647
1244
486
1151
90
8
37
440
573
448
1486
1580
15
1701
761
915
1164
226
1202
1960
1158
953
1242
1160
1149
1820
884
1670
106
1114
335
1891
360
1623
633
1981
1023
57
610
45
1837
697
1040
241
574
761
1307
1515
1563
1429
449
177
1458
1029
908
36
814
1311
1842
334
588
328
1335
167
1144
1839
1351
633
1871
1752
1775
421
1987
541
394
1052
1639
1115
133
508
890
129
1437
440
681
1162
97
707
367
779
1384
1441
916
909
1845
1361
1378
1529
583
1564
689
113
372
500
1440
812
1466
359
680
854
1426
1582
1351
102
812
726
457
260
1097
1373
550
695
1631
352
1637
335
1008
1934
1094
1613
677
1269
1683
934
1139
748
268
626
1582
1534
319
1845
282
963
1808
409
1626
1042
575
13
107
1764
1766
1817
113
1456
453
1866
870
873
984
292
0
4
1 182 199 305
1160
200
1379
1474
985
337
1740
700
1401
1780
1392
1336
1427
978
890
1228
1142
74
1183
1761
176
220
544
384
1695
394
1047
875
1120
1827
1064
1695
1264
623
748
1278
148
1669
1968
1588
184
1440
674
1806
1952
1766
144
468
299
1184
109
918
962
953
1189
1412
454
1326
643
1707
407
177
1876
501
117
577
693
538
1492
410
1743
760
1126
1621
1157
1307
718
1198
1807
1742
1558
470
195
1331
1301
1824
406
720
1729
439
1124
858
746
1105
158
1512
310
761
1452
205
518
1806
60
934
576
1808
1029
515
1856
1684
695
872
777
954
1321
153
1708
1160
578
1979
635
1049
1816
706
787
1604
1613
1004
1962
1529
1549
633
1754
264
1691
1736
1411
146
1755
513
1531
1795
402
1584
1340
1321
1650
1940
1729
443
1871
1770
815
1126
1326
39
1208
822
728
1157
728
892
1784
1585
766
1344
1196
1699
1042
1433
85
789
1939
257
1305
1513
166
1908
1625
663
1941
312
233
1577
445
1300
1543
46
721
60
771
59
1788
516
1242
233
145
1763
910
261
1410
1126
45
1239
1305
1948
562
198
1702
713
1969
1690
1955
564
1391
1791
232
853
1636
328
68
778
1788
1700
1859
1724
1287
1147
1516
1398
953
1765
988
1336
946
166
1887
1910
112
1084
1931
1383
1690
1801
411
150
857
1711
1413
1725
57
887
20
593
613
1982
1186
1496
1567
312
1535
1275
1225
1463
778
833
1381
276
1973
0
14
1 5 10 15 20 25 30 35 40 45 50 55 60 65
1277
854
710
1546
468
8
1114
1891
1583
1407
1512
317
1040
1221
682
1885
1573
1753
779
42
1211
687
1415
363
914
1649
388
1569
472
89
894
993
759
904
1593
249
930
819
346
1300
1664
963
976
1669
38
1622
907
1972
132
1630
11
1539
1951
1380
1506
298
1776
903
271
1676
1507
1009
381
1716
1122
1936
253
131
831
490
209
1513
16
1135
1822
1433
565
1018
876
619
673
1370
291
962
1726
284
1855
1547
1344
314
112
1442
186
873
228
452
609
1906
211
1566
1774
1792
309
1312
295
950
928
738
13
1126
921
239
1016
818
596
1946
467
1810
272
1909
349
296
1740
762
1728
537
470
129
1615
1550
898
455
1022
1778
1658
507
1310
1213
75
1242
432
944
1783
1275
1137
600
1811
1660
1762
653
1971
212
681
1049
1890
62
14
141
1549
1706
697
385
1652
231
1489
1782
676
1943
1032
512
1951
1138
529
750
606
206
1167
125
727
803
858
1784
1575
313
1385
549
204
297
1574
1102
316
179
561
710
1714
1859
1750
1419
1186
1494
583
1216
152
1147
1664
106
941
1537
1394
1581
38
1604
655
462
1112
1103
664
557
1228
956
1601
124
23
568
75
1603
236
1835
35
584
421
68
242
1475
1176
524
1857
1851
748
1809
263
1939
346
1824
1709
222
17
505
1875
613
418
59
1941
1187
331
1928
260
927
271
187
226
1456
1017
1599
1447
1221
433
1053
1782
111
388
1592
372
952
160
758
236
883
1128
1471
1534
40
132
156
1097
1555
1308
1346
295
1324
780
472
1867
493
1019
1058
790
167
234
1050
770
288
633
1486
480
1152
1894
1228
104
543
695
1984
1311
1938
1637
328
227
1774
1428
1937
1514
218
634
1778
157
434
1875
443
20
1804
1799
1363
808
1067
660
125
1497
1852
1872
1591
840
1584
369
1062
33
1196
1107
190
1145
1668
1570
851
1410
1812
605
730
1948
303
445
787
41
1410
1255
1371
539
416
51
172
496
1150
319
1731
1627
667
1210
750
1681
478
1619
1883
326
347
1019
1267
1629
1094
1373
1477
1752
1399
987
151
915
42
1633
983
1262
1581
794
322
699
1921
1368
1068
1302
736
1683
126
1397
231
1160
87
894
196
1468
395
1974
1830
1526
1703
1735
1308
1172
1628
1859
535
871
641
934
1093
1286
1301
1488
1823
1061
550
362
1014
1661
1299
1476
682
620
5
635
885
1016
1477
407
571
1556
624
1720
1895
75
1344
1248
1509
1814
1317
167
762
328
1867
404
1295
1341
658
956
1009
422
1409
1370
1842
1795
1376
1988
1367
167
1787
1040
644
1863
983
1188
1306
176
455
612
1365
213
514
228
1678
1127
809
1137
1559
64
1401
892
505
649
629
1687
1501
1393
471
52
1874
1830
630
149
161
753
1060
1272
1967
1364
1147
636
284
723
268
1043
216
1298
947
1539
615
985
325
1634
1572
433
161
192
1232
1021
88
576
1918
1326
1339
159
14
436
661
765
590
932
639
1162
228
910
1144
1192
28
861
1133
1617
1247
1771
502
303
559
1272
239
1803
388
1196
1560
1971
295
376
1283
1657
1877
1030
1128
115
161
1579
1181
1191
941
1241
242
1912
50
243
248
1534
1018
1992
538
1672
96
68
129
601
103
1340
751
1303
1079
1109
1860
1384
206
560
1329
1425
1954
1413
55
877
1948
1094
1187
1098
499
275
1207
1608
275
1127
569
177
1095
1130
127
1815
1292
1784
54
292
1629
63
500
238
235
957
1669
458
1520
1945
1571
1531
557
750
141
1297
872
198
954
316
144
557
263
1903
750
175
1560
1837
654
1761
395
1316
584
179
662
1269
1982
56
0
0
