1000 1499
572 153
153 216
216 832
832 515
515 330
330 968
968 181
181 611
611 691
691 930
930 217
217 775
775 250
250 346
346 543
543 836
836 98
98 173
173 82
82 9
9 479
479 926
926 257
257 505
505 544
544 568
568 412
412 876
876 564
564 269
269 567
567 726
726 374
374 423
423 331
331 448
448 945
945 662
662 451
451 613
613 255
255 551
551 953
953 194
194 380
380 523
523 867
867 894
894 588
588 650
650 296
296 956
956 387
387 201
201 497
497 587
587 465
465 772
772 400
400 481
481 925
925 880
880 865
865 118
118 46
46 480
480 601
601 166
166 260
260 748
748 582
582 988
988 661
661 784
784 69
69 295
295 411
411 889
889 326
326 102
102 73
73 81
81 491
491 537
537 541
541 66
66 94
94 6
6 59
59 168
168 946
946 757
757 702
702 228
228 774
774 967
967 756
756 139
139 30
30 549
549 459
459 403
403 151
151 123
123 205
205 698
698 467
467 637
637 630
630 717
717 980
980 710
710 816
816 809
809 418
418 487
487 496
496 910
910 19
19 109
109 137
137 190
190 124
124 972
972 24
24 805
805 770
770 656
656 435
435 936
936 709
709 70
70 799
799 965
965 571
571 86
86 300
300 405
405 95
95 575
575 529
529 113
113 142
142 132
132 339
339 500
500 455
455 820
820 108
108 854
854 430
430 315
315 456
456 135
135 249
249 849
849 220
220 218
218 986
986 489
489 607
607 993
993 483
483 825
825 687
687 157
157 532
532 949
949 678
678 974
974 114
114 351
351 847
847 394
394 891
891 621
621 736
736 707
707 992
992 966
966 14
14 263
263 646
646 305
305 214
214 612
612 436
436 50
50 629
629 814
814 826
826 943
943 762
762 172
172 232
232 134
134 701
701 878
878 995
995 959
959 27
27 725
725 5
5 654
654 238
238 952
952 420
420 683
683 140
140 460
460 443
443 545
545 248
248 285
285 116
116 463
463 274
274 681
681 552
552 325
325 215
215 875
875 834
834 842
842 810
810 457
457 793
793 595
595 735
735 83
83 398
398 906
906 680
680 746
746 236
236 690
690 262
262 591
591 110
110 112
112 858
858 38
38 833
833 510
510 427
427 913
913 464
464 213
213 23
23 211
211 136
136 964
964 115
115 619
619 963
963 881
881 494
494 797
797 506
506 355
355 501
501 752
752 812
812 239
239 769
769 609
609 714
714 803
803 720
720 853
853 917
917 246
246 439
439 626
626 569
569 861
861 631
631 445
445 686
686 851
851 655
655 850
850 615
615 227
227 384
384 21
21 67
67 138
138 909
909 884
884 514
514 939
939 738
738 604
604 962
962 940
940 798
798 122
122 291
291 348
348 642
642 918
918 791
791 666
666 106
106 668
668 321
321 375
375 721
721 859
859 233
233 336
336 200
200 536
536 848
848 158
158 103
103 45
45 74
74 984
984 830
830 107
107 546
546 845
845 509
509 708
708 421
421 162
162 843
843 696
696 169
169 950
950 554
554 628
628 938
938 581
581 303
303 606
606 477
477 934
934 685
685 779
779 272
272 43
43 182
182 234
234 502
502 785
785 896
896 695
695 905
905 382
382 727
727 189
189 973
973 519
519 366
366 641
641 454
454 105
105 282
282 87
87 223
223 555
555 796
796 20
20 453
453 130
130 407
407 740
740 309
309 53
53 310
310 750
750 207
207 187
187 520
520 562
562 96
96 42
42 386
386 159
159 987
987 265
265 927
927 76
76 899
899 299
299 350
350 787
787 944
944 844
844 404
404 824
824 960
960 583
583 688
688 593
593 892
892 192
192 897
897 860
860 504
504 831
831 381
381 461
461 370
370 145
145 970
970 811
811 771
771 247
247 657
657 313
313 120
120 37
37 308
308 597
597 862
862 706
706 868
868 334
334 34
34 924
924 33
33 89
89 472
472 432
432 55
55 596
596 768
768 155
155 322
322 93
93 888
888 780
780 492
492 837
837 244
244 614
614 724
724 444
444 177
177 64
64 890
890 229
229 808
808 915
915 863
863 446
446 485
485 659
659 530
530 729
729 786
786 660
660 371
371 838
838 871
871 508
508 741
741 677
677 722
722 148
148 362
362 864
864 747
747 349
349 739
739 359
359 41
41 462
462 111
111 266
266 971
971 538
538 737
737 594
594 585
585 469
469 869
869 983
983 17
17 165
165 998
998 882
882 392
392 503
503 903
903 841
841 670
670 402
402 417
417 54
54 781
781 777
777 395
395 731
731 765
765 452
452 570
570 409
409 235
235 511
511 4
4 672
672 516
516 240
240 671
671 634
634 258
258 15
15 251
251 602
602 361
361 981
981 573
573 658
658 333
333 997
997 29
29 935
935 40
40 78
78 237
237 758
758 550
550 410
410 221
221 56
56 183
183 975
975 991
991 176
176 147
147 13
13 887
887 673
673 337
337 128
128 667
667 79
79 294
294 440
440 49
49 256
256 373
373 829
829 978
978 270
270 286
286 312
312 393
393 61
61 68
68 857
857 840
840 219
219 563
563 923
923 745
745 36
36 499
499 180
180 977
977 639
639 911
911 47
47 376
376 801
801 682
682 100
100 284
284 495
495 104
104 149
149 152
152 883
883 649
649 365
365 540
540 174
174 471
471 414
414 416
416 954
954 652
652 363
363 999
999 429
429 818
818 288
288 32
32 327
327 311
311 352
352 817
817 8
8 144
144 475
475 907
907 16
16 633
633 226
226 319
319 749
749 904
904 766
766 10
10 389
389 902
902 320
320 795
795 259
259 663
663 171
171 539
539 101
101 586
586 928
928 498
498 428
428 753
753 230
230 728
728 705
705 548
548 976
976 476
476 898
898 679
679 813
813 484
484 579
579 271
271 592
592 827
827 141
141 623
623 210
210 185
185 969
969 121
121 664
664 178
178 979
979 197
197 513
513 175
175 723
723 732
732 608
608 719
719 767
767 478
478 422
422 399
399 694
694 156
156 80
80 72
72 895
895 942
942 636
636 261
261 65
65 129
129 342
342 522
522 700
700 618
618 25
25 466
466 388
388 224
224 507
507 133
133 406
406 85
85 584
584 62
62 794
794 206
206 916
916 565
565 341
341 693
693 408
408 941
941 344
344 877
877 314
314 307
307 191
191 245
245 957
957 828
828 716
716 212
212 620
620 627
627 730
730 835
835 364
364 704
704 982
982 819
819 283
283 776
776 931
931 922
922 929
929 653
653 560
560 58
58 616
616 815
815 789
789 88
88 401
401 302
302 684
684 900
900 553
553 644
644 490
490 143
143 208
208 804
804 482
482 603
603 474
474 751
751 744
744 28
28 589
589 22
22 324
324 598
598 97
97 651
651 35
35 99
99 886
886 317
317 872
872 356
356 39
39 782
782 576
576 431
431 643
643 542
542 697
697 419
419 323
323 184
184 807
807 699
699 531
531 77
77 92
92 468
468 526
526 524
524 821
821 304
304 161
161 788
788 648
648 368
368 855
855 933
933 914
914 822
822 792
792 742
742 360
360 866
866 566
566 347
347 912
912 268
268 203
203 450
450 209
209 947
947 561
561 125
125 242
242 547
547 802
802 196
196 527
527 610
610 179
179 277
277 703
703 856
856 755
755 783
783 267
267 63
63 557
557 199
199 383
383 617
617 343
343 397
397 488
488 449
449 378
378 996
996 127
127 669
669 759
759 198
198 764
764 948
948 338
338 713
713 985
985 290
290 528
528 874
874 335
335 390
390 146
146 298
298 574
574 433
433 369
369 559
559 493
493 91
91 534
534 90
90 447
447 231
231 556
556 297
297 154
154 357
357 920
920 919
919 188
188 760
760 275
275 160
160 535
535 958
958 44
44 273
273 164
164 675
675 893
893 951
951 638
638 131
131 2
2 434
434 743
743 625
625 632
632 778
778 51
51 372
372 773
773 754
754 332
332 264
264 293
293 12
12 734
734 763
763 425
425 367
367 790
790 222
222 318
318 340
340 512
512 761
761 1000
1000 733
733 839
839 225
225 280
280 689
689 52
52 458
458 599
599 195
195 167
167 163
163 391
391 605
605 150
150 60
60 241
241 932
932 846
846 377
377 525
525 385
385 712
712 665
665 204
204 119
119 254
254 202
202 870
870 955
955 578
578 823
823 624
624 994
994 692
692 26
26 126
126 170
170 329
329 645
645 852
852 353
353 521
521 306
306 533
533 252
252 57
57 1
1 193
193 276
276 885
885 600
600 622
622 577
577 990
990 558
558 292
292 358
358 715
715 989
989 901
901 711
711 75
75 518
518 11
11 676
676 413
413 31
31 426
426 379
379 590
590 441
441 186
186 879
879 281
281 580
580 635
635 316
316 289
289 287
287 48
48 647
647 908
908 354
354 424
424 473
473 301
301 243
243 800
800 640
640 278
278 84
84 921
921 486
486 253
253 396
396 328
328 718
718 806
806 438
438 117
117 279
279 470
470 437
437 415
415 873
873 674
674 71
71 3
3 961
961 7
7 517
517 345
345 442
442 18
18 937
937 572
572 216
832 330
968 611
691 217
775 346
543 98
173 9
479 257
505 568
412 564
269 726
374 331
448 662
451 255
551 194
380 867
894 650
296 387
201 587
465 400
481 880
865 46
480 166
260 582
988 784
69 411
889 102
73 491
537 66
94 59
168 757
702 774
967 139
30 459
403 123
205 467
637 717
980 816
809 487
496 19
109 190
124 24
805 656
435 709
70 965
571 300
405 575
529 142
132 500
455 108
854 315
456 249
849 218
986 607
993 825
687 532
949 974
114 847
394 621
736 992
966 263
646 214
612 50
629 826
943 172
232 701
878 959
27 5
654 952
420 140
460 545
248 116
463 681
552 215
875 842
810 793
595 83
398 680
746 690
262 110
112 38
833 427
913 213
23 136
964 619
963 494
797 355
501 812
239 609
714 720
853 246
439 569
861 445
686 655
850 227
384 67
138 884
514 738
604 940
798 291
348 918
791 106
668 375
721 233
336 536
848 103
45 984
830 546
845 708
421 843
696 950
554 938
581 606
477 685
779 43
182 502
785 695
905 727
189 519
366 454
105 87
223 796
20 130
407 309
53 750
207 520
562 42
386 987
265 76
899 350
787 844
404 960
583 593
892 897
860 831
381 370
145 811
771 657
313 37
308 862
706 334
34 33
89 432
55 768
155 93
888 492
837 614
724 177
64 229
808 863
446 659
530 786
660 838
871 741
677 148
362 747
349 359
41 111
266 538
737 585
469 983
17 998
882 503
903 670
402 54
781 395
731 452
570 235
511 672
516 671
634 15
251 361
981 658
333 29
935 78
237 550
410 56
183 991
176 13
887 337
128 79
294 49
256 829
978 286
312 61
68 840
219 923
745 499
180 639
911 376
801 100
284 104
149 883
649 540
174 414
416 652
363 429
818 32
327 352
817 144
475 16
633 319
749 766
10 902
320 259
663 539
101 928
498 753
230 705
548 476
898 813
484 271
592 141
623 185
969 664
178 197
513 723
732 719
767 422
399 156
80 895
942 261
65 342
522 618
25 388
224 133
406 584
62 206
916 341
693 941
344 314
307 245
957 716
212 627
730 364
704 819
283 931
922 653
560 616
815 88
401 684
900 644
490 208
804 603
474 744
28 22
324 97
651 99
886 872
356 782
576 643
542 419
323 807
699 77
92 526
524 304
161 648
368 933
914 792
742 866
566 912
268 450
209 561
125 547
802 527
610 277
703 755
783 63
557 383
617 397
488 378
996 669
759 764
948 713
985 528
874 390
146 574
433 559
493 534
90 231
556 154
357 919
188 275
160 958
44 164
675 951
638 2
434 625
632 51
372 754
332 293
12 763
425 790
222 340
512 1000
733 225
280 52
458 195
167 391
605 60
241 846
377 385
712 204
119 202
870 578
823 994
692 126
170 645
852 521
306 252
57 193
276 600
622 990
558 358
715 901
711 518
11 413
31 379
590 186
879 580
635 289
287 647
908 424
473 243
800 278
84 486
253 328
718 438
117 470
437 873
674 3
961 517
345 18
153 515
181 930
250 836
82 926
544 876
567 423
945 613
953 523
588 956
497 772
925 118
601 748
661 295
326 81
541 6
946 228
756 549
151 698
630 710
418 910
137 972
770 936
799 86
95 113
339 820
430 135
220 489
483 157
678 351
891 707
14 305
436 814
762 134
995 725
238 683
443 285
274 325
834 457
735 906
236 591
858 510
464 211
115 881
506 752
769 803
917 626
631 851
615 21
909 939
962 122
642 666
321 859
200 158
74 107
509 162
169 628
303 934
272 234
896 382
973 641
282 555
453 740
310 187
96 159
927 299
944 824
688 192
504 461
970 247
120 597
868 924
472 596
322 780
244 444
890 915
485 729
371 508
722 864
739 462
971 594
869 165
392 841
417 777
765 409
4 240
258 602
573 997
40 758
221 975
147 673
667 440
373 270
393 857
563 36
977 47
682 495
152 365
471 954
999 288
311 8
907 226
904 389
795 171
586 428
728 976
679 579
827 210
121 979
175 608
478 694
72 636
129 700
466 507
85 794
565 408
877 191
828 620
835 982
776 929
58 789
302 553
143 482
751 589
598 35
317 39
431 697
184 531
468 821
788 855
822 360
347 203
947 242
196 179
856 267
199 343
449 127
198 338
290 335
298 369
91 447
297 920
760 535
273 893
131 743
778 773
264 734
367 318
761 839
689 599
163 150
932 525
665 254
955 624
26 329
353 533
1 885
577 292
989 75
676 426
441 281
316 48
354 301
640 921
396 806
279 415
71 7
