1000 1499
884 194
302 631
378 724
193 37
866 969
100 235
451 304
937 746
268 752
301 727
651 506
521 366
64 264
759 614
709 984
238 500
5 925
879 484
328 78
889 615
719 350
113 458
446 100
182 24
624 911
761 206
297 672
441 429
651 362
81 521
297 128
627 28
779 519
725 458
737 988
670 190
392 16
474 36
286 480
121 682
432 106
291 501
311 135
105 465
380 544
688 151
11 444
596 55
41 514
402 728
352 568
998 438
143 633
388 366
833 124
46 555
750 7
117 106
46 23
12 348
487 360
198 972
63 374
226 363
575 211
297 609
625 453
910 927
684 132
387 486
151 734
328 872
591 49
291 658
553 974
240 838
659 623
557 92
871 373
677 125
120 680
627 558
712 791
24 114
179 711
331 75
509 23
415 250
920 434
693 933
590 145
444 590
37 415
41 261
53 916
187 903
368 753
434 169
469 245
533 347
245 832
411 452
378 722
833 699
655 127
32 848
614 208
858 147
216 79
251 867
433 489
71 653
964 31
593 182
458 995
211 867
953 225
142 576
432 577
188 617
667 862
843 459
790 350
294 944
241 229
120 941
36 597
724 717
505 878
804 473
942 737
409 803
828 881
370 49
548 350
163 794
781 136
491 966
981 275
142 305
615 739
907 154
92 760
617 833
544 426
595 62
890 680
55 175
846 63
268 111
806 817
518 410
776 212
170 707
758 200
370 446
290 754
198 817
31 511
301 125
583 570
323 106
971 552
658 894
436 294
337 644
491 772
93 38
381 121
900 161
392 860
525 475
673 680
909 882
489 403
403 111
81 973
173 907
558 594
301 762
483 365
407 170
89 22
806 639
281 656
530 949
858 506
730 387
624 193
283 941
305 1000
631 696
448 62
158 903
728 565
650 471
322 334
635 853
289 393
652 565
112 378
737 831
834 901
688 70
456 230
893 229
520 886
769 179
48 30
120 677
945 605
744 522
508 495
986 724
704 559
466 614
26 708
701 329
681 303
934 997
638 618
197 837
727 949
640 900
6 635
989 517
838 542
273 870
114 755
885 454
732 622
544 584
566 754
277 964
746 624
326 926
303 984
166 206
477 582
50 358
230 928
755 173
769 77
452 702
112 678
865 756
14 756
150 981
780 982
159 869
773 402
17 324
659 854
177 628
696 578
380 931
595 736
190 608
769 827
24 107
6 241
857 144
864 432
9 346
340 439
704 712
603 747
303 493
844 718
407 359
537 82
224 956
653 207
896 207
638 157
695 986
182 751
263 5
98 115
316 23
837 464
490 760
448 95
242 94
34 829
984 420
982 377
875 282
538 375
928 620
501 75
373 259
105 904
439 494
363 409
968 872
443 288
550 548
849 525
94 803
481 827
992 598
842 887
333 279
959 168
793 763
814 227
170 858
316 787
694 530
133 58
563 268
907 35
369 874
675 753
321 310
518 745
466 446
753 178
298 827
205 403
455 819
358 901
401 732
437 877
290 800
709 949
406 101
557 716
883 802
121 137
591 324
553 5
394 281
183 957
176 326
142 787
326 233
244 27
584 847
165 41
222 108
503 776
299 234
484 662
713 678
773 565
75 421
718 188
425 69
215 919
274 719
912 173
278 540
318 608
630 701
562 217
616 384
17 50
304 13
939 774
649 196
333 17
602 502
805 348
448 288
621 255
127 549
891 733
630 21
40 345
720 37
997 859
570 849
777 826
366 702
919 925
87 381
665 383
880 245
440 275
140 85
987 6
68 512
155 526
683 713
107 562
923 657
801 205
517 118
535 830
607 594
782 663
393 981
517 842
371 148
57 719
912 34
300 547
863 484
274 226
233 867
159 79
528 918
438 319
520 794
118 813
513 578
171 8
391 706
638 116
999 71
53 931
655 766
119 879
843 717
226 109
546 344
199 85
197 518
11 581
516 643
962 329
864 559
658 93
262 764
296 973
264 569
264 436
177 568
231 729
908 342
60 844
299 241
573 948
815 302
523 177
262 157
269 523
242 70
674 689
370 244
310 252
895 451
533 212
128 278
929 255
272 625
716 39
345 372
503 835
645 496
302 97
113 781
228 108
491 329
486 134
34 791
968 571
985 821
876 348
954 876
427 580
60 855
117 747
216 967
962 553
849 636
288 375
318 783
63 595
12 490
141 526
415 524
857 42
695 474
621 273
459 969
795 725
652 401
657 379
910 902
550 387
739 408
905 430
937 608
430 86
379 566
649 741
519 924
284 39
715 444
270 670
190 369
400 325
628 616
631 856
865 251
295 86
908 795
910 147
214 42
242 897
389 842
963 580
592 896
856 274
958 278
896 437
777 179
807 435
246 47
995 814
261 401
472 305
132 247
322 367
101 352
846 607
427 808
236 532
727 418
1 166
487 155
917 570
996 914
633 65
604 413
354 508
523 78
806 229
641 299
430 677
196 996
622 1
340 372
85 974
541 848
558 92
918 706
661 825
404 381
389 908
429 534
126 653
426 731
483 742
684 567
894 422
508 174
951 385
974 795
295 200
362 671
983 774
3 20
946 720
88 239
767 749
293 103
146 176
354 276
431 663
951 535
927 212
428 501
298 992
48 651
526 637
323 991
788 80
488 425
594 223
217 422
746 810
331 47
543 147
615 999
492 462
363 434
73 449
431 11
311 296
327 652
225 661
296 571
790 157
198 307
69 356
486 304
903 111
808 815
379 900
916 166
162 623
371 647
855 916
552 43
607 19
116 358
333 287
955 567
266 385
66 986
855 220
786 809
488 64
816 131
734 200
915 511
463 597
921 30
405 589
21 876
871 154
335 888
328 841
879 204
461 958
648 146
206 292
488 845
959 261
682 679
954 269
251 933
144 138
757 44
539 7
61 930
560 917
536 26
209 323
826 853
109 10
947 656
929 250
237 287
239 365
223 989
104 882
915 606
68 8
560 616
890 717
937 566
259 180
814 265
689 891
632 889
691 341
244 515
452 203
633 996
660 355
749 702
559 509
824 690
32 870
216 568
930 483
812 819
664 136
993 324
262 854
52 137
687 669
820 308
859 437
925 76
314 712
936 531
682 441
260 675
552 265
828 846
139 118
250 799
882 691
433 476
944 637
710 407
693 786
237 342
969 152
496 639
921 455
159 547
480 679
469 167
596 639
623 125
921 165
337 359
713 979
755 230
494 127
913 371
621 277
800 895
390 398
478 995
934 317
852 409
645 674
189 745
982 533
315 331
32 546
116 807
83 839
282 947
874 411
320 838
750 564
826 279
541 790
610 167
314 571
988 423
738 818
114 153
930 776
417 913
295 211
514 320
515 13
970 543
847 335
647 86
519 567
96 522
877 357
490 756
71 728
610 768
69 861
957 466
50 172
878 137
729 76
219 839
321 740
674 330
332 636
939 60
309 164
364 362
649 500
853 84
356 768
704 51
247 859
579 821
945 307
482 454
389 662
380 715
332 892
978 904
210 948
574 442
413 864
555 820
515 709
960 822
273 55
499 144
926 632
335 15
917 597
397 368
478 672
630 899
586 670
393 975
253 394
640 761
8 605
531 872
953 312
67 349
240 443
154 228
782 480
665 369
233 357
534 481
183 56
368 823
762 743
146 330
699 124
39 254
186 762
564 199
493 87
117 377
292 856
459 821
775 546
21 808
645 767
269 364
20 238
395 747
494 440
816 186
832 53
980 650
174 45
307 386
731 610
184 799
561 99
743 722
284 758
577 928
224 49
281 194
725 207
124 436
343 27
579 113
531 42
266 460
703 573
850 214
911 12
951 873
104 80
325 374
61 91
965 602
201 805
428 782
168 477
611 47
321 812
654 977
62 87
780 475
375 584
28 765
885 15
164 990
547 29
439 293
143 774
199 420
914 214
103 786
947 188
771 4
604 354
266 549
357 80
534 825
620 797
442 497
337 632
131 836
791 923
514 130
944 260
738 577
64 105
421 58
959 201
169 300
70 77
764 83
373 787
581 759
315 476
915 560
573 618
861 973
115 524
248 361
537 619
208 15
256 803
56 209
88 287
176 28
102 471
145 19
14 541
469 498
93 775
191 20
395 895
741 220
685 887
919 68
309 499
511 905
902 291
739 761
442 29
414 834
678 402
691 89
35 884
181 267
495 104
225 972
254 955
399 259
667 58
820 451
811 841
33 837
684 174
663 132
962 998
345 802
502 72
108 187
574 138
744 172
927 131
934 503
33 238
454 613
779 617
875 110
676 796
706 319
836 502
79 423
450 246
635 994
38 977
605 748
344 332
505 406
218 43
891 922
276 443
935 897
210 322
650 100
10 13
334 848
283 603
582 194
990 158
965 22
192 43
404 395
866 492
464 923
276 745
57 532
164 347
258 506
781 596
293 186
913 4
749 163
991 253
249 972
877 798
441 76
640 96
352 659
318 707
874 487
542 734
994 205
153 234
931 835
688 185
478 904
196 920
764 428
983 416
224 692
192 643
286 692
343 1000
890 807
84 327
521 950
455 852
715 391
537 270
868 924
417 427
193 840
473 258
699 349
839 416
822 143
134 271
554 641
208 932
340 330
994 384
110 783
576 364
248 220
830 750
243 819
799 83
812 320
438 14
582 548
405 863
612 300
497 602
600 520
696 932
239 779
445 151
175 25
561 992
135 16
406 398
695 126
418 805
235 679
965 256
51 388
404 150
56 634
298 353
627 800
722 327
822 234
237 48
450 626
467 993
689 311
396 654
829 555
687 463
90 341
308 909
181 613
866 160
481 619
825 417
175 845
792 798
902 832
933 961
272 748
643 748
479 492
169 317
456 731
308 863
854 504
109 167
59 970
681 766
10 888
655 129
195 38
280 909
243 964
609 30
187 257
462 619
668 447
813 209
197 440
899 158
905 271
606 171
801 875
687 920
525 861
871 766
885 145
924 802
189 732
963 240
221 255
213 576
601 987
388 554
562 983
735 664
82 752
356 185
382 95
664 686
662 671
185 901
740 342
914 310
954 887
61 751
590 84
343 961
669 464
771 509
73 681
46 376
141 54
72 763
222 968
810 59
705 265
210 586
587 338
394 667
505 542
705 768
497 979
993 349
500 203
161 592
470 435
45 690
926 498
897 405
963 267
191 626
792 162
260 878
675 873
967 355
980 598
862 272
408 286
961 456
906 461
184 979
862 958
661 956
703 399
620 102
1000 386
102 955
213 966
140 372
828 589
818 384
168 218
180 978
153 424
550 656
195 998
720 231
736 280
413 1
710 738
860 423
815 936
618 529
419 19
604 94
792 888
51 155
479 433
990 367
693 232
192 575
181 586
598 978
40 65
475 751
941 829
128 585
289 801
636 778
516 860
592 945
263 524
400 507
718 353
942 975
44 171
601 535
377 294
784 489
935 906
510 271
67 708
258 527
883 504
629 112
257 449
697 249
980 336
507 777
740 784
960 852
236 77
513 504
412 45
892 400
306 223
763 507
7 946
218 527
461 313
989 730
474 794
247 581
970 201
66 215
254 152
275 671
672 783
256 710
410 868
705 773
563 554
824 938
634 549
673 736
865 203
886 836
578 603
742 899
600 150
666 588
906 59
160 467
4 666
918 138
987 485
453 726
257 591
411 165
277 189
752 90
282 760
468 948
472 470
647 641
425 101
611 119
744 163
449 516
279 392
172 149
741 935
754 284
351 289
16 575
359 869
697 468
943 957
701 31
997 136
528 95
999 889
355 9
870 589
285 3
317 540
465 569
599 130
831 673
482 222
123 898
386 940
772 470
398 898
975 232
453 868
646 625
529 482
622 835
97 811
376 88
103 390
496 306
796 529
336 540
3 557
115 892
399 971
911 493
290 383
626 410
606 253
735 227
316 426
183 844
967 135
431 232
563 236
385 418
818 315
184 686
642 668
545 391
227 809
960 698
823 628
408 479
235 580
883 809
569 804
156 338
485 646
462 463
382 107
893 283
629 382
850 843
347 27
666 397
376 422
221 730
528 336
416 648
424 789
477 593
539 52
319 134
89 285
513 765
18 721
467 219
873 708
498 850
694 886
252 721
180 361
341 445
851 692
939 599
429 714
54 334
767 811
698 457
644 367
419 733
881 215
690 338
711 152
894 634
325 743
988 383
420 339
707 601
217 676
133 991
810 360
539 424
784 686
495 922
823 538
841 191
346 579
510 685
831 771
148 522
898 793
976 510
932 956
133 412
35 309
851 711
129 122
267 22
698 360
716 654
365 306
966 770
130 538
796 665
884 25
929 527
122 110
629 857
313 476
798 588
644 44
952 950
90 660
66 314
551 942
374 285
312 642
346 657
450 765
726 694
985 457
697 82
65 178
97 772
472 943
40 985
435 893
81 785
2 140
361 733
785 9
938 977
940 248
412 585
742 561
270 122
119 585
824 313
72 668
721 2
280 162
593 396
574 213
473 936
471 703
950 353
543 468
195 834
775 880
445 74
485 447
74 141
840 98
397 642
564 160
789 952
816 460
660 556
880 204
26 938
758 613
611 943
600 52
869 249
139 148
770 460
421 91
447 637
609 817
263 780
804 457
770 922
946 231
648 78
847 465
788 759
588 25
91 669
228 532
36 789
757 583
646 735
813 785
96 351
351 545
976 29
700 312
139 339
726 778
556 344
612 729
612 54
536 204
723 976
499 952
161 551
685 178
797 556
545 419
676 390
572 723
339 851
292 2
845 683
953 551
129 99
881 778
243 414
67 797
912 414
252 714
57 73
98 788
583 512
156 830
123 99
219 221
536 940
714 126
202 587
74 530
971 757
149 700
599 396
793 683
149 123
18 700
512 723
33 246
572 156
18 840
587 572
