800 1200
1 2
1 3
1 4
2 3
2 4
3 4
5 6
5 7
5 8
6 7
6 8
7 8
9 10
9 11
9 12
10 11
10 12
11 12
13 14
13 15
13 16
14 15
14 16
15 16
17 18
17 19
17 20
18 19
18 20
19 20
21 22
21 23
21 24
22 23
22 24
23 24
25 26
25 27
25 28
26 27
26 28
27 28
29 30
29 31
29 32
30 31
30 32
31 32
33 34
33 35
33 36
34 35
34 36
35 36
37 38
37 39
37 40
38 39
38 40
39 40
41 42
41 43
41 44
42 43
42 44
43 44
45 46
45 47
45 48
46 47
46 48
47 48
49 50
49 51
49 52
50 51
50 52
51 52
53 54
53 55
53 56
54 55
54 56
55 56
57 58
57 59
57 60
58 59
58 60
59 60
61 62
61 63
61 64
62 63
62 64
63 64
65 66
65 67
65 68
66 67
66 68
67 68
69 70
69 71
69 72
70 71
70 72
71 72
73 74
73 75
73 76
74 75
74 76
75 76
77 78
77 79
77 80
78 79
78 80
79 80
81 82
81 83
81 84
82 83
82 84
83 84
85 86
85 87
85 88
86 87
86 88
87 88
89 90
89 91
89 92
90 91
90 92
91 92
93 94
93 95
93 96
94 95
94 96
95 96
97 98
97 99
97 100
98 99
98 100
99 100
101 102
101 103
101 104
102 103
102 104
103 104
105 106
105 107
105 108
106 107
106 108
107 108
109 110
109 111
109 112
110 111
110 112
111 112
113 114
113 115
113 116
114 115
114 116
115 116
117 118
117 119
117 120
118 119
118 120
119 120
121 122
121 123
121 124
122 123
122 124
123 124
125 126
125 127
125 128
126 127
126 128
127 128
129 130
129 131
129 132
130 131
130 132
131 132
133 134
133 135
133 136
134 135
134 136
135 136
137 138
137 139
137 140
138 139
138 140
139 140
141 142
141 143
141 144
142 143
142 144
143 144
145 146
145 147
145 148
146 147
146 148
147 148
149 150
149 151
149 152
150 151
150 152
151 152
153 154
153 155
153 156
154 155
154 156
155 156
157 158
157 159
157 160
158 159
158 160
159 160
161 162
161 163
161 164
162 163
162 164
163 164
165 166
165 167
165 168
166 167
166 168
167 168
169 170
169 171
169 172
170 171
170 172
171 172
173 174
173 175
173 176
174 175
174 176
175 176
177 178
177 179
177 180
178 179
178 180
179 180
181 182
181 183
181 184
182 183
182 184
183 184
185 186
185 187
185 188
186 187
186 188
187 188
189 190
189 191
189 192
190 191
190 192
191 192
193 194
193 195
193 196
194 195
194 196
195 196
197 198
197 199
197 200
198 199
198 200
199 200
201 202
201 203
201 204
202 203
202 204
203 204
205 206
205 207
205 208
206 207
206 208
207 208
209 210
209 211
209 212
210 211
210 212
211 212
213 214
213 215
213 216
214 215
214 216
215 216
217 218
217 219
217 220
218 219
218 220
219 220
221 222
221 223
221 224
222 223
222 224
223 224
225 226
225 227
225 228
226 227
226 228
227 228
229 230
229 231
229 232
230 231
230 232
231 232
233 234
233 235
233 236
234 235
234 236
235 236
237 238
237 239
237 240
238 239
238 240
239 240
241 242
241 243
241 244
242 243
242 244
243 244
245 246
245 247
245 248
246 247
246 248
247 248
249 250
249 251
249 252
250 251
250 252
251 252
253 254
253 255
253 256
254 255
254 256
255 256
257 258
257 259
257 260
258 259
258 260
259 260
261 262
261 263
261 264
262 263
262 264
263 264
265 266
265 267
265 268
266 267
266 268
267 268
269 270
269 271
269 272
270 271
270 272
271 272
273 274
273 275
273 276
274 275
274 276
275 276
277 278
277 279
277 280
278 279
278 280
279 280
281 282
281 283
281 284
282 283
282 284
283 284
285 286
285 287
285 288
286 287
286 288
287 288
289 290
289 291
289 292
290 291
290 292
291 292
293 294
293 295
293 296
294 295
294 296
295 296
297 298
297 299
297 300
298 299
298 300
299 300
301 302
301 303
301 304
302 303
302 304
303 304
305 306
305 307
305 308
306 307
306 308
307 308
309 310
309 311
309 312
310 311
310 312
311 312
313 314
313 315
313 316
314 315
314 316
315 316
317 318
317 319
317 320
318 319
318 320
319 320
321 322
321 323
321 324
322 323
322 324
323 324
325 326
325 327
325 328
326 327
326 328
327 328
329 330
329 331
329 332
330 331
330 332
331 332
333 334
333 335
333 336
334 335
334 336
335 336
337 338
337 339
337 340
338 339
338 340
339 340
341 342
341 343
341 344
342 343
342 344
343 344
345 346
345 347
345 348
346 347
346 348
347 348
349 350
349 351
349 352
350 351
350 352
351 352
353 354
353 355
353 356
354 355
354 356
355 356
357 358
357 359
357 360
358 359
358 360
359 360
361 362
361 363
361 364
362 363
362 364
363 364
365 366
365 367
365 368
366 367
366 368
367 368
369 370
369 371
369 372
370 371
370 372
371 372
373 374
373 375
373 376
374 375
374 376
375 376
377 378
377 379
377 380
378 379
378 380
379 380
381 382
381 383
381 384
382 383
382 384
383 384
385 386
385 387
385 388
386 387
386 388
387 388
389 390
389 391
389 392
390 391
390 392
391 392
393 394
393 395
393 396
394 395
394 396
395 396
397 398
397 399
397 400
398 399
398 400
399 400
401 402
401 403
401 404
402 403
402 404
403 404
405 406
405 407
405 408
406 407
406 408
407 408
409 410
409 411
409 412
410 411
410 412
411 412
413 414
413 415
413 416
414 415
414 416
415 416
417 418
417 419
417 420
418 419
418 420
419 420
421 422
421 423
421 424
422 423
422 424
423 424
425 426
425 427
425 428
426 427
426 428
427 428
429 430
429 431
429 432
430 431
430 432
431 432
433 434
433 435
433 436
434 435
434 436
435 436
437 438
437 439
437 440
438 439
438 440
439 440
441 442
441 443
441 444
442 443
442 444
443 444
445 446
445 447
445 448
446 447
446 448
447 448
449 450
449 451
449 452
450 451
450 452
451 452
453 454
453 455
453 456
454 455
454 456
455 456
457 458
457 459
457 460
458 459
458 460
459 460
461 462
461 463
461 464
462 463
462 464
463 464
465 466
465 467
465 468
466 467
466 468
467 468
469 470
469 471
469 472
470 471
470 472
471 472
473 474
473 475
473 476
474 475
474 476
475 476
477 478
477 479
477 480
478 479
478 480
479 480
481 482
481 483
481 484
482 483
482 484
483 484
485 486
485 487
485 488
486 487
486 488
487 488
489 490
489 491
489 492
490 491
490 492
491 492
493 494
493 495
493 496
494 495
494 496
495 496
497 498
497 499
497 500
498 499
498 500
499 500
501 502
501 503
501 504
502 503
502 504
503 504
505 506
505 507
505 508
506 507
506 508
507 508
509 510
509 511
509 512
510 511
510 512
511 512
513 514
513 515
513 516
514 515
514 516
515 516
517 518
517 519
517 520
518 519
518 520
519 520
521 522
521 523
521 524
522 523
522 524
523 524
525 526
525 527
525 528
526 527
526 528
527 528
529 530
529 531
529 532
530 531
530 532
531 532
533 534
533 535
533 536
534 535
534 536
535 536
537 538
537 539
537 540
538 539
538 540
539 540
541 542
541 543
541 544
542 543
542 544
543 544
545 546
545 547
545 548
546 547
546 548
547 548
549 550
549 551
549 552
550 551
550 552
551 552
553 554
553 555
553 556
554 555
554 556
555 556
557 558
557 559
557 560
558 559
558 560
559 560
561 562
561 563
561 564
562 563
562 564
563 564
565 566
565 567
565 568
566 567
566 568
567 568
569 570
569 571
569 572
570 571
570 572
571 572
573 574
573 575
573 576
574 575
574 576
575 576
577 578
577 579
577 580
578 579
578 580
579 580
581 582
581 583
581 584
582 583
582 584
583 584
585 586
585 587
585 588
586 587
586 588
587 588
589 590
589 591
589 592
590 591
590 592
591 592
593 594
593 595
593 596
594 595
594 596
595 596
597 598
597 599
597 600
598 599
598 600
599 600
601 602
601 603
601 604
602 603
602 604
603 604
605 606
605 607
605 608
606 607
606 608
607 608
609 610
609 611
609 612
610 611
610 612
611 612
613 614
613 615
613 616
614 615
614 616
615 616
617 618
617 619
617 620
618 619
618 620
619 620
621 622
621 623
621 624
622 623
622 624
623 624
625 626
625 627
625 628
626 627
626 628
627 628
629 630
629 631
629 632
630 631
630 632
631 632
633 634
633 635
633 636
634 635
634 636
635 636
637 638
637 639
637 640
638 639
638 640
639 640
641 642
641 643
641 644
642 643
642 644
643 644
645 646
645 647
645 648
646 647
646 648
647 648
649 650
649 651
649 652
650 651
650 652
651 652
653 654
653 655
653 656
654 655
654 656
655 656
657 658
657 659
657 660
658 659
658 660
659 660
661 662
661 663
661 664
662 663
662 664
663 664
665 666
665 667
665 668
666 667
666 668
667 668
669 670
669 671
669 672
670 671
670 672
671 672
673 674
673 675
673 676
674 675
674 676
675 676
677 678
677 679
677 680
678 679
678 680
679 680
681 682
681 683
681 684
682 683
682 684
683 684
685 686
685 687
685 688
686 687
686 688
687 688
689 690
689 691
689 692
690 691
690 692
691 692
693 694
693 695
693 696
694 695
694 696
695 696
697 698
697 699
697 700
698 699
698 700
699 700
701 702
701 703
701 704
702 703
702 704
703 704
705 706
705 707
705 708
706 707
706 708
707 708
709 710
709 711
709 712
710 711
710 712
711 712
713 714
713 715
713 716
714 715
714 716
715 716
717 718
717 719
717 720
718 719
718 720
719 720
721 722
721 723
721 724
722 723
722 724
723 724
725 726
725 727
725 728
726 727
726 728
727 728
729 730
729 731
729 732
730 731
730 732
731 732
733 734
733 735
733 736
734 735
734 736
735 736
737 738
737 739
737 740
738 739
738 740
739 740
741 742
741 743
741 744
742 743
742 744
743 744
745 746
745 747
745 748
746 747
746 748
747 748
749 750
749 751
749 752
750 751
750 752
751 752
753 754
753 755
753 756
754 755
754 756
755 756
757 758
757 759
757 760
758 759
758 760
759 760
761 762
761 763
761 764
762 763
762 764
763 764
765 766
765 767
765 768
766 767
766 768
767 768
769 770
769 771
769 772
770 771
770 772
771 772
773 774
773 775
773 776
774 775
774 776
775 776
777 778
777 779
777 780
778 779
778 780
779 780
781 782
781 783
781 784
782 783
782 784
783 784
785 786
785 787
785 788
786 787
786 788
787 788
789 790
789 791
789 792
790 791
790 792
791 792
793 794
793 795
793 796
794 795
794 796
795 796
797 798
797 799
797 800
798 799
798 800
799 800
