800 1200
91 171
89 338
468 133
628 781
323 79
497 34
201 230
137 778
466 190
627 319
604 367
349 69
589 192
429 497
778 120
285 227
155 198
24 573
161 190
228 203
765 53
255 18
391 535
408 123
350 700
695 599
224 558
329 338
411 388
698 450
304 544
349 520
712 133
310 197
178 345
712 415
625 31
217 328
364 114
424 637
717 16
754 218
667 695
786 317
598 274
756 407
346 455
771 404
208 501
268 114
135 573
257 611
562 415
694 421
503 372
703 415
743 720
5 287
180 311
80 105
742 510
595 629
518 614
452 278
549 738
179 440
507 362
205 594
301 121
158 165
50 225
526 165
667 304
214 326
273 50
533 412
296 268
769 191
92 94
255 759
706 795
492 501
237 315
260 781
226 576
47 642
312 103
339 7
190 773
106 670
115 69
431 162
178 429
797 181
407 279
604 271
710 331
212 439
726 542
87 603
585 118
760 146
655 345
147 274
75 645
172 66
541 37
419 491
367 391
759 499
61 67
688 654
57 322
111 407
239 671
115 101
689 401
57 582
111 406
320 711
548 551
263 472
48 736
309 747
705 461
497 658
518 668
57 759
104 653
323 570
304 640
734 730
511 789
262 268
574 453
788 475
499 33
394 661
395 61
672 91
95 262
416 581
501 5
224 451
71 125
342 307
112 698
699 557
686 760
261 338
399 564
247 538
677 747
741 218
202 219
442 696
505 325
683 607
797 712
663 605
240 449
627 607
514 610
324 662
112 703
4 730
152 481
498 62
553 529
117 548
563 498
429 685
256 538
414 711
356 649
198 74
27 451
689 336
750 321
401 210
270 55
723 101
436 656
404 631
196 622
157 645
361 739
146 378
590 342
476 470
426 261
638 523
427 609
435 284
423 227
140 756
141 203
430 123
86 719
184 199
654 318
88 461
773 97
611 597
720 134
494 583
355 184
564 224
15 350
620 161
150 210
682 568
717 236
652 252
582 632
458 220
274 521
243 488
146 417
170 31
73 494
113 191
442 485
275 730
768 483
779 312
458 553
54 610
86 428
71 614
98 781
252 740
483 558
498 512
368 269
371 225
645 509
67 355
199 409
214 718
444 100
147 762
331 278
74 178
145 156
792 14
643 93
379 687
259 185
302 680
527 706
444 93
644 713
725 750
669 367
204 242
129 516
609 691
273 444
88 230
241 581
505 225
478 614
236 90
320 364
266 325
734 17
473 476
81 690
28 116
68 716
671 179
554 118
36 212
707 257
289 318
713 649
270 200
569 220
269 695
91 530
259 766
543 742
70 189
551 536
282 583
14 634
19 532
580 684
105 460
42 512
358 233
168 622
173 195
772 705
128 27
62 213
150 536
507 244
513 772
764 537
732 662
7 43
405 554
384 185
627 449
755 470
23 326
629 360
441 725
660 673
724 597
623 421
425 787
11 349
275 164
195 686
66 357
81 774
603 479
326 394
784 267
784 200
316 226
541 360
578 125
219 640
354 723
219 186
544 141
20 551
315 322
121 143
520 689
321 580
647 391
177 640
655 448
706 561
534 202
216 469
394 600
384 483
131 646
44 77
360 41
702 544
790 602
622 141
203 745
233 664
630 102
698 458
779 711
98 443
26 319
106 638
535 727
438 171
479 451
506 485
5 686
401 414
174 169
754 29
122 323
272 671
604 457
437 703
749 791
253 596
270 279
782 557
133 29
708 388
621 359
789 265
347 438
778 701
46 181
471 697
651 465
748 578
179 96
499 710
301 192
507 101
183 211
23 608
82 143
283 249
277 88
756 597
768 533
466 334
603 705
119 54
186 411
258 454
666 680
67 496
467 248
156 682
29 751
724 676
575 510
402 690
182 87
211 291
541 359
126 193
112 611
362 474
183 473
175 74
583 290
559 455
489 791
173 55
168 115
262 697
344 83
395 38
350 676
121 154
58 550
164 150
206 400
38 764
124 555
108 175
340 402
664 46
675 752
319 397
719 222
94 676
381 431
255 479
192 442
410 657
631 393
96 181
440 384
412 86
672 92
395 283
318 260
465 540
761 286
681 314
145 314
785 127
93 99
661 526
599 587
727 292
258 558
595 196
344 454
582 174
23 552
129 327
526 797
524 314
434 187
584 303
763 155
675 355
792 547
791 340
713 120
696 607
636 704
535 59
528 747
630 768
726 106
152 11
233 160
158 3
108 393
727 585
581 414
1 664
654 172
789 397
280 620
14 777
336 215
596 486
129 408
295 417
248 245
258 530
260 163
78 561
674 197
456 40
217 428
230 328
530 505
766 732
94 352
34 317
169 718
746 557
163 486
699 474
122 198
486 211
139 660
608 656
218 485
455 584
760 473
385 95
116 50
629 308
538 688
623 675
289 63
149 681
773 61
324 632
793 169
655 398
678 232
672 667
135 490
482 214
619 386
238 472
347 718
617 423
508 688
196 504
771 259
205 71
792 587
590 707
80 659
633 466
531 649
7 305
453 448
358 163
199 408
679 120
143 575
374 765
770 313
488 532
56 411
723 254
51 205
48 183
188 17
570 734
422 265
344 76
321 389
782 378
762 496
658 43
744 295
311 376
252 576
566 85
738 735
64 472
37 416
393 578
471 702
563 783
294 158
38 306
700 736
419 317
49 147
534 261
335 425
484 25
239 690
612 609
135 737
312 322
200 496
124 45
732 280
105 170
343 345
662 565
294 532
194 553
341 195
580 330
755 264
250 725
97 674
18 784
118 491
794 679
745 328
721 140
719 520
3 626
107 251
347 606
337 194
266 300
402 769
34 700
790 512
166 114
417 75
405 216
587 111
54 755
490 303
772 577
735 276
696 606
221 563
567 123
299 710
673 305
366 433
673 561
17 761
559 280
514 576
684 152
669 232
621 746
130 248
652 397
207 533
764 291
776 590
294 738
373 246
617 767
227 329
420 465
44 421
175 677
125 519
189 12
284 731
509 177
361 32
357 174
187 56
139 166
500 537
351 720
325 378
412 492
436 475
128 540
528 2
30 642
144 687
488 170
628 165
81 613
437 234
633 642
207 432
513 6
467 731
495 62
16 281
693 28
615 372
616 160
31 793
562 739
743 85
514 151
359 246
722 236
560 396
753 306
737 694
699 167
130 187
271 775
599 464
286 620
709 774
327 608
2 267
790 108
346 584
212 313
702 484
161 24
185 167
387 475
537 167
156 30
708 765
382 638
113 750
704 122
51 56
95 796
290 602
137 35
684 40
569 316
624 518
343 432
189 166
800 271
44 398
232 139
22 149
531 513
238 380
197 80
536 594
424 124
491 333
305 617
202 79
282 45
134 276
678 754
159 697
157 469
220 78
330 589
51 724
249 487
758 361
273 748
130 116
127 406
126 588
500 275
588 722
244 639
267 656
298 239
297 20
388 793
743 637
277 324
438 59
277 775
739 593
24 714
680 182
298 461
556 331
374 714
299 591
154 531
420 635
380 307
406 307
586 564
241 647
540 554
341 432
353 424
616 482
90 164
25 335
53 456
234 363
495 687
78 52
216 337
425 598
634 416
435 213
782 731
243 682
623 426
358 613
753 335
552 605
495 9
668 148
456 303
735 470
43 647
379 186
460 423
98 69
413 4
148 771
83 752
761 694
657 766
516 774
776 309
371 606
364 770
788 493
19 665
245 469
527 588
20 127
524 107
33 97
249 708
279 371
330 16
292 253
341 369
363 693
418 302
522 251
484 1
21 313
511 145
172 217
316 28
299 763
610 542
168 661
231 291
426 592
242 58
659 639
206 221
223 757
372 744
370 777
381 159
102 404
107 527
76 311
18 119
298 310
92 160
399 602
310 653
474 522
207 4
716 431
685 589
333 517
565 549
293 235
529 245
337 332
555 422
476 89
85 336
283 506
229 482
55 555
493 377
383 22
119 47
37 524
437 775
744 228
418 633
173 650
36 722
500 231
454 462
264 375
550 392
26 155
176 749
25 68
332 13
571 77
504 104
370 73
206 340
281 419
646 182
736 653
228 287
386 579
176 679
251 566
659 188
278 632
392 740
246 238
33 221
366 254
577 332
434 631
777 210
288 102
265 15
487 151
290 117
453 266
435 677
109 243
539 467
235 460
769 459
142 795
132 616
297 58
447 159
374 63
296 493
508 510
726 222
301 477
84 752
489 351
126 787
529 615
281 353
701 639
660 737
799 552
387 399
559 177
517 685
464 413
410 618
489 329
144 618
568 565
363 626
643 519
780 8
21 464
517 351
365 284
506 450
543 422
521 13
503 231
693 770
481 567
366 83
657 521
73 433
522 100
368 704
568 352
380 8
188 148
377 21
515 481
598 30
176 405
573 285
70 776
701 749
289 648
592 721
373 46
545 49
370 400
428 66
480 282
601 6
409 516
276 780
138 381
692 295
48 302
729 300
683 487
434 562
546 502
779 439
788 436
128 144
242 377
8 104
240 575
77 193
625 403
99 678
52 272
215 36
427 799
213 32
244 634
794 550
208 767
450 715
70 354
157 721
637 644
151 605
709 681
745 447
346 503
11 75
585 519
477 352
570 293
449 132
39 201
357 798
226 674
389 41
354 194
477 99
180 103
753 149
389 651
257 494
387 746
9 392
440 375
630 3
600 59
717 10
577 795
593 237
229 19
549 403
89 480
729 286
663 528
65 263
68 296
47 652
569 663
22 342
35 556
796 567
269 525
511 741
1 109
154 369
480 459
96 539
2 592
560 800
13 65
566 413
45 193
132 76
327 353
683 468
441 799
103 796
716 594
72 140
320 490
641 658
468 12
315 748
545 733
709 643
254 53
586 646
223 241
800 571
87 613
113 509
138 539
400 780
250 247
40 386
309 356
373 410
579 691
184 641
612 109
409 762
382 208
668 379
288 447
624 403
306 65
12 300
624 692
463 136
420 556
131 256
463 525
758 272
612 452
636 362
131 26
180 586
117 90
134 641
504 798
794 757
443 84
763 365
740 333
545 390
287 9
35 508
234 223
209 142
390 628
625 593
785 153
741 209
209 665
356 452
396 443
591 669
235 253
288 619
52 459
348 670
63 572
136 615
783 758
783 385
215 446
41 471
247 42
441 191
297 502
136 292
430 398
574 785
601 64
515 256
10 787
636 171
542 786
523 396
462 733
137 574
385 445
462 382
757 418
707 600
651 571
264 229
6 446
390 457
162 691
153 10
601 786
42 728
82 263
237 543
240 751
82 201
666 751
478 285
767 546
715 348
446 523
525 79
648 369
596 100
204 110
348 626
39 798
692 448
560 32
365 591
619 439
308 546
515 376
375 478
648 715
430 334
534 138
621 153
427 729
27 64
293 445
334 250
728 343
84 222
142 162
618 742
548 714
666 644
635 463
60 572
15 376
502 110
308 595
492 457
445 572
49 635
110 733
368 665
670 547
39 339
383 60
650 728
60 204
72 383
579 433
339 650
72 547
