600 900
1 4
1 5
1 6
2 4
2 5
2 6
3 4
3 5
3 6
7 10
7 11
7 12
8 10
8 11
8 12
9 10
9 11
9 12
13 16
13 17
13 18
14 16
14 17
14 18
15 16
15 17
15 18
19 22
19 23
19 24
20 22
20 23
20 24
21 22
21 23
21 24
25 28
25 29
25 30
26 28
26 29
26 30
27 28
27 29
27 30
31 34
31 35
31 36
32 34
32 35
32 36
33 34
33 35
33 36
37 40
37 41
37 42
38 40
38 41
38 42
39 40
39 41
39 42
43 46
43 47
43 48
44 46
44 47
44 48
45 46
45 47
45 48
49 52
49 53
49 54
50 52
50 53
50 54
51 52
51 53
51 54
55 58
55 59
55 60
56 58
56 59
56 60
57 58
57 59
57 60
61 64
61 65
61 66
62 64
62 65
62 66
63 64
63 65
63 66
67 70
67 71
67 72
68 70
68 71
68 72
69 70
69 71
69 72
73 76
73 77
73 78
74 76
74 77
74 78
75 76
75 77
75 78
79 82
79 83
79 84
80 82
80 83
80 84
81 82
81 83
81 84
85 88
85 89
85 90
86 88
86 89
86 90
87 88
87 89
87 90
91 94
91 95
91 96
92 94
92 95
92 96
93 94
93 95
93 96
97 100
97 101
97 102
98 100
98 101
98 102
99 100
99 101
99 102
103 106
103 107
103 108
104 106
104 107
104 108
105 106
105 107
105 108
109 112
109 113
109 114
110 112
110 113
110 114
111 112
111 113
111 114
115 118
115 119
115 120
116 118
116 119
116 120
117 118
117 119
117 120
121 124
121 125
121 126
122 124
122 125
122 126
123 124
123 125
123 126
127 130
127 131
127 132
128 130
128 131
128 132
129 130
129 131
129 132
133 136
133 137
133 138
134 136
134 137
134 138
135 136
135 137
135 138
139 142
139 143
139 144
140 142
140 143
140 144
141 142
141 143
141 144
145 148
145 149
145 150
146 148
146 149
146 150
147 148
147 149
147 150
151 154
151 155
151 156
152 154
152 155
152 156
153 154
153 155
153 156
157 160
157 161
157 162
158 160
158 161
158 162
159 160
159 161
159 162
163 166
163 167
163 168
164 166
164 167
164 168
165 166
165 167
165 168
169 172
169 173
169 174
170 172
170 173
170 174
171 172
171 173
171 174
175 178
175 179
175 180
176 178
176 179
176 180
177 178
177 179
177 180
181 184
181 185
181 186
182 184
182 185
182 186
183 184
183 185
183 186
187 190
187 191
187 192
188 190
188 191
188 192
189 190
189 191
189 192
193 196
193 197
193 198
194 196
194 197
194 198
195 196
195 197
195 198
199 202
199 203
199 204
200 202
200 203
200 204
201 202
201 203
201 204
205 208
205 209
205 210
206 208
206 209
206 210
207 208
207 209
207 210
211 214
211 215
211 216
212 214
212 215
212 216
213 214
213 215
213 216
217 220
217 221
217 222
218 220
218 221
218 222
219 220
219 221
219 222
223 226
223 227
223 228
224 226
224 227
224 228
225 226
225 227
225 228
229 232
229 233
229 234
230 232
230 233
230 234
231 232
231 233
231 234
235 238
235 239
235 240
236 238
236 239
236 240
237 238
237 239
237 240
241 244
241 245
241 246
242 244
242 245
242 246
243 244
243 245
243 246
247 250
247 251
247 252
248 250
248 251
248 252
249 250
249 251
249 252
253 256
253 257
253 258
254 256
254 257
254 258
255 256
255 257
255 258
259 262
259 263
259 264
260 262
260 263
260 264
261 262
261 263
261 264
265 268
265 269
265 270
266 268
266 269
266 270
267 268
267 269
267 270
271 274
271 275
271 276
272 274
272 275
272 276
273 274
273 275
273 276
277 280
277 281
277 282
278 280
278 281
278 282
279 280
279 281
279 282
283 286
283 287
283 288
284 286
284 287
284 288
285 286
285 287
285 288
289 292
289 293
289 294
290 292
290 293
290 294
291 292
291 293
291 294
295 298
295 299
295 300
296 298
296 299
296 300
297 298
297 299
297 300
301 304
301 305
301 306
302 304
302 305
302 306
303 304
303 305
303 306
307 310
307 311
307 312
308 310
308 311
308 312
309 310
309 311
309 312
313 316
313 317
313 318
314 316
314 317
314 318
315 316
315 317
315 318
319 322
319 323
319 324
320 322
320 323
320 324
321 322
321 323
321 324
325 328
325 329
325 330
326 328
326 329
326 330
327 328
327 329
327 330
331 334
331 335
331 336
332 334
332 335
332 336
333 334
333 335
333 336
337 340
337 341
337 342
338 340
338 341
338 342
339 340
339 341
339 342
343 346
343 347
343 348
344 346
344 347
344 348
345 346
345 347
345 348
349 352
349 353
349 354
350 352
350 353
350 354
351 352
351 353
351 354
355 358
355 359
355 360
356 358
356 359
356 360
357 358
357 359
357 360
361 364
361 365
361 366
362 364
362 365
362 366
363 364
363 365
363 366
367 370
367 371
367 372
368 370
368 371
368 372
369 370
369 371
369 372
373 376
373 377
373 378
374 376
374 377
374 378
375 376
375 377
375 378
379 382
379 383
379 384
380 382
380 383
380 384
381 382
381 383
381 384
385 388
385 389
385 390
386 388
386 389
386 390
387 388
387 389
387 390
391 394
391 395
391 396
392 394
392 395
392 396
393 394
393 395
393 396
397 400
397 401
397 402
398 400
398 401
398 402
399 400
399 401
399 402
403 406
403 407
403 408
404 406
404 407
404 408
405 406
405 407
405 408
409 412
409 413
409 414
410 412
410 413
410 414
411 412
411 413
411 414
415 418
415 419
415 420
416 418
416 419
416 420
417 418
417 419
417 420
421 424
421 425
421 426
422 424
422 425
422 426
423 424
423 425
423 426
427 430
427 431
427 432
428 430
428 431
428 432
429 430
429 431
429 432
433 436
433 437
433 438
434 436
434 437
434 438
435 436
435 437
435 438
439 442
439 443
439 444
440 442
440 443
440 444
441 442
441 443
441 444
445 448
445 449
445 450
446 448
446 449
446 450
447 448
447 449
447 450
451 454
451 455
451 456
452 454
452 455
452 456
453 454
453 455
453 456
457 460
457 461
457 462
458 460
458 461
458 462
459 460
459 461
459 462
463 466
463 467
463 468
464 466
464 467
464 468
465 466
465 467
465 468
469 472
469 473
469 474
470 472
470 473
470 474
471 472
471 473
471 474
475 478
475 479
475 480
476 478
476 479
476 480
477 478
477 479
477 480
481 484
481 485
481 486
482 484
482 485
482 486
483 484
483 485
483 486
487 490
487 491
487 492
488 490
488 491
488 492
489 490
489 491
489 492
493 496
493 497
493 498
494 496
494 497
494 498
495 496
495 497
495 498
499 502
499 503
499 504
500 502
500 503
500 504
501 502
501 503
501 504
505 508
505 509
505 510
506 508
506 509
506 510
507 508
507 509
507 510
511 514
511 515
511 516
512 514
512 515
512 516
513 514
513 515
513 516
517 520
517 521
517 522
518 520
518 521
518 522
519 520
519 521
519 522
523 526
523 527
523 528
524 526
524 527
524 528
525 526
525 527
525 528
529 532
529 533
529 534
530 532
530 533
530 534
531 532
531 533
531 534
535 538
535 539
535 540
536 538
536 539
536 540
537 538
537 539
537 540
541 544
541 545
541 546
542 544
542 545
542 546
543 544
543 545
543 546
547 550
547 551
547 552
548 550
548 551
548 552
549 550
549 551
549 552
553 556
553 557
553 558
554 556
554 557
554 558
555 556
555 557
555 558
559 562
559 563
559 564
560 562
560 563
560 564
561 562
561 563
561 564
565 568
565 569
565 570
566 568
566 569
566 570
567 568
567 569
567 570
571 574
571 575
571 576
572 574
572 575
572 576
573 574
573 575
573 576
577 580
577 581
577 582
578 580
578 581
578 582
579 580
579 581
579 582
583 586
583 587
583 588
584 586
584 587
584 588
585 586
585 587
585 588
589 592
589 593
589 594
590 592
590 593
590 594
591 592
591 593
591 594
595 598
595 599
595 600
596 598
596 599
596 600
597 598
597 599
597 600
