83 82
1 2 2
2 3 2
2 4 2
1 5 2
5 6 2
5 7 2
6 8 2
7 9 2
8 10 2
5 11 2
8 12 2
6 13 2
12 14 2
14 15 2
2 16 2
12 17 2
4 18 2
9 19 2
2 20 2
17 21 2
10 22 2
19 23 2
16 24 2
10 25 2
18 26 2
7 27 2
7 28 2
13 29 2
28 30 2
6 31 2
23 32 2
31 33 2
21 34 2
13 35 2
15 36 2
5 37 2
27 38 2
4 39 2
32 40 2
15 41 2
4 42 2
40 43 2
19 44 2
18 45 2
34 46 2
19 47 2
8 48 2
32 49 2
30 50 2
19 51 2
48 52 2
33 53 2
15 54 2
34 55 2
18 56 2
36 57 2
3 58 2
56 59 2
36 60 2
59 61 2
56 62 2
60 63 2
15 64 2
51 65 2
29 66 2
11 67 2
63 68 2
35 69 2
14 70 2
39 71 2
41 72 2
46 73 2
50 74 2
70 75 2
71 76 2
75 77 2
69 78 2
58 79 2
62 80 2
29 81 2
28 82 2
78 83 2
