54 158
2 1 2
3 1 2
4 1 2
2 3 1
4 5 1
7 4 2
8 4 2
5 6 1
7 6 2
9 8 2
8 10 1
11 8 2
12 8 2
13 8 2
10 9 2
9 11 1
12 9 2
10 11 1
11 12 1
14 13 2
15 13 2
16 13 1
18 13 2
19 13 2
14 15 1
17 14 2
18 14 1
16 15 2
17 15 2
18 15 2
16 17 1
18 16 2
17 18 1
20 19 2
19 21 1
19 24 1
25 19 2
26 19 2
21 20 2
20 22 1
23 20 2
20 24 1
25 20 1
21 22 1
24 21 1
25 21 1
23 22 2
24 22 1
23 24 1
24 25 1
27 26 2
31 26 2
33 26 1
34 26 2
28 27 2
30 27 2
31 27 2
32 27 1
28 29 1
30 28 2
31 28 2
28 32 1
33 28 2
29 30 1
31 29 2
32 29 1
29 33 1
30 31 1
32 30 1
32 31 2
33 32 2
35 34 2
37 34 1
38 34 1
34 39 1
40 34 2
41 34 2
42 34 2
43 34 2
36 35 2
35 37 1
35 38 1
35 39 1
35 40 1
41 35 2
42 35 2
36 37 1
38 36 1
39 36 1
40 36 1
37 38 1
37 39 1
37 41 1
42 37 1
38 39 1
38 40 1
38 41 1
38 42 1
40 39 2
42 39 1
41 40 2
42 40 1
42 41 2
44 43 2
45 43 1
43 46 1
43 47 1
48 43 1
43 49 1
43 51 1
43 52 1
53 43 1
54 43 2
45 44 2
44 48 1
50 44 1
52 44 2
44 53 1
45 46 1
45 47 1
45 48 1
49 45 2
50 45 2
51 45 1
45 52 1
53 45 1
54 45 1
46 47 1
48 46 1
49 46 1
50 46 2
51 46 2
52 46 1
53 46 2
54 46 2
47 48 1
49 47 1
50 47 2
51 47 1
47 52 1
47 54 1
48 49 1
48 52 1
53 48 1
54 48 1
49 50 1
51 49 1
52 49 1
49 53 1
51 50 2
52 50 2
50 53 1
51 52 1
53 51 2
54 51 2
53 52 2
54 52 1
54 53 2
