99 99
42 54 2
54 98 2
98 68 2
68 63 2
63 83 1
83 94 1
94 55 1
55 35 2
35 12 1
12 64 2
64 30 1
30 17 2
17 97 2
97 62 1
62 96 1
96 26 1
26 65 2
65 76 2
76 91 2
91 19 2
19 52 1
52 43 1
43 56 1
56 95 2
95 8 1
8 99 2
99 6 2
6 18 2
18 1 1
1 3 2
3 46 1
46 21 1
21 57 1
57 88 2
88 14 1
14 27 1
27 66 1
66 9 2
9 2 2
2 93 2
93 53 2
53 39 2
39 40 2
40 58 2
58 13 2
13 4 2
4 89 2
89 41 2
41 38 1
38 7 2
7 24 1
24 92 1
92 90 1
90 44 1
44 5 1
5 15 2
15 45 1
45 10 1
10 86 2
86 47 1
47 67 2
67 16 1
16 61 2
61 11 1
11 20 2
20 32 1
32 33 2
33 59 2
59 77 2
77 25 1
25 48 1
48 51 2
51 22 1
22 23 1
23 28 1
28 60 1
60 29 2
29 49 1
49 84 2
84 31 1
31 69 1
69 34 2
34 70 1
70 50 2
50 71 2
71 36 1
36 72 1
72 73 1
73 74 1
74 37 2
37 75 2
75 78 1
78 79 2
79 80 1
80 81 2
81 82 2
82 85 2
85 87 1
87 42 2
