200 9902
1 2 2
1 3 2
1 4 2
1 5 2
1 6 2
1 7 2
1 8 2
1 9 2
1 10 2
1 11 2
1 12 2
1 13 2
1 14 2
1 15 2
1 16 2
1 17 2
1 18 2
1 19 2
1 20 2
1 21 2
1 22 2
1 23 2
1 24 2
1 25 2
1 26 2
1 27 2
1 28 2
1 29 2
1 30 2
1 31 2
1 32 2
1 33 2
1 34 2
1 35 2
1 36 2
1 37 2
1 38 2
1 39 2
1 40 2
1 41 2
1 42 2
1 43 2
1 44 2
1 45 2
1 46 2
1 47 2
1 48 2
1 49 2
1 50 2
1 51 2
1 52 2
1 53 2
1 54 2
1 55 2
1 56 2
1 57 2
1 58 2
1 59 2
1 60 2
1 61 2
1 62 2
1 63 2
1 64 2
1 65 2
1 66 2
1 67 2
1 68 2
1 69 2
1 70 2
1 71 2
1 72 2
1 73 2
1 74 2
1 75 2
1 76 2
1 77 2
1 78 2
1 79 2
1 80 2
1 81 2
1 82 2
1 83 2
1 84 2
1 85 2
1 86 2
1 87 2
1 88 2
1 89 2
1 90 2
1 91 2
1 92 2
1 93 2
1 94 2
1 95 2
1 96 2
1 97 2
1 98 2
1 99 2
1 100 2
2 3 2
2 4 2
2 5 2
2 6 2
2 7 2
2 8 2
2 9 2
2 10 2
2 11 2
2 12 2
2 13 2
2 14 2
2 15 2
2 16 2
2 17 2
2 18 2
2 19 2
2 20 2
2 21 2
2 22 2
2 23 2
2 24 2
2 25 2
2 26 2
2 27 2
2 28 2
2 29 2
2 30 2
2 31 2
2 32 2
2 33 2
2 34 2
2 35 2
2 36 2
2 37 2
2 38 2
2 39 2
2 40 2
2 41 2
2 42 2
2 43 2
2 44 2
2 45 2
2 46 2
2 47 2
2 48 2
2 49 2
2 50 2
2 51 2
2 52 2
2 53 2
2 54 2
2 55 2
2 56 2
2 57 2
2 58 2
2 59 2
2 60 2
2 61 2
2 62 2
2 63 2
2 64 2
2 65 2
2 66 2
2 67 2
2 68 2
2 69 2
2 70 2
2 71 2
2 72 2
2 73 2
2 74 2
2 75 2
2 76 2
2 77 2
2 78 2
2 79 2
2 80 2
2 81 2
2 82 2
2 83 2
2 84 2
2 85 2
2 86 2
2 87 2
2 88 2
2 89 2
2 90 2
2 91 2
2 92 2
2 93 2
2 94 2
2 95 2
2 96 2
2 97 2
2 98 2
2 99 2
2 100 2
3 4 2
3 5 2
3 6 2
3 7 2
3 8 2
3 9 2
3 10 2
3 11 2
3 12 2
3 13 2
3 14 2
3 15 2
3 16 2
3 17 2
3 18 2
3 19 2
3 20 2
3 21 2
3 22 2
3 23 2
3 24 2
3 25 2
3 26 2
3 27 2
3 28 2
3 29 2
3 30 2
3 31 2
3 32 2
3 33 2
3 34 2
3 35 2
3 36 2
3 37 2
3 38 2
3 39 2
3 40 2
3 41 2
3 42 2
3 43 2
3 44 2
3 45 2
3 46 2
3 47 2
3 48 2
3 49 2
3 50 2
3 51 2
3 52 2
3 53 2
3 54 2
3 55 2
3 56 2
3 57 2
3 58 2
3 59 2
3 60 2
3 61 2
3 62 2
3 63 2
3 64 2
3 65 2
3 66 2
3 67 2
3 68 2
3 69 2
3 70 2
3 71 2
3 72 2
3 73 2
3 74 2
3 75 2
3 76 2
3 77 2
3 78 2
3 79 2
3 80 2
3 81 2
3 82 2
3 83 2
3 84 2
3 85 2
3 86 2
3 87 2
3 88 2
3 89 2
3 90 2
3 91 2
3 92 2
3 93 2
3 94 2
3 95 2
3 96 2
3 97 2
3 98 2
3 99 2
3 100 2
4 5 2
4 6 2
4 7 2
4 8 2
4 9 2
4 10 2
4 11 2
4 12 2
4 13 2
4 14 2
4 15 2
4 16 2
4 17 2
4 18 2
4 19 2
4 20 2
4 21 2
4 22 2
4 23 2
4 24 2
4 25 2
4 26 2
4 27 2
4 28 2
4 29 2
4 30 2
4 31 2
4 32 2
4 33 2
4 34 2
4 35 2
4 36 2
4 37 2
4 38 2
4 39 2
4 40 2
4 41 2
4 42 2
4 43 2
4 44 2
4 45 2
4 46 2
4 47 2
4 48 2
4 49 2
4 50 2
4 51 2
4 52 2
4 53 2
4 54 2
4 55 2
4 56 2
4 57 2
4 58 2
4 59 2
4 60 2
4 61 2
4 62 2
4 63 2
4 64 2
4 65 2
4 66 2
4 67 2
4 68 2
4 69 2
4 70 2
4 71 2
4 72 2
4 73 2
4 74 2
4 75 2
4 76 2
4 77 2
4 78 2
4 79 2
4 80 2
4 81 2
4 82 2
4 83 2
4 84 2
4 85 2
4 86 2
4 87 2
4 88 2
4 89 2
4 90 2
4 91 2
4 92 2
4 93 2
4 94 2
4 95 2
4 96 2
4 97 2
4 98 2
4 99 2
4 100 2
5 6 2
5 7 2
5 8 2
5 9 2
5 10 2
5 11 2
5 12 2
5 13 2
5 14 2
5 15 2
5 16 2
5 17 2
5 18 2
5 19 2
5 20 2
5 21 2
5 22 2
5 23 2
5 24 2
5 25 2
5 26 2
5 27 2
5 28 2
5 29 2
5 30 2
5 31 2
5 32 2
5 33 2
5 34 2
5 35 2
5 36 2
5 37 2
5 38 2
5 39 2
5 40 2
5 41 2
5 42 2
5 43 2
5 44 2
5 45 2
5 46 2
5 47 2
5 48 2
5 49 2
5 50 2
5 51 2
5 52 2
5 53 2
5 54 2
5 55 2
5 56 2
5 57 2
5 58 2
5 59 2
5 60 2
5 61 2
5 62 2
5 63 2
5 64 2
5 65 2
5 66 2
5 67 2
5 68 2
5 69 2
5 70 2
5 71 2
5 72 2
5 73 2
5 74 2
5 75 2
5 76 2
5 77 2
5 78 2
5 79 2
5 80 2
5 81 2
5 82 2
5 83 2
5 84 2
5 85 2
5 86 2
5 87 2
5 88 2
5 89 2
5 90 2
5 91 2
5 92 2
5 93 2
5 94 2
5 95 2
5 96 2
5 97 2
5 98 2
5 99 2
5 100 2
6 7 2
6 8 2
6 9 2
6 10 2
6 11 2
6 12 2
6 13 2
6 14 2
6 15 2
6 16 2
6 17 2
6 18 2
6 19 2
6 20 2
6 21 2
6 22 2
6 23 2
6 24 2
6 25 2
6 26 2
6 27 2
6 28 2
6 29 2
6 30 2
6 31 2
6 32 2
6 33 2
6 34 2
6 35 2
6 36 2
6 37 2
6 38 2
6 39 2
6 40 2
6 41 2
6 42 2
6 43 2
6 44 2
6 45 2
6 46 2
6 47 2
6 48 2
6 49 2
6 50 2
6 51 2
6 52 2
6 53 2
6 54 2
6 55 2
6 56 2
6 57 2
6 58 2
6 59 2
6 60 2
6 61 2
6 62 2
6 63 2
6 64 2
6 65 2
6 66 2
6 67 2
6 68 2
6 69 2
6 70 2
6 71 2
6 72 2
6 73 2
6 74 2
6 75 2
6 76 2
6 77 2
6 78 2
6 79 2
6 80 2
6 81 2
6 82 2
6 83 2
6 84 2
6 85 2
6 86 2
6 87 2
6 88 2
6 89 2
6 90 2
6 91 2
6 92 2
6 93 2
6 94 2
6 95 2
6 96 2
6 97 2
6 98 2
6 99 2
6 100 2
7 8 2
7 9 2
7 10 2
7 11 2
7 12 2
7 13 2
7 14 2
7 15 2
7 16 2
7 17 2
7 18 2
7 19 2
7 20 2
7 21 2
7 22 2
7 23 2
7 24 2
7 25 2
7 26 2
7 27 2
7 28 2
7 29 2
7 30 2
7 31 2
7 32 2
7 33 2
7 34 2
7 35 2
7 36 2
7 37 2
7 38 2
7 39 2
7 40 2
7 41 2
7 42 2
7 43 2
7 44 2
7 45 2
7 46 2
7 47 2
7 48 2
7 49 2
7 50 2
7 51 2
7 52 2
7 53 2
7 54 2
7 55 2
7 56 2
7 57 2
7 58 2
7 59 2
7 60 2
7 61 2
7 62 2
7 63 2
7 64 2
7 65 2
7 66 2
7 67 2
7 68 2
7 69 2
7 70 2
7 71 2
7 72 2
7 73 2
7 74 2
7 75 2
7 76 2
7 77 2
7 78 2
7 79 2
7 80 2
7 81 2
7 82 2
7 83 2
7 84 2
7 85 2
7 86 2
7 87 2
7 88 2
7 89 2
7 90 2
7 91 2
7 92 2
7 93 2
7 94 2
7 95 2
7 96 2
7 97 2
7 98 2
7 99 2
7 100 2
8 9 2
8 10 2
8 11 2
8 12 2
8 13 2
8 14 2
8 15 2
8 16 2
8 17 2
8 18 2
8 19 2
8 20 2
8 21 2
8 22 2
8 23 2
8 24 2
8 25 2
8 26 2
8 27 2
8 28 2
8 29 2
8 30 2
8 31 2
8 32 2
8 33 2
8 34 2
8 35 2
8 36 2
8 37 2
8 38 2
8 39 2
8 40 2
8 41 2
8 42 2
8 43 2
8 44 2
8 45 2
8 46 2
8 47 2
8 48 2
8 49 2
8 50 2
8 51 2
8 52 2
8 53 2
8 54 2
8 55 2
8 56 2
8 57 2
8 58 2
8 59 2
8 60 2
8 61 2
8 62 2
8 63 2
8 64 2
8 65 2
8 66 2
8 67 2
8 68 2
8 69 2
8 70 2
8 71 2
8 72 2
8 73 2
8 74 2
8 75 2
8 76 2
8 77 2
8 78 2
8 79 2
8 80 2
8 81 2
8 82 2
8 83 2
8 84 2
8 85 2
8 86 2
8 87 2
8 88 2
8 89 2
8 90 2
8 91 2
8 92 2
8 93 2
8 94 2
8 95 2
8 96 2
8 97 2
8 98 2
8 99 2
8 100 2
9 10 2
9 11 2
9 12 2
9 13 2
9 14 2
9 15 2
9 16 2
9 17 2
9 18 2
9 19 2
9 20 2
9 21 2
9 22 2
9 23 2
9 24 2
9 25 2
9 26 2
9 27 2
9 28 2
9 29 2
9 30 2
9 31 2
9 32 2
9 33 2
9 34 2
9 35 2
9 36 2
9 37 2
9 38 2
9 39 2
9 40 2
9 41 2
9 42 2
9 43 2
9 44 2
9 45 2
9 46 2
9 47 2
9 48 2
9 49 2
9 50 2
9 51 2
9 52 2
9 53 2
9 54 2
9 55 2
9 56 2
9 57 2
9 58 2
9 59 2
9 60 2
9 61 2
9 62 2
9 63 2
9 64 2
9 65 2
9 66 2
9 67 2
9 68 2
9 69 2
9 70 2
9 71 2
9 72 2
9 73 2
9 74 2
9 75 2
9 76 2
9 77 2
9 78 2
9 79 2
9 80 2
9 81 2
9 82 2
9 83 2
9 84 2
9 85 2
9 86 2
9 87 2
9 88 2
9 89 2
9 90 2
9 91 2
9 92 2
9 93 2
9 94 2
9 95 2
9 96 2
9 97 2
9 98 2
9 99 2
9 100 2
10 11 2
10 12 2
10 13 2
10 14 2
10 15 2
10 16 2
10 17 2
10 18 2
10 19 2
10 20 2
10 21 2
10 22 2
10 23 2
10 24 2
10 25 2
10 26 2
10 27 2
10 28 2
10 29 2
10 30 2
10 31 2
10 32 2
10 33 2
10 34 2
10 35 2
10 36 2
10 37 2
10 38 2
10 39 2
10 40 2
10 41 2
10 42 2
10 43 2
10 44 2
10 45 2
10 46 2
10 47 2
10 48 2
10 49 2
10 50 2
10 51 2
10 52 2
10 53 2
10 54 2
10 55 2
10 56 2
10 57 2
10 58 2
10 59 2
10 60 2
10 61 2
10 62 2
10 63 2
10 64 2
10 65 2
10 66 2
10 67 2
10 68 2
10 69 2
10 70 2
10 71 2
10 72 2
10 73 2
10 74 2
10 75 2
10 76 2
10 77 2
10 78 2
10 79 2
10 80 2
10 81 2
10 82 2
10 83 2
10 84 2
10 85 2
10 86 2
10 87 2
10 88 2
10 89 2
10 90 2
10 91 2
10 92 2
10 93 2
10 94 2
10 95 2
10 96 2
10 97 2
10 98 2
10 99 2
10 100 2
11 12 2
11 13 2
11 14 2
11 15 2
11 16 2
11 17 2
11 18 2
11 19 2
11 20 2
11 21 2
11 22 2
11 23 2
11 24 2
11 25 2
11 26 2
11 27 2
11 28 2
11 29 2
11 30 2
11 31 2
11 32 2
11 33 2
11 34 2
11 35 2
11 36 2
11 37 2
11 38 2
11 39 2
11 40 2
11 41 2
11 42 2
11 43 2
11 44 2
11 45 2
11 46 2
11 47 2
11 48 2
11 49 2
11 50 2
11 51 2
11 52 2
11 53 2
11 54 2
11 55 2
11 56 2
11 57 2
11 58 2
11 59 2
11 60 2
11 61 2
11 62 2
11 63 2
11 64 2
11 65 2
11 66 2
11 67 2
11 68 2
11 69 2
11 70 2
11 71 2
11 72 2
11 73 2
11 74 2
11 75 2
11 76 2
11 77 2
11 78 2
11 79 2
11 80 2
11 81 2
11 82 2
11 83 2
11 84 2
11 85 2
11 86 2
11 87 2
11 88 2
11 89 2
11 90 2
11 91 2
11 92 2
11 93 2
11 94 2
11 95 2
11 96 2
11 97 2
11 98 2
11 99 2
11 100 2
12 13 2
12 14 2
12 15 2
12 16 2
12 17 2
12 18 2
12 19 2
12 20 2
12 21 2
12 22 2
12 23 2
12 24 2
12 25 2
12 26 2
12 27 2
12 28 2
12 29 2
12 30 2
12 31 2
12 32 2
12 33 2
12 34 2
12 35 2
12 36 2
12 37 2
12 38 2
12 39 2
12 40 2
12 41 2
12 42 2
12 43 2
12 44 2
12 45 2
12 46 2
12 47 2
12 48 2
12 49 2
12 50 2
12 51 2
12 52 2
12 53 2
12 54 2
12 55 2
12 56 2
12 57 2
12 58 2
12 59 2
12 60 2
12 61 2
12 62 2
12 63 2
12 64 2
12 65 2
12 66 2
12 67 2
12 68 2
12 69 2
12 70 2
12 71 2
12 72 2
12 73 2
12 74 2
12 75 2
12 76 2
12 77 2
12 78 2
12 79 2
12 80 2
12 81 2
12 82 2
12 83 2
12 84 2
12 85 2
12 86 2
12 87 2
12 88 2
12 89 2
12 90 2
12 91 2
12 92 2
12 93 2
12 94 2
12 95 2
12 96 2
12 97 2
12 98 2
12 99 2
12 100 2
13 14 2
13 15 2
13 16 2
13 17 2
13 18 2
13 19 2
13 20 2
13 21 2
13 22 2
13 23 2
13 24 2
13 25 2
13 26 2
13 27 2
13 28 2
13 29 2
13 30 2
13 31 2
13 32 2
13 33 2
13 34 2
13 35 2
13 36 2
13 37 2
13 38 2
13 39 2
13 40 2
13 41 2
13 42 2
13 43 2
13 44 2
13 45 2
13 46 2
13 47 2
13 48 2
13 49 2
13 50 2
13 51 2
13 52 2
13 53 2
13 54 2
13 55 2
13 56 2
13 57 2
13 58 2
13 59 2
13 60 2
13 61 2
13 62 2
13 63 2
13 64 2
13 65 2
13 66 2
13 67 2
13 68 2
13 69 2
13 70 2
13 71 2
13 72 2
13 73 2
13 74 2
13 75 2
13 76 2
13 77 2
13 78 2
13 79 2
13 80 2
13 81 2
13 82 2
13 83 2
13 84 2
13 85 2
13 86 2
13 87 2
13 88 2
13 89 2
13 90 2
13 91 2
13 92 2
13 93 2
13 94 2
13 95 2
13 96 2
13 97 2
13 98 2
13 99 2
13 100 2
14 15 2
14 16 2
14 17 2
14 18 2
14 19 2
14 20 2
14 21 2
14 22 2
14 23 2
14 24 2
14 25 2
14 26 2
14 27 2
14 28 2
14 29 2
14 30 2
14 31 2
14 32 2
14 33 2
14 34 2
14 35 2
14 36 2
14 37 2
14 38 2
14 39 2
14 40 2
14 41 2
14 42 2
14 43 2
14 44 2
14 45 2
14 46 2
14 47 2
14 48 2
14 49 2
14 50 2
14 51 2
14 52 2
14 53 2
14 54 2
14 55 2
14 56 2
14 57 2
14 58 2
14 59 2
14 60 2
14 61 2
14 62 2
14 63 2
14 64 2
14 65 2
14 66 2
14 67 2
14 68 2
14 69 2
14 70 2
14 71 2
14 72 2
14 73 2
14 74 2
14 75 2
14 76 2
14 77 2
14 78 2
14 79 2
14 80 2
14 81 2
14 82 2
14 83 2
14 84 2
14 85 2
14 86 2
14 87 2
14 88 2
14 89 2
14 90 2
14 91 2
14 92 2
14 93 2
14 94 2
14 95 2
14 96 2
14 97 2
14 98 2
14 99 2
14 100 2
15 16 2
15 17 2
15 18 2
15 19 2
15 20 2
15 21 2
15 22 2
15 23 2
15 24 2
15 25 2
15 26 2
15 27 2
15 28 2
15 29 2
15 30 2
15 31 2
15 32 2
15 33 2
15 34 2
15 35 2
15 36 2
15 37 2
15 38 2
15 39 2
15 40 2
15 41 2
15 42 2
15 43 2
15 44 2
15 45 2
15 46 2
15 47 2
15 48 2
15 49 2
15 50 2
15 51 2
15 52 2
15 53 2
15 54 2
15 55 2
15 56 2
15 57 2
15 58 2
15 59 2
15 60 2
15 61 2
15 62 2
15 63 2
15 64 2
15 65 2
15 66 2
15 67 2
15 68 2
15 69 2
15 70 2
15 71 2
15 72 2
15 73 2
15 74 2
15 75 2
15 76 2
15 77 2
15 78 2
15 79 2
15 80 2
15 81 2
15 82 2
15 83 2
15 84 2
15 85 2
15 86 2
15 87 2
15 88 2
15 89 2
15 90 2
15 91 2
15 92 2
15 93 2
15 94 2
15 95 2
15 96 2
15 97 2
15 98 2
15 99 2
15 100 2
16 17 2
16 18 2
16 19 2
16 20 2
16 21 2
16 22 2
16 23 2
16 24 2
16 25 2
16 26 2
16 27 2
16 28 2
16 29 2
16 30 2
16 31 2
16 32 2
16 33 2
16 34 2
16 35 2
16 36 2
16 37 2
16 38 2
16 39 2
16 40 2
16 41 2
16 42 2
16 43 2
16 44 2
16 45 2
16 46 2
16 47 2
16 48 2
16 49 2
16 50 2
16 51 2
16 52 2
16 53 2
16 54 2
16 55 2
16 56 2
16 57 2
16 58 2
16 59 2
16 60 2
16 61 2
16 62 2
16 63 2
16 64 2
16 65 2
16 66 2
16 67 2
16 68 2
16 69 2
16 70 2
16 71 2
16 72 2
16 73 2
16 74 2
16 75 2
16 76 2
16 77 2
16 78 2
16 79 2
16 80 2
16 81 2
16 82 2
16 83 2
16 84 2
16 85 2
16 86 2
16 87 2
16 88 2
16 89 2
16 90 2
16 91 2
16 92 2
16 93 2
16 94 2
16 95 2
16 96 2
16 97 2
16 98 2
16 99 2
16 100 2
17 18 2
17 19 2
17 20 2
17 21 2
17 22 2
17 23 2
17 24 2
17 25 2
17 26 2
17 27 2
17 28 2
17 29 2
17 30 2
17 31 2
17 32 2
17 33 2
17 34 2
17 35 2
17 36 2
17 37 2
17 38 2
17 39 2
17 40 2
17 41 2
17 42 2
17 43 2
17 44 2
17 45 2
17 46 2
17 47 2
17 48 2
17 49 2
17 50 2
17 51 2
17 52 2
17 53 2
17 54 2
17 55 2
17 56 2
17 57 2
17 58 2
17 59 2
17 60 2
17 61 2
17 62 2
17 63 2
17 64 2
17 65 2
17 66 2
17 67 2
17 68 2
17 69 2
17 70 2
17 71 2
17 72 2
17 73 2
17 74 2
17 75 2
17 76 2
17 77 2
17 78 2
17 79 2
17 80 2
17 81 2
17 82 2
17 83 2
17 84 2
17 85 2
17 86 2
17 87 2
17 88 2
17 89 2
17 90 2
17 91 2
17 92 2
17 93 2
17 94 2
17 95 2
17 96 2
17 97 2
17 98 2
17 99 2
17 100 2
18 19 2
18 20 2
18 21 2
18 22 2
18 23 2
18 24 2
18 25 2
18 26 2
18 27 2
18 28 2
18 29 2
18 30 2
18 31 2
18 32 2
18 33 2
18 34 2
18 35 2
18 36 2
18 37 2
18 38 2
18 39 2
18 40 2
18 41 2
18 42 2
18 43 2
18 44 2
18 45 2
18 46 2
18 47 2
18 48 2
18 49 2
18 50 2
18 51 2
18 52 2
18 53 2
18 54 2
18 55 2
18 56 2
18 57 2
18 58 2
18 59 2
18 60 2
18 61 2
18 62 2
18 63 2
18 64 2
18 65 2
18 66 2
18 67 2
18 68 2
18 69 2
18 70 2
18 71 2
18 72 2
18 73 2
18 74 2
18 75 2
18 76 2
18 77 2
18 78 2
18 79 2
18 80 2
18 81 2
18 82 2
18 83 2
18 84 2
18 85 2
18 86 2
18 87 2
18 88 2
18 89 2
18 90 2
18 91 2
18 92 2
18 93 2
18 94 2
18 95 2
18 96 2
18 97 2
18 98 2
18 99 2
18 100 2
19 20 2
19 21 2
19 22 2
19 23 2
19 24 2
19 25 2
19 26 2
19 27 2
19 28 2
19 29 2
19 30 2
19 31 2
19 32 2
19 33 2
19 34 2
19 35 2
19 36 2
19 37 2
19 38 2
19 39 2
19 40 2
19 41 2
19 42 2
19 43 2
19 44 2
19 45 2
19 46 2
19 47 2
19 48 2
19 49 2
19 50 2
19 51 2
19 52 2
19 53 2
19 54 2
19 55 2
19 56 2
19 57 2
19 58 2
19 59 2
19 60 2
19 61 2
19 62 2
19 63 2
19 64 2
19 65 2
19 66 2
19 67 2
19 68 2
19 69 2
19 70 2
19 71 2
19 72 2
19 73 2
19 74 2
19 75 2
19 76 2
19 77 2
19 78 2
19 79 2
19 80 2
19 81 2
19 82 2
19 83 2
19 84 2
19 85 2
19 86 2
19 87 2
19 88 2
19 89 2
19 90 2
19 91 2
19 92 2
19 93 2
19 94 2
19 95 2
19 96 2
19 97 2
19 98 2
19 99 2
19 100 2
20 21 2
20 22 2
20 23 2
20 24 2
20 25 2
20 26 2
20 27 2
20 28 2
20 29 2
20 30 2
20 31 2
20 32 2
20 33 2
20 34 2
20 35 2
20 36 2
20 37 2
20 38 2
20 39 2
20 40 2
20 41 2
20 42 2
20 43 2
20 44 2
20 45 2
20 46 2
20 47 2
20 48 2
20 49 2
20 50 2
20 51 2
20 52 2
20 53 2
20 54 2
20 55 2
20 56 2
20 57 2
20 58 2
20 59 2
20 60 2
20 61 2
20 62 2
20 63 2
20 64 2
20 65 2
20 66 2
20 67 2
20 68 2
20 69 2
20 70 2
20 71 2
20 72 2
20 73 2
20 74 2
20 75 2
20 76 2
20 77 2
20 78 2
20 79 2
20 80 2
20 81 2
20 82 2
20 83 2
20 84 2
20 85 2
20 86 2
20 87 2
20 88 2
20 89 2
20 90 2
20 91 2
20 92 2
20 93 2
20 94 2
20 95 2
20 96 2
20 97 2
20 98 2
20 99 2
20 100 2
21 22 2
21 23 2
21 24 2
21 25 2
21 26 2
21 27 2
21 28 2
21 29 2
21 30 2
21 31 2
21 32 2
21 33 2
21 34 2
21 35 2
21 36 2
21 37 2
21 38 2
21 39 2
21 40 2
21 41 2
21 42 2
21 43 2
21 44 2
21 45 2
21 46 2
21 47 2
21 48 2
21 49 2
21 50 2
21 51 2
21 52 2
21 53 2
21 54 2
21 55 2
21 56 2
21 57 2
21 58 2
21 59 2
21 60 2
21 61 2
21 62 2
21 63 2
21 64 2
21 65 2
21 66 2
21 67 2
21 68 2
21 69 2
21 70 2
21 71 2
21 72 2
21 73 2
21 74 2
21 75 2
21 76 2
21 77 2
21 78 2
21 79 2
21 80 2
21 81 2
21 82 2
21 83 2
21 84 2
21 85 2
21 86 2
21 87 2
21 88 2
21 89 2
21 90 2
21 91 2
21 92 2
21 93 2
21 94 2
21 95 2
21 96 2
21 97 2
21 98 2
21 99 2
21 100 2
22 23 2
22 24 2
22 25 2
22 26 2
22 27 2
22 28 2
22 29 2
22 30 2
22 31 2
22 32 2
22 33 2
22 34 2
22 35 2
22 36 2
22 37 2
22 38 2
22 39 2
22 40 2
22 41 2
22 42 2
22 43 2
22 44 2
22 45 2
22 46 2
22 47 2
22 48 2
22 49 2
22 50 2
22 51 2
22 52 2
22 53 2
22 54 2
22 55 2
22 56 2
22 57 2
22 58 2
22 59 2
22 60 2
22 61 2
22 62 2
22 63 2
22 64 2
22 65 2
22 66 2
22 67 2
22 68 2
22 69 2
22 70 2
22 71 2
22 72 2
22 73 2
22 74 2
22 75 2
22 76 2
22 77 2
22 78 2
22 79 2
22 80 2
22 81 2
22 82 2
22 83 2
22 84 2
22 85 2
22 86 2
22 87 2
22 88 2
22 89 2
22 90 2
22 91 2
22 92 2
22 93 2
22 94 2
22 95 2
22 96 2
22 97 2
22 98 2
22 99 2
22 100 2
23 24 2
23 25 2
23 26 2
23 27 2
23 28 2
23 29 2
23 30 2
23 31 2
23 32 2
23 33 2
23 34 2
23 35 2
23 36 2
23 37 2
23 38 2
23 39 2
23 40 2
23 41 2
23 42 2
23 43 2
23 44 2
23 45 2
23 46 2
23 47 2
23 48 2
23 49 2
23 50 2
23 51 2
23 52 2
23 53 2
23 54 2
23 55 2
23 56 2
23 57 2
23 58 2
23 59 2
23 60 2
23 61 2
23 62 2
23 63 2
23 64 2
23 65 2
23 66 2
23 67 2
23 68 2
23 69 2
23 70 2
23 71 2
23 72 2
23 73 2
23 74 2
23 75 2
23 76 2
23 77 2
23 78 2
23 79 2
23 80 2
23 81 2
23 82 2
23 83 2
23 84 2
23 85 2
23 86 2
23 87 2
23 88 2
23 89 2
23 90 2
23 91 2
23 92 2
23 93 2
23 94 2
23 95 2
23 96 2
23 97 2
23 98 2
23 99 2
23 100 2
24 25 2
24 26 2
24 27 2
24 28 2
24 29 2
24 30 2
24 31 2
24 32 2
24 33 2
24 34 2
24 35 2
24 36 2
24 37 2
24 38 2
24 39 2
24 40 2
24 41 2
24 42 2
24 43 2
24 44 2
24 45 2
24 46 2
24 47 2
24 48 2
24 49 2
24 50 2
24 51 2
24 52 2
24 53 2
24 54 2
24 55 2
24 56 2
24 57 2
24 58 2
24 59 2
24 60 2
24 61 2
24 62 2
24 63 2
24 64 2
24 65 2
24 66 2
24 67 2
24 68 2
24 69 2
24 70 2
24 71 2
24 72 2
24 73 2
24 74 2
24 75 2
24 76 2
24 77 2
24 78 2
24 79 2
24 80 2
24 81 2
24 82 2
24 83 2
24 84 2
24 85 2
24 86 2
24 87 2
24 88 2
24 89 2
24 90 2
24 91 2
24 92 2
24 93 2
24 94 2
24 95 2
24 96 2
24 97 2
24 98 2
24 99 2
24 100 2
25 26 2
25 27 2
25 28 2
25 29 2
25 30 2
25 31 2
25 32 2
25 33 2
25 34 2
25 35 2
25 36 2
25 37 2
25 38 2
25 39 2
25 40 2
25 41 2
25 42 2
25 43 2
25 44 2
25 45 2
25 46 2
25 47 2
25 48 2
25 49 2
25 50 2
25 51 2
25 52 2
25 53 2
25 54 2
25 55 2
25 56 2
25 57 2
25 58 2
25 59 2
25 60 2
25 61 2
25 62 2
25 63 2
25 64 2
25 65 2
25 66 2
25 67 2
25 68 2
25 69 2
25 70 2
25 71 2
25 72 2
25 73 2
25 74 2
25 75 2
25 76 2
25 77 2
25 78 2
25 79 2
25 80 2
25 81 2
25 82 2
25 83 2
25 84 2
25 85 2
25 86 2
25 87 2
25 88 2
25 89 2
25 90 2
25 91 2
25 92 2
25 93 2
25 94 2
25 95 2
25 96 2
25 97 2
25 98 2
25 99 2
25 100 2
26 27 2
26 28 2
26 29 2
26 30 2
26 31 2
26 32 2
26 33 2
26 34 2
26 35 2
26 36 2
26 37 2
26 38 2
26 39 2
26 40 2
26 41 2
26 42 2
26 43 2
26 44 2
26 45 2
26 46 2
26 47 2
26 48 2
26 49 2
26 50 2
26 51 2
26 52 2
26 53 2
26 54 2
26 55 2
26 56 2
26 57 2
26 58 2
26 59 2
26 60 2
26 61 2
26 62 2
26 63 2
26 64 2
26 65 2
26 66 2
26 67 2
26 68 2
26 69 2
26 70 2
26 71 2
26 72 2
26 73 2
26 74 2
26 75 2
26 76 2
26 77 2
26 78 2
26 79 2
26 80 2
26 81 2
26 82 2
26 83 2
26 84 2
26 85 2
26 86 2
26 87 2
26 88 2
26 89 2
26 90 2
26 91 2
26 92 2
26 93 2
26 94 2
26 95 2
26 96 2
26 97 2
26 98 2
26 99 2
26 100 2
27 28 2
27 29 2
27 30 2
27 31 2
27 32 2
27 33 2
27 34 2
27 35 2
27 36 2
27 37 2
27 38 2
27 39 2
27 40 2
27 41 2
27 42 2
27 43 2
27 44 2
27 45 2
27 46 2
27 47 2
27 48 2
27 49 2
27 50 2
27 51 2
27 52 2
27 53 2
27 54 2
27 55 2
27 56 2
27 57 2
27 58 2
27 59 2
27 60 2
27 61 2
27 62 2
27 63 2
27 64 2
27 65 2
27 66 2
27 67 2
27 68 2
27 69 2
27 70 2
27 71 2
27 72 2
27 73 2
27 74 2
27 75 2
27 76 2
27 77 2
27 78 2
27 79 2
27 80 2
27 81 2
27 82 2
27 83 2
27 84 2
27 85 2
27 86 2
27 87 2
27 88 2
27 89 2
27 90 2
27 91 2
27 92 2
27 93 2
27 94 2
27 95 2
27 96 2
27 97 2
27 98 2
27 99 2
27 100 2
28 29 2
28 30 2
28 31 2
28 32 2
28 33 2
28 34 2
28 35 2
28 36 2
28 37 2
28 38 2
28 39 2
28 40 2
28 41 2
28 42 2
28 43 2
28 44 2
28 45 2
28 46 2
28 47 2
28 48 2
28 49 2
28 50 2
28 51 2
28 52 2
28 53 2
28 54 2
28 55 2
28 56 2
28 57 2
28 58 2
28 59 2
28 60 2
28 61 2
28 62 2
28 63 2
28 64 2
28 65 2
28 66 2
28 67 2
28 68 2
28 69 2
28 70 2
28 71 2
28 72 2
28 73 2
28 74 2
28 75 2
28 76 2
28 77 2
28 78 2
28 79 2
28 80 2
28 81 2
28 82 2
28 83 2
28 84 2
28 85 2
28 86 2
28 87 2
28 88 2
28 89 2
28 90 2
28 91 2
28 92 2
28 93 2
28 94 2
28 95 2
28 96 2
28 97 2
28 98 2
28 99 2
28 100 2
29 30 2
29 31 2
29 32 2
29 33 2
29 34 2
29 35 2
29 36 2
29 37 2
29 38 2
29 39 2
29 40 2
29 41 2
29 42 2
29 43 2
29 44 2
29 45 2
29 46 2
29 47 2
29 48 2
29 49 2
29 50 2
29 51 2
29 52 2
29 53 2
29 54 2
29 55 2
29 56 2
29 57 2
29 58 2
29 59 2
29 60 2
29 61 2
29 62 2
29 63 2
29 64 2
29 65 2
29 66 2
29 67 2
29 68 2
29 69 2
29 70 2
29 71 2
29 72 2
29 73 2
29 74 2
29 75 2
29 76 2
29 77 2
29 78 2
29 79 2
29 80 2
29 81 2
29 82 2
29 83 2
29 84 2
29 85 2
29 86 2
29 87 2
29 88 2
29 89 2
29 90 2
29 91 2
29 92 2
29 93 2
29 94 2
29 95 2
29 96 2
29 97 2
29 98 2
29 99 2
29 100 2
30 31 2
30 32 2
30 33 2
30 34 2
30 35 2
30 36 2
30 37 2
30 38 2
30 39 2
30 40 2
30 41 2
30 42 2
30 43 2
30 44 2
30 45 2
30 46 2
30 47 2
30 48 2
30 49 2
30 50 2
30 51 2
30 52 2
30 53 2
30 54 2
30 55 2
30 56 2
30 57 2
30 58 2
30 59 2
30 60 2
30 61 2
30 62 2
30 63 2
30 64 2
30 65 2
30 66 2
30 67 2
30 68 2
30 69 2
30 70 2
30 71 2
30 72 2
30 73 2
30 74 2
30 75 2
30 76 2
30 77 2
30 78 2
30 79 2
30 80 2
30 81 2
30 82 2
30 83 2
30 84 2
30 85 2
30 86 2
30 87 2
30 88 2
30 89 2
30 90 2
30 91 2
30 92 2
30 93 2
30 94 2
30 95 2
30 96 2
30 97 2
30 98 2
30 99 2
30 100 2
31 32 2
31 33 2
31 34 2
31 35 2
31 36 2
31 37 2
31 38 2
31 39 2
31 40 2
31 41 2
31 42 2
31 43 2
31 44 2
31 45 2
31 46 2
31 47 2
31 48 2
31 49 2
31 50 2
31 51 2
31 52 2
31 53 2
31 54 2
31 55 2
31 56 2
31 57 2
31 58 2
31 59 2
31 60 2
31 61 2
31 62 2
31 63 2
31 64 2
31 65 2
31 66 2
31 67 2
31 68 2
31 69 2
31 70 2
31 71 2
31 72 2
31 73 2
31 74 2
31 75 2
31 76 2
31 77 2
31 78 2
31 79 2
31 80 2
31 81 2
31 82 2
31 83 2
31 84 2
31 85 2
31 86 2
31 87 2
31 88 2
31 89 2
31 90 2
31 91 2
31 92 2
31 93 2
31 94 2
31 95 2
31 96 2
31 97 2
31 98 2
31 99 2
31 100 2
32 33 2
32 34 2
32 35 2
32 36 2
32 37 2
32 38 2
32 39 2
32 40 2
32 41 2
32 42 2
32 43 2
32 44 2
32 45 2
32 46 2
32 47 2
32 48 2
32 49 2
32 50 2
32 51 2
32 52 2
32 53 2
32 54 2
32 55 2
32 56 2
32 57 2
32 58 2
32 59 2
32 60 2
32 61 2
32 62 2
32 63 2
32 64 2
32 65 2
32 66 2
32 67 2
32 68 2
32 69 2
32 70 2
32 71 2
32 72 2
32 73 2
32 74 2
32 75 2
32 76 2
32 77 2
32 78 2
32 79 2
32 80 2
32 81 2
32 82 2
32 83 2
32 84 2
32 85 2
32 86 2
32 87 2
32 88 2
32 89 2
32 90 2
32 91 2
32 92 2
32 93 2
32 94 2
32 95 2
32 96 2
32 97 2
32 98 2
32 99 2
32 100 2
33 34 2
33 35 2
33 36 2
33 37 2
33 38 2
33 39 2
33 40 2
33 41 2
33 42 2
33 43 2
33 44 2
33 45 2
33 46 2
33 47 2
33 48 2
33 49 2
33 50 2
33 51 2
33 52 2
33 53 2
33 54 2
33 55 2
33 56 2
33 57 2
33 58 2
33 59 2
33 60 2
33 61 2
33 62 2
33 63 2
33 64 2
33 65 2
33 66 2
33 67 2
33 68 2
33 69 2
33 70 2
33 71 2
33 72 2
33 73 2
33 74 2
33 75 2
33 76 2
33 77 2
33 78 2
33 79 2
33 80 2
33 81 2
33 82 2
33 83 2
33 84 2
33 85 2
33 86 2
33 87 2
33 88 2
33 89 2
33 90 2
33 91 2
33 92 2
33 93 2
33 94 2
33 95 2
33 96 2
33 97 2
33 98 2
33 99 2
33 100 2
34 35 2
34 36 2
34 37 2
34 38 2
34 39 2
34 40 2
34 41 2
34 42 2
34 43 2
34 44 2
34 45 2
34 46 2
34 47 2
34 48 2
34 49 2
34 50 2
34 51 2
34 52 2
34 53 2
34 54 2
34 55 2
34 56 2
34 57 2
34 58 2
34 59 2
34 60 2
34 61 2
34 62 2
34 63 2
34 64 2
34 65 2
34 66 2
34 67 2
34 68 2
34 69 2
34 70 2
34 71 2
34 72 2
34 73 2
34 74 2
34 75 2
34 76 2
34 77 2
34 78 2
34 79 2
34 80 2
34 81 2
34 82 2
34 83 2
34 84 2
34 85 2
34 86 2
34 87 2
34 88 2
34 89 2
34 90 2
34 91 2
34 92 2
34 93 2
34 94 2
34 95 2
34 96 2
34 97 2
34 98 2
34 99 2
34 100 2
35 36 2
35 37 2
35 38 2
35 39 2
35 40 2
35 41 2
35 42 2
35 43 2
35 44 2
35 45 2
35 46 2
35 47 2
35 48 2
35 49 2
35 50 2
35 51 2
35 52 2
35 53 2
35 54 2
35 55 2
35 56 2
35 57 2
35 58 2
35 59 2
35 60 2
35 61 2
35 62 2
35 63 2
35 64 2
35 65 2
35 66 2
35 67 2
35 68 2
35 69 2
35 70 2
35 71 2
35 72 2
35 73 2
35 74 2
35 75 2
35 76 2
35 77 2
35 78 2
35 79 2
35 80 2
35 81 2
35 82 2
35 83 2
35 84 2
35 85 2
35 86 2
35 87 2
35 88 2
35 89 2
35 90 2
35 91 2
35 92 2
35 93 2
35 94 2
35 95 2
35 96 2
35 97 2
35 98 2
35 99 2
35 100 2
36 37 2
36 38 2
36 39 2
36 40 2
36 41 2
36 42 2
36 43 2
36 44 2
36 45 2
36 46 2
36 47 2
36 48 2
36 49 2
36 50 2
36 51 2
36 52 2
36 53 2
36 54 2
36 55 2
36 56 2
36 57 2
36 58 2
36 59 2
36 60 2
36 61 2
36 62 2
36 63 2
36 64 2
36 65 2
36 66 2
36 67 2
36 68 2
36 69 2
36 70 2
36 71 2
36 72 2
36 73 2
36 74 2
36 75 2
36 76 2
36 77 2
36 78 2
36 79 2
36 80 2
36 81 2
36 82 2
36 83 2
36 84 2
36 85 2
36 86 2
36 87 2
36 88 2
36 89 2
36 90 2
36 91 2
36 92 2
36 93 2
36 94 2
36 95 2
36 96 2
36 97 2
36 98 2
36 99 2
36 100 2
37 38 2
37 39 2
37 40 2
37 41 2
37 42 2
37 43 2
37 44 2
37 45 2
37 46 2
37 47 2
37 48 2
37 49 2
37 50 2
37 51 2
37 52 2
37 53 2
37 54 2
37 55 2
37 56 2
37 57 2
37 58 2
37 59 2
37 60 2
37 61 2
37 62 2
37 63 2
37 64 2
37 65 2
37 66 2
37 67 2
37 68 2
37 69 2
37 70 2
37 71 2
37 72 2
37 73 2
37 74 2
37 75 2
37 76 2
37 77 2
37 78 2
37 79 2
37 80 2
37 81 2
37 82 2
37 83 2
37 84 2
37 85 2
37 86 2
37 87 2
37 88 2
37 89 2
37 90 2
37 91 2
37 92 2
37 93 2
37 94 2
37 95 2
37 96 2
37 97 2
37 98 2
37 99 2
37 100 2
38 39 2
38 40 2
38 41 2
38 42 2
38 43 2
38 44 2
38 45 2
38 46 2
38 47 2
38 48 2
38 49 2
38 50 2
38 51 2
38 52 2
38 53 2
38 54 2
38 55 2
38 56 2
38 57 2
38 58 2
38 59 2
38 60 2
38 61 2
38 62 2
38 63 2
38 64 2
38 65 2
38 66 2
38 67 2
38 68 2
38 69 2
38 70 2
38 71 2
38 72 2
38 73 2
38 74 2
38 75 2
38 76 2
38 77 2
38 78 2
38 79 2
38 80 2
38 81 2
38 82 2
38 83 2
38 84 2
38 85 2
38 86 2
38 87 2
38 88 2
38 89 2
38 90 2
38 91 2
38 92 2
38 93 2
38 94 2
38 95 2
38 96 2
38 97 2
38 98 2
38 99 2
38 100 2
39 40 2
39 41 2
39 42 2
39 43 2
39 44 2
39 45 2
39 46 2
39 47 2
39 48 2
39 49 2
39 50 2
39 51 2
39 52 2
39 53 2
39 54 2
39 55 2
39 56 2
39 57 2
39 58 2
39 59 2
39 60 2
39 61 2
39 62 2
39 63 2
39 64 2
39 65 2
39 66 2
39 67 2
39 68 2
39 69 2
39 70 2
39 71 2
39 72 2
39 73 2
39 74 2
39 75 2
39 76 2
39 77 2
39 78 2
39 79 2
39 80 2
39 81 2
39 82 2
39 83 2
39 84 2
39 85 2
39 86 2
39 87 2
39 88 2
39 89 2
39 90 2
39 91 2
39 92 2
39 93 2
39 94 2
39 95 2
39 96 2
39 97 2
39 98 2
39 99 2
39 100 2
40 41 2
40 42 2
40 43 2
40 44 2
40 45 2
40 46 2
40 47 2
40 48 2
40 49 2
40 50 2
40 51 2
40 52 2
40 53 2
40 54 2
40 55 2
40 56 2
40 57 2
40 58 2
40 59 2
40 60 2
40 61 2
40 62 2
40 63 2
40 64 2
40 65 2
40 66 2
40 67 2
40 68 2
40 69 2
40 70 2
40 71 2
40 72 2
40 73 2
40 74 2
40 75 2
40 76 2
40 77 2
40 78 2
40 79 2
40 80 2
40 81 2
40 82 2
40 83 2
40 84 2
40 85 2
40 86 2
40 87 2
40 88 2
40 89 2
40 90 2
40 91 2
40 92 2
40 93 2
40 94 2
40 95 2
40 96 2
40 97 2
40 98 2
40 99 2
40 100 2
41 42 2
41 43 2
41 44 2
41 45 2
41 46 2
41 47 2
41 48 2
41 49 2
41 50 2
41 51 2
41 52 2
41 53 2
41 54 2
41 55 2
41 56 2
41 57 2
41 58 2
41 59 2
41 60 2
41 61 2
41 62 2
41 63 2
41 64 2
41 65 2
41 66 2
41 67 2
41 68 2
41 69 2
41 70 2
41 71 2
41 72 2
41 73 2
41 74 2
41 75 2
41 76 2
41 77 2
41 78 2
41 79 2
41 80 2
41 81 2
41 82 2
41 83 2
41 84 2
41 85 2
41 86 2
41 87 2
41 88 2
41 89 2
41 90 2
41 91 2
41 92 2
41 93 2
41 94 2
41 95 2
41 96 2
41 97 2
41 98 2
41 99 2
41 100 2
42 43 2
42 44 2
42 45 2
42 46 2
42 47 2
42 48 2
42 49 2
42 50 2
42 51 2
42 52 2
42 53 2
42 54 2
42 55 2
42 56 2
42 57 2
42 58 2
42 59 2
42 60 2
42 61 2
42 62 2
42 63 2
42 64 2
42 65 2
42 66 2
42 67 2
42 68 2
42 69 2
42 70 2
42 71 2
42 72 2
42 73 2
42 74 2
42 75 2
42 76 2
42 77 2
42 78 2
42 79 2
42 80 2
42 81 2
42 82 2
42 83 2
42 84 2
42 85 2
42 86 2
42 87 2
42 88 2
42 89 2
42 90 2
42 91 2
42 92 2
42 93 2
42 94 2
42 95 2
42 96 2
42 97 2
42 98 2
42 99 2
42 100 2
43 44 2
43 45 2
43 46 2
43 47 2
43 48 2
43 49 2
43 50 2
43 51 2
43 52 2
43 53 2
43 54 2
43 55 2
43 56 2
43 57 2
43 58 2
43 59 2
43 60 2
43 61 2
43 62 2
43 63 2
43 64 2
43 65 2
43 66 2
43 67 2
43 68 2
43 69 2
43 70 2
43 71 2
43 72 2
43 73 2
43 74 2
43 75 2
43 76 2
43 77 2
43 78 2
43 79 2
43 80 2
43 81 2
43 82 2
43 83 2
43 84 2
43 85 2
43 86 2
43 87 2
43 88 2
43 89 2
43 90 2
43 91 2
43 92 2
43 93 2
43 94 2
43 95 2
43 96 2
43 97 2
43 98 2
43 99 2
43 100 2
44 45 2
44 46 2
44 47 2
44 48 2
44 49 2
44 50 2
44 51 2
44 52 2
44 53 2
44 54 2
44 55 2
44 56 2
44 57 2
44 58 2
44 59 2
44 60 2
44 61 2
44 62 2
44 63 2
44 64 2
44 65 2
44 66 2
44 67 2
44 68 2
44 69 2
44 70 2
44 71 2
44 72 2
44 73 2
44 74 2
44 75 2
44 76 2
44 77 2
44 78 2
44 79 2
44 80 2
44 81 2
44 82 2
44 83 2
44 84 2
44 85 2
44 86 2
44 87 2
44 88 2
44 89 2
44 90 2
44 91 2
44 92 2
44 93 2
44 94 2
44 95 2
44 96 2
44 97 2
44 98 2
44 99 2
44 100 2
45 46 2
45 47 2
45 48 2
45 49 2
45 50 2
45 51 2
45 52 2
45 53 2
45 54 2
45 55 2
45 56 2
45 57 2
45 58 2
45 59 2
45 60 2
45 61 2
45 62 2
45 63 2
45 64 2
45 65 2
45 66 2
45 67 2
45 68 2
45 69 2
45 70 2
45 71 2
45 72 2
45 73 2
45 74 2
45 75 2
45 76 2
45 77 2
45 78 2
45 79 2
45 80 2
45 81 2
45 82 2
45 83 2
45 84 2
45 85 2
45 86 2
45 87 2
45 88 2
45 89 2
45 90 2
45 91 2
45 92 2
45 93 2
45 94 2
45 95 2
45 96 2
45 97 2
45 98 2
45 99 2
45 100 2
46 47 2
46 48 2
46 49 2
46 50 2
46 51 2
46 52 2
46 53 2
46 54 2
46 55 2
46 56 2
46 57 2
46 58 2
46 59 2
46 60 2
46 61 2
46 62 2
46 63 2
46 64 2
46 65 2
46 66 2
46 67 2
46 68 2
46 69 2
46 70 2
46 71 2
46 72 2
46 73 2
46 74 2
46 75 2
46 76 2
46 77 2
46 78 2
46 79 2
46 80 2
46 81 2
46 82 2
46 83 2
46 84 2
46 85 2
46 86 2
46 87 2
46 88 2
46 89 2
46 90 2
46 91 2
46 92 2
46 93 2
46 94 2
46 95 2
46 96 2
46 97 2
46 98 2
46 99 2
46 100 2
47 48 2
47 49 2
47 50 2
47 51 2
47 52 2
47 53 2
47 54 2
47 55 2
47 56 2
47 57 2
47 58 2
47 59 2
47 60 2
47 61 2
47 62 2
47 63 2
47 64 2
47 65 2
47 66 2
47 67 2
47 68 2
47 69 2
47 70 2
47 71 2
47 72 2
47 73 2
47 74 2
47 75 2
47 76 2
47 77 2
47 78 2
47 79 2
47 80 2
47 81 2
47 82 2
47 83 2
47 84 2
47 85 2
47 86 2
47 87 2
47 88 2
47 89 2
47 90 2
47 91 2
47 92 2
47 93 2
47 94 2
47 95 2
47 96 2
47 97 2
47 98 2
47 99 2
47 100 2
48 49 2
48 50 2
48 51 2
48 52 2
48 53 2
48 54 2
48 55 2
48 56 2
48 57 2
48 58 2
48 59 2
48 60 2
48 61 2
48 62 2
48 63 2
48 64 2
48 65 2
48 66 2
48 67 2
48 68 2
48 69 2
48 70 2
48 71 2
48 72 2
48 73 2
48 74 2
48 75 2
48 76 2
48 77 2
48 78 2
48 79 2
48 80 2
48 81 2
48 82 2
48 83 2
48 84 2
48 85 2
48 86 2
48 87 2
48 88 2
48 89 2
48 90 2
48 91 2
48 92 2
48 93 2
48 94 2
48 95 2
48 96 2
48 97 2
48 98 2
48 99 2
48 100 2
49 50 2
49 51 2
49 52 2
49 53 2
49 54 2
49 55 2
49 56 2
49 57 2
49 58 2
49 59 2
49 60 2
49 61 2
49 62 2
49 63 2
49 64 2
49 65 2
49 66 2
49 67 2
49 68 2
49 69 2
49 70 2
49 71 2
49 72 2
49 73 2
49 74 2
49 75 2
49 76 2
49 77 2
49 78 2
49 79 2
49 80 2
49 81 2
49 82 2
49 83 2
49 84 2
49 85 2
49 86 2
49 87 2
49 88 2
49 89 2
49 90 2
49 91 2
49 92 2
49 93 2
49 94 2
49 95 2
49 96 2
49 97 2
49 98 2
49 99 2
49 100 2
50 51 2
50 52 2
50 53 2
50 54 2
50 55 2
50 56 2
50 57 2
50 58 2
50 59 2
50 60 2
50 61 2
50 62 2
50 63 2
50 64 2
50 65 2
50 66 2
50 67 2
50 68 2
50 69 2
50 70 2
50 71 2
50 72 2
50 73 2
50 74 2
50 75 2
50 76 2
50 77 2
50 78 2
50 79 2
50 80 2
50 81 2
50 82 2
50 83 2
50 84 2
50 85 2
50 86 2
50 87 2
50 88 2
50 89 2
50 90 2
50 91 2
50 92 2
50 93 2
50 94 2
50 95 2
50 96 2
50 97 2
50 98 2
50 99 2
50 100 2
51 52 2
51 53 2
51 54 2
51 55 2
51 56 2
51 57 2
51 58 2
51 59 2
51 60 2
51 61 2
51 62 2
51 63 2
51 64 2
51 65 2
51 66 2
51 67 2
51 68 2
51 69 2
51 70 2
51 71 2
51 72 2
51 73 2
51 74 2
51 75 2
51 76 2
51 77 2
51 78 2
51 79 2
51 80 2
51 81 2
51 82 2
51 83 2
51 84 2
51 85 2
51 86 2
51 87 2
51 88 2
51 89 2
51 90 2
51 91 2
51 92 2
51 93 2
51 94 2
51 95 2
51 96 2
51 97 2
51 98 2
51 99 2
51 100 2
52 53 2
52 54 2
52 55 2
52 56 2
52 57 2
52 58 2
52 59 2
52 60 2
52 61 2
52 62 2
52 63 2
52 64 2
52 65 2
52 66 2
52 67 2
52 68 2
52 69 2
52 70 2
52 71 2
52 72 2
52 73 2
52 74 2
52 75 2
52 76 2
52 77 2
52 78 2
52 79 2
52 80 2
52 81 2
52 82 2
52 83 2
52 84 2
52 85 2
52 86 2
52 87 2
52 88 2
52 89 2
52 90 2
52 91 2
52 92 2
52 93 2
52 94 2
52 95 2
52 96 2
52 97 2
52 98 2
52 99 2
52 100 2
53 54 2
53 55 2
53 56 2
53 57 2
53 58 2
53 59 2
53 60 2
53 61 2
53 62 2
53 63 2
53 64 2
53 65 2
53 66 2
53 67 2
53 68 2
53 69 2
53 70 2
53 71 2
53 72 2
53 73 2
53 74 2
53 75 2
53 76 2
53 77 2
53 78 2
53 79 2
53 80 2
53 81 2
53 82 2
53 83 2
53 84 2
53 85 2
53 86 2
53 87 2
53 88 2
53 89 2
53 90 2
53 91 2
53 92 2
53 93 2
53 94 2
53 95 2
53 96 2
53 97 2
53 98 2
53 99 2
53 100 2
54 55 2
54 56 2
54 57 2
54 58 2
54 59 2
54 60 2
54 61 2
54 62 2
54 63 2
54 64 2
54 65 2
54 66 2
54 67 2
54 68 2
54 69 2
54 70 2
54 71 2
54 72 2
54 73 2
54 74 2
54 75 2
54 76 2
54 77 2
54 78 2
54 79 2
54 80 2
54 81 2
54 82 2
54 83 2
54 84 2
54 85 2
54 86 2
54 87 2
54 88 2
54 89 2
54 90 2
54 91 2
54 92 2
54 93 2
54 94 2
54 95 2
54 96 2
54 97 2
54 98 2
54 99 2
54 100 2
55 56 2
55 57 2
55 58 2
55 59 2
55 60 2
55 61 2
55 62 2
55 63 2
55 64 2
55 65 2
55 66 2
55 67 2
55 68 2
55 69 2
55 70 2
55 71 2
55 72 2
55 73 2
55 74 2
55 75 2
55 76 2
55 77 2
55 78 2
55 79 2
55 80 2
55 81 2
55 82 2
55 83 2
55 84 2
55 85 2
55 86 2
55 87 2
55 88 2
55 89 2
55 90 2
55 91 2
55 92 2
55 93 2
55 94 2
55 95 2
55 96 2
55 97 2
55 98 2
55 99 2
55 100 2
56 57 2
56 58 2
56 59 2
56 60 2
56 61 2
56 62 2
56 63 2
56 64 2
56 65 2
56 66 2
56 67 2
56 68 2
56 69 2
56 70 2
56 71 2
56 72 2
56 73 2
56 74 2
56 75 2
56 76 2
56 77 2
56 78 2
56 79 2
56 80 2
56 81 2
56 82 2
56 83 2
56 84 2
56 85 2
56 86 2
56 87 2
56 88 2
56 89 2
56 90 2
56 91 2
56 92 2
56 93 2
56 94 2
56 95 2
56 96 2
56 97 2
56 98 2
56 99 2
56 100 2
57 58 2
57 59 2
57 60 2
57 61 2
57 62 2
57 63 2
57 64 2
57 65 2
57 66 2
57 67 2
57 68 2
57 69 2
57 70 2
57 71 2
57 72 2
57 73 2
57 74 2
57 75 2
57 76 2
57 77 2
57 78 2
57 79 2
57 80 2
57 81 2
57 82 2
57 83 2
57 84 2
57 85 2
57 86 2
57 87 2
57 88 2
57 89 2
57 90 2
57 91 2
57 92 2
57 93 2
57 94 2
57 95 2
57 96 2
57 97 2
57 98 2
57 99 2
57 100 2
58 59 2
58 60 2
58 61 2
58 62 2
58 63 2
58 64 2
58 65 2
58 66 2
58 67 2
58 68 2
58 69 2
58 70 2
58 71 2
58 72 2
58 73 2
58 74 2
58 75 2
58 76 2
58 77 2
58 78 2
58 79 2
58 80 2
58 81 2
58 82 2
58 83 2
58 84 2
58 85 2
58 86 2
58 87 2
58 88 2
58 89 2
58 90 2
58 91 2
58 92 2
58 93 2
58 94 2
58 95 2
58 96 2
58 97 2
58 98 2
58 99 2
58 100 2
59 60 2
59 61 2
59 62 2
59 63 2
59 64 2
59 65 2
59 66 2
59 67 2
59 68 2
59 69 2
59 70 2
59 71 2
59 72 2
59 73 2
59 74 2
59 75 2
59 76 2
59 77 2
59 78 2
59 79 2
59 80 2
59 81 2
59 82 2
59 83 2
59 84 2
59 85 2
59 86 2
59 87 2
59 88 2
59 89 2
59 90 2
59 91 2
59 92 2
59 93 2
59 94 2
59 95 2
59 96 2
59 97 2
59 98 2
59 99 2
59 100 2
60 61 2
60 62 2
60 63 2
60 64 2
60 65 2
60 66 2
60 67 2
60 68 2
60 69 2
60 70 2
60 71 2
60 72 2
60 73 2
60 74 2
60 75 2
60 76 2
60 77 2
60 78 2
60 79 2
60 80 2
60 81 2
60 82 2
60 83 2
60 84 2
60 85 2
60 86 2
60 87 2
60 88 2
60 89 2
60 90 2
60 91 2
60 92 2
60 93 2
60 94 2
60 95 2
60 96 2
60 97 2
60 98 2
60 99 2
60 100 2
61 62 2
61 63 2
61 64 2
61 65 2
61 66 2
61 67 2
61 68 2
61 69 2
61 70 2
61 71 2
61 72 2
61 73 2
61 74 2
61 75 2
61 76 2
61 77 2
61 78 2
61 79 2
61 80 2
61 81 2
61 82 2
61 83 2
61 84 2
61 85 2
61 86 2
61 87 2
61 88 2
61 89 2
61 90 2
61 91 2
61 92 2
61 93 2
61 94 2
61 95 2
61 96 2
61 97 2
61 98 2
61 99 2
61 100 2
62 63 2
62 64 2
62 65 2
62 66 2
62 67 2
62 68 2
62 69 2
62 70 2
62 71 2
62 72 2
62 73 2
62 74 2
62 75 2
62 76 2
62 77 2
62 78 2
62 79 2
62 80 2
62 81 2
62 82 2
62 83 2
62 84 2
62 85 2
62 86 2
62 87 2
62 88 2
62 89 2
62 90 2
62 91 2
62 92 2
62 93 2
62 94 2
62 95 2
62 96 2
62 97 2
62 98 2
62 99 2
62 100 2
63 64 2
63 65 2
63 66 2
63 67 2
63 68 2
63 69 2
63 70 2
63 71 2
63 72 2
63 73 2
63 74 2
63 75 2
63 76 2
63 77 2
63 78 2
63 79 2
63 80 2
63 81 2
63 82 2
63 83 2
63 84 2
63 85 2
63 86 2
63 87 2
63 88 2
63 89 2
63 90 2
63 91 2
63 92 2
63 93 2
63 94 2
63 95 2
63 96 2
63 97 2
63 98 2
63 99 2
63 100 2
64 65 2
64 66 2
64 67 2
64 68 2
64 69 2
64 70 2
64 71 2
64 72 2
64 73 2
64 74 2
64 75 2
64 76 2
64 77 2
64 78 2
64 79 2
64 80 2
64 81 2
64 82 2
64 83 2
64 84 2
64 85 2
64 86 2
64 87 2
64 88 2
64 89 2
64 90 2
64 91 2
64 92 2
64 93 2
64 94 2
64 95 2
64 96 2
64 97 2
64 98 2
64 99 2
64 100 2
65 66 2
65 67 2
65 68 2
65 69 2
65 70 2
65 71 2
65 72 2
65 73 2
65 74 2
65 75 2
65 76 2
65 77 2
65 78 2
65 79 2
65 80 2
65 81 2
65 82 2
65 83 2
65 84 2
65 85 2
65 86 2
65 87 2
65 88 2
65 89 2
65 90 2
65 91 2
65 92 2
65 93 2
65 94 2
65 95 2
65 96 2
65 97 2
65 98 2
65 99 2
65 100 2
66 67 2
66 68 2
66 69 2
66 70 2
66 71 2
66 72 2
66 73 2
66 74 2
66 75 2
66 76 2
66 77 2
66 78 2
66 79 2
66 80 2
66 81 2
66 82 2
66 83 2
66 84 2
66 85 2
66 86 2
66 87 2
66 88 2
66 89 2
66 90 2
66 91 2
66 92 2
66 93 2
66 94 2
66 95 2
66 96 2
66 97 2
66 98 2
66 99 2
66 100 2
67 68 2
67 69 2
67 70 2
67 71 2
67 72 2
67 73 2
67 74 2
67 75 2
67 76 2
67 77 2
67 78 2
67 79 2
67 80 2
67 81 2
67 82 2
67 83 2
67 84 2
67 85 2
67 86 2
67 87 2
67 88 2
67 89 2
67 90 2
67 91 2
67 92 2
67 93 2
67 94 2
67 95 2
67 96 2
67 97 2
67 98 2
67 99 2
67 100 2
68 69 2
68 70 2
68 71 2
68 72 2
68 73 2
68 74 2
68 75 2
68 76 2
68 77 2
68 78 2
68 79 2
68 80 2
68 81 2
68 82 2
68 83 2
68 84 2
68 85 2
68 86 2
68 87 2
68 88 2
68 89 2
68 90 2
68 91 2
68 92 2
68 93 2
68 94 2
68 95 2
68 96 2
68 97 2
68 98 2
68 99 2
68 100 2
69 70 2
69 71 2
69 72 2
69 73 2
69 74 2
69 75 2
69 76 2
69 77 2
69 78 2
69 79 2
69 80 2
69 81 2
69 82 2
69 83 2
69 84 2
69 85 2
69 86 2
69 87 2
69 88 2
69 89 2
69 90 2
69 91 2
69 92 2
69 93 2
69 94 2
69 95 2
69 96 2
69 97 2
69 98 2
69 99 2
69 100 2
70 71 2
70 72 2
70 73 2
70 74 2
70 75 2
70 76 2
70 77 2
70 78 2
70 79 2
70 80 2
70 81 2
70 82 2
70 83 2
70 84 2
70 85 2
70 86 2
70 87 2
70 88 2
70 89 2
70 90 2
70 91 2
70 92 2
70 93 2
70 94 2
70 95 2
70 96 2
70 97 2
70 98 2
70 99 2
70 100 2
71 72 2
71 73 2
71 74 2
71 75 2
71 76 2
71 77 2
71 78 2
71 79 2
71 80 2
71 81 2
71 82 2
71 83 2
71 84 2
71 85 2
71 86 2
71 87 2
71 88 2
71 89 2
71 90 2
71 91 2
71 92 2
71 93 2
71 94 2
71 95 2
71 96 2
71 97 2
71 98 2
71 99 2
71 100 2
72 73 2
72 74 2
72 75 2
72 76 2
72 77 2
72 78 2
72 79 2
72 80 2
72 81 2
72 82 2
72 83 2
72 84 2
72 85 2
72 86 2
72 87 2
72 88 2
72 89 2
72 90 2
72 91 2
72 92 2
72 93 2
72 94 2
72 95 2
72 96 2
72 97 2
72 98 2
72 99 2
72 100 2
73 74 2
73 75 2
73 76 2
73 77 2
73 78 2
73 79 2
73 80 2
73 81 2
73 82 2
73 83 2
73 84 2
73 85 2
73 86 2
73 87 2
73 88 2
73 89 2
73 90 2
73 91 2
73 92 2
73 93 2
73 94 2
73 95 2
73 96 2
73 97 2
73 98 2
73 99 2
73 100 2
74 75 2
74 76 2
74 77 2
74 78 2
74 79 2
74 80 2
74 81 2
74 82 2
74 83 2
74 84 2
74 85 2
74 86 2
74 87 2
74 88 2
74 89 2
74 90 2
74 91 2
74 92 2
74 93 2
74 94 2
74 95 2
74 96 2
74 97 2
74 98 2
74 99 2
74 100 2
75 76 2
75 77 2
75 78 2
75 79 2
75 80 2
75 81 2
75 82 2
75 83 2
75 84 2
75 85 2
75 86 2
75 87 2
75 88 2
75 89 2
75 90 2
75 91 2
75 92 2
75 93 2
75 94 2
75 95 2
75 96 2
75 97 2
75 98 2
75 99 2
75 100 2
76 77 2
76 78 2
76 79 2
76 80 2
76 81 2
76 82 2
76 83 2
76 84 2
76 85 2
76 86 2
76 87 2
76 88 2
76 89 2
76 90 2
76 91 2
76 92 2
76 93 2
76 94 2
76 95 2
76 96 2
76 97 2
76 98 2
76 99 2
76 100 2
77 78 2
77 79 2
77 80 2
77 81 2
77 82 2
77 83 2
77 84 2
77 85 2
77 86 2
77 87 2
77 88 2
77 89 2
77 90 2
77 91 2
77 92 2
77 93 2
77 94 2
77 95 2
77 96 2
77 97 2
77 98 2
77 99 2
77 100 2
78 79 2
78 80 2
78 81 2
78 82 2
78 83 2
78 84 2
78 85 2
78 86 2
78 87 2
78 88 2
78 89 2
78 90 2
78 91 2
78 92 2
78 93 2
78 94 2
78 95 2
78 96 2
78 97 2
78 98 2
78 99 2
78 100 2
79 80 2
79 81 2
79 82 2
79 83 2
79 84 2
79 85 2
79 86 2
79 87 2
79 88 2
79 89 2
79 90 2
79 91 2
79 92 2
79 93 2
79 94 2
79 95 2
79 96 2
79 97 2
79 98 2
79 99 2
79 100 2
80 81 2
80 82 2
80 83 2
80 84 2
80 85 2
80 86 2
80 87 2
80 88 2
80 89 2
80 90 2
80 91 2
80 92 2
80 93 2
80 94 2
80 95 2
80 96 2
80 97 2
80 98 2
80 99 2
80 100 2
81 82 2
81 83 2
81 84 2
81 85 2
81 86 2
81 87 2
81 88 2
81 89 2
81 90 2
81 91 2
81 92 2
81 93 2
81 94 2
81 95 2
81 96 2
81 97 2
81 98 2
81 99 2
81 100 2
82 83 2
82 84 2
82 85 2
82 86 2
82 87 2
82 88 2
82 89 2
82 90 2
82 91 2
82 92 2
82 93 2
82 94 2
82 95 2
82 96 2
82 97 2
82 98 2
82 99 2
82 100 2
83 84 2
83 85 2
83 86 2
83 87 2
83 88 2
83 89 2
83 90 2
83 91 2
83 92 2
83 93 2
83 94 2
83 95 2
83 96 2
83 97 2
83 98 2
83 99 2
83 100 2
84 85 2
84 86 2
84 87 2
84 88 2
84 89 2
84 90 2
84 91 2
84 92 2
84 93 2
84 94 2
84 95 2
84 96 2
84 97 2
84 98 2
84 99 2
84 100 2
85 86 2
85 87 2
85 88 2
85 89 2
85 90 2
85 91 2
85 92 2
85 93 2
85 94 2
85 95 2
85 96 2
85 97 2
85 98 2
85 99 2
85 100 2
86 87 2
86 88 2
86 89 2
86 90 2
86 91 2
86 92 2
86 93 2
86 94 2
86 95 2
86 96 2
86 97 2
86 98 2
86 99 2
86 100 2
87 88 2
87 89 2
87 90 2
87 91 2
87 92 2
87 93 2
87 94 2
87 95 2
87 96 2
87 97 2
87 98 2
87 99 2
87 100 2
88 89 2
88 90 2
88 91 2
88 92 2
88 93 2
88 94 2
88 95 2
88 96 2
88 97 2
88 98 2
88 99 2
88 100 2
89 90 2
89 91 2
89 92 2
89 93 2
89 94 2
89 95 2
89 96 2
89 97 2
89 98 2
89 99 2
89 100 2
90 91 2
90 92 2
90 93 2
90 94 2
90 95 2
90 96 2
90 97 2
90 98 2
90 99 2
90 100 2
91 92 2
91 93 2
91 94 2
91 95 2
91 96 2
91 97 2
91 98 2
91 99 2
91 100 2
92 93 2
92 94 2
92 95 2
92 96 2
92 97 2
92 98 2
92 99 2
92 100 2
93 94 2
93 95 2
93 96 2
93 97 2
93 98 2
93 99 2
93 100 2
94 95 2
94 96 2
94 97 2
94 98 2
94 99 2
94 100 2
95 96 2
95 97 2
95 98 2
95 99 2
95 100 2
96 97 2
96 98 2
96 99 2
96 100 2
97 98 2
97 99 2
97 100 2
98 99 2
98 100 2
99 100 2
101 102 2
101 103 2
101 104 2
101 105 2
101 106 2
101 107 2
101 108 2
101 109 2
101 110 2
101 111 2
101 112 2
101 113 2
101 114 2
101 115 2
101 116 2
101 117 2
101 118 2
101 119 2
101 120 2
101 121 2
101 122 2
101 123 2
101 124 2
101 125 2
101 126 2
101 127 2
101 128 2
101 129 2
101 130 2
101 131 2
101 132 2
101 133 2
101 134 2
101 135 2
101 136 2
101 137 2
101 138 2
101 139 2
101 140 2
101 141 2
101 142 2
101 143 2
101 144 2
101 145 2
101 146 2
101 147 2
101 148 2
101 149 2
101 150 2
101 151 2
101 152 2
101 153 2
101 154 2
101 155 2
101 156 2
101 157 2
101 158 2
101 159 2
101 160 2
101 161 2
101 162 2
101 163 2
101 164 2
101 165 2
101 166 2
101 167 2
101 168 2
101 169 2
101 170 2
101 171 2
101 172 2
101 173 2
101 174 2
101 175 2
101 176 2
101 177 2
101 178 2
101 179 2
101 180 2
101 181 2
101 182 2
101 183 2
101 184 2
101 185 2
101 186 2
101 187 2
101 188 2
101 189 2
101 190 2
101 191 2
101 192 2
101 193 2
101 194 2
101 195 2
101 196 2
101 197 2
101 198 2
101 199 2
101 200 2
102 103 2
102 104 2
102 105 2
102 106 2
102 107 2
102 108 2
102 109 2
102 110 2
102 111 2
102 112 2
102 113 2
102 114 2
102 115 2
102 116 2
102 117 2
102 118 2
102 119 2
102 120 2
102 121 2
102 122 2
102 123 2
102 124 2
102 125 2
102 126 2
102 127 2
102 128 2
102 129 2
102 130 2
102 131 2
102 132 2
102 133 2
102 134 2
102 135 2
102 136 2
102 137 2
102 138 2
102 139 2
102 140 2
102 141 2
102 142 2
102 143 2
102 144 2
102 145 2
102 146 2
102 147 2
102 148 2
102 149 2
102 150 2
102 151 2
102 152 2
102 153 2
102 154 2
102 155 2
102 156 2
102 157 2
102 158 2
102 159 2
102 160 2
102 161 2
102 162 2
102 163 2
102 164 2
102 165 2
102 166 2
102 167 2
102 168 2
102 169 2
102 170 2
102 171 2
102 172 2
102 173 2
102 174 2
102 175 2
102 176 2
102 177 2
102 178 2
102 179 2
102 180 2
102 181 2
102 182 2
102 183 2
102 184 2
102 185 2
102 186 2
102 187 2
102 188 2
102 189 2
102 190 2
102 191 2
102 192 2
102 193 2
102 194 2
102 195 2
102 196 2
102 197 2
102 198 2
102 199 2
102 200 2
103 104 2
103 105 2
103 106 2
103 107 2
103 108 2
103 109 2
103 110 2
103 111 2
103 112 2
103 113 2
103 114 2
103 115 2
103 116 2
103 117 2
103 118 2
103 119 2
103 120 2
103 121 2
103 122 2
103 123 2
103 124 2
103 125 2
103 126 2
103 127 2
103 128 2
103 129 2
103 130 2
103 131 2
103 132 2
103 133 2
103 134 2
103 135 2
103 136 2
103 137 2
103 138 2
103 139 2
103 140 2
103 141 2
103 142 2
103 143 2
103 144 2
103 145 2
103 146 2
103 147 2
103 148 2
103 149 2
103 150 2
103 151 2
103 152 2
103 153 2
103 154 2
103 155 2
103 156 2
103 157 2
103 158 2
103 159 2
103 160 2
103 161 2
103 162 2
103 163 2
103 164 2
103 165 2
103 166 2
103 167 2
103 168 2
103 169 2
103 170 2
103 171 2
103 172 2
103 173 2
103 174 2
103 175 2
103 176 2
103 177 2
103 178 2
103 179 2
103 180 2
103 181 2
103 182 2
103 183 2
103 184 2
103 185 2
103 186 2
103 187 2
103 188 2
103 189 2
103 190 2
103 191 2
103 192 2
103 193 2
103 194 2
103 195 2
103 196 2
103 197 2
103 198 2
103 199 2
103 200 2
104 105 2
104 106 2
104 107 2
104 108 2
104 109 2
104 110 2
104 111 2
104 112 2
104 113 2
104 114 2
104 115 2
104 116 2
104 117 2
104 118 2
104 119 2
104 120 2
104 121 2
104 122 2
104 123 2
104 124 2
104 125 2
104 126 2
104 127 2
104 128 2
104 129 2
104 130 2
104 131 2
104 132 2
104 133 2
104 134 2
104 135 2
104 136 2
104 137 2
104 138 2
104 139 2
104 140 2
104 141 2
104 142 2
104 143 2
104 144 2
104 145 2
104 146 2
104 147 2
104 148 2
104 149 2
104 150 2
104 151 2
104 152 2
104 153 2
104 154 2
104 155 2
104 156 2
104 157 2
104 158 2
104 159 2
104 160 2
104 161 2
104 162 2
104 163 2
104 164 2
104 165 2
104 166 2
104 167 2
104 168 2
104 169 2
104 170 2
104 171 2
104 172 2
104 173 2
104 174 2
104 175 2
104 176 2
104 177 2
104 178 2
104 179 2
104 180 2
104 181 2
104 182 2
104 183 2
104 184 2
104 185 2
104 186 2
104 187 2
104 188 2
104 189 2
104 190 2
104 191 2
104 192 2
104 193 2
104 194 2
104 195 2
104 196 2
104 197 2
104 198 2
104 199 2
104 200 2
105 106 2
105 107 2
105 108 2
105 109 2
105 110 2
105 111 2
105 112 2
105 113 2
105 114 2
105 115 2
105 116 2
105 117 2
105 118 2
105 119 2
105 120 2
105 121 2
105 122 2
105 123 2
105 124 2
105 125 2
105 126 2
105 127 2
105 128 2
105 129 2
105 130 2
105 131 2
105 132 2
105 133 2
105 134 2
105 135 2
105 136 2
105 137 2
105 138 2
105 139 2
105 140 2
105 141 2
105 142 2
105 143 2
105 144 2
105 145 2
105 146 2
105 147 2
105 148 2
105 149 2
105 150 2
105 151 2
105 152 2
105 153 2
105 154 2
105 155 2
105 156 2
105 157 2
105 158 2
105 159 2
105 160 2
105 161 2
105 162 2
105 163 2
105 164 2
105 165 2
105 166 2
105 167 2
105 168 2
105 169 2
105 170 2
105 171 2
105 172 2
105 173 2
105 174 2
105 175 2
105 176 2
105 177 2
105 178 2
105 179 2
105 180 2
105 181 2
105 182 2
105 183 2
105 184 2
105 185 2
105 186 2
105 187 2
105 188 2
105 189 2
105 190 2
105 191 2
105 192 2
105 193 2
105 194 2
105 195 2
105 196 2
105 197 2
105 198 2
105 199 2
105 200 2
106 107 2
106 108 2
106 109 2
106 110 2
106 111 2
106 112 2
106 113 2
106 114 2
106 115 2
106 116 2
106 117 2
106 118 2
106 119 2
106 120 2
106 121 2
106 122 2
106 123 2
106 124 2
106 125 2
106 126 2
106 127 2
106 128 2
106 129 2
106 130 2
106 131 2
106 132 2
106 133 2
106 134 2
106 135 2
106 136 2
106 137 2
106 138 2
106 139 2
106 140 2
106 141 2
106 142 2
106 143 2
106 144 2
106 145 2
106 146 2
106 147 2
106 148 2
106 149 2
106 150 2
106 151 2
106 152 2
106 153 2
106 154 2
106 155 2
106 156 2
106 157 2
106 158 2
106 159 2
106 160 2
106 161 2
106 162 2
106 163 2
106 164 2
106 165 2
106 166 2
106 167 2
106 168 2
106 169 2
106 170 2
106 171 2
106 172 2
106 173 2
106 174 2
106 175 2
106 176 2
106 177 2
106 178 2
106 179 2
106 180 2
106 181 2
106 182 2
106 183 2
106 184 2
106 185 2
106 186 2
106 187 2
106 188 2
106 189 2
106 190 2
106 191 2
106 192 2
106 193 2
106 194 2
106 195 2
106 196 2
106 197 2
106 198 2
106 199 2
106 200 2
107 108 2
107 109 2
107 110 2
107 111 2
107 112 2
107 113 2
107 114 2
107 115 2
107 116 2
107 117 2
107 118 2
107 119 2
107 120 2
107 121 2
107 122 2
107 123 2
107 124 2
107 125 2
107 126 2
107 127 2
107 128 2
107 129 2
107 130 2
107 131 2
107 132 2
107 133 2
107 134 2
107 135 2
107 136 2
107 137 2
107 138 2
107 139 2
107 140 2
107 141 2
107 142 2
107 143 2
107 144 2
107 145 2
107 146 2
107 147 2
107 148 2
107 149 2
107 150 2
107 151 2
107 152 2
107 153 2
107 154 2
107 155 2
107 156 2
107 157 2
107 158 2
107 159 2
107 160 2
107 161 2
107 162 2
107 163 2
107 164 2
107 165 2
107 166 2
107 167 2
107 168 2
107 169 2
107 170 2
107 171 2
107 172 2
107 173 2
107 174 2
107 175 2
107 176 2
107 177 2
107 178 2
107 179 2
107 180 2
107 181 2
107 182 2
107 183 2
107 184 2
107 185 2
107 186 2
107 187 2
107 188 2
107 189 2
107 190 2
107 191 2
107 192 2
107 193 2
107 194 2
107 195 2
107 196 2
107 197 2
107 198 2
107 199 2
107 200 2
108 109 2
108 110 2
108 111 2
108 112 2
108 113 2
108 114 2
108 115 2
108 116 2
108 117 2
108 118 2
108 119 2
108 120 2
108 121 2
108 122 2
108 123 2
108 124 2
108 125 2
108 126 2
108 127 2
108 128 2
108 129 2
108 130 2
108 131 2
108 132 2
108 133 2
108 134 2
108 135 2
108 136 2
108 137 2
108 138 2
108 139 2
108 140 2
108 141 2
108 142 2
108 143 2
108 144 2
108 145 2
108 146 2
108 147 2
108 148 2
108 149 2
108 150 2
108 151 2
108 152 2
108 153 2
108 154 2
108 155 2
108 156 2
108 157 2
108 158 2
108 159 2
108 160 2
108 161 2
108 162 2
108 163 2
108 164 2
108 165 2
108 166 2
108 167 2
108 168 2
108 169 2
108 170 2
108 171 2
108 172 2
108 173 2
108 174 2
108 175 2
108 176 2
108 177 2
108 178 2
108 179 2
108 180 2
108 181 2
108 182 2
108 183 2
108 184 2
108 185 2
108 186 2
108 187 2
108 188 2
108 189 2
108 190 2
108 191 2
108 192 2
108 193 2
108 194 2
108 195 2
108 196 2
108 197 2
108 198 2
108 199 2
108 200 2
109 110 2
109 111 2
109 112 2
109 113 2
109 114 2
109 115 2
109 116 2
109 117 2
109 118 2
109 119 2
109 120 2
109 121 2
109 122 2
109 123 2
109 124 2
109 125 2
109 126 2
109 127 2
109 128 2
109 129 2
109 130 2
109 131 2
109 132 2
109 133 2
109 134 2
109 135 2
109 136 2
109 137 2
109 138 2
109 139 2
109 140 2
109 141 2
109 142 2
109 143 2
109 144 2
109 145 2
109 146 2
109 147 2
109 148 2
109 149 2
109 150 2
109 151 2
109 152 2
109 153 2
109 154 2
109 155 2
109 156 2
109 157 2
109 158 2
109 159 2
109 160 2
109 161 2
109 162 2
109 163 2
109 164 2
109 165 2
109 166 2
109 167 2
109 168 2
109 169 2
109 170 2
109 171 2
109 172 2
109 173 2
109 174 2
109 175 2
109 176 2
109 177 2
109 178 2
109 179 2
109 180 2
109 181 2
109 182 2
109 183 2
109 184 2
109 185 2
109 186 2
109 187 2
109 188 2
109 189 2
109 190 2
109 191 2
109 192 2
109 193 2
109 194 2
109 195 2
109 196 2
109 197 2
109 198 2
109 199 2
109 200 2
110 111 2
110 112 2
110 113 2
110 114 2
110 115 2
110 116 2
110 117 2
110 118 2
110 119 2
110 120 2
110 121 2
110 122 2
110 123 2
110 124 2
110 125 2
110 126 2
110 127 2
110 128 2
110 129 2
110 130 2
110 131 2
110 132 2
110 133 2
110 134 2
110 135 2
110 136 2
110 137 2
110 138 2
110 139 2
110 140 2
110 141 2
110 142 2
110 143 2
110 144 2
110 145 2
110 146 2
110 147 2
110 148 2
110 149 2
110 150 2
110 151 2
110 152 2
110 153 2
110 154 2
110 155 2
110 156 2
110 157 2
110 158 2
110 159 2
110 160 2
110 161 2
110 162 2
110 163 2
110 164 2
110 165 2
110 166 2
110 167 2
110 168 2
110 169 2
110 170 2
110 171 2
110 172 2
110 173 2
110 174 2
110 175 2
110 176 2
110 177 2
110 178 2
110 179 2
110 180 2
110 181 2
110 182 2
110 183 2
110 184 2
110 185 2
110 186 2
110 187 2
110 188 2
110 189 2
110 190 2
110 191 2
110 192 2
110 193 2
110 194 2
110 195 2
110 196 2
110 197 2
110 198 2
110 199 2
110 200 2
111 112 2
111 113 2
111 114 2
111 115 2
111 116 2
111 117 2
111 118 2
111 119 2
111 120 2
111 121 2
111 122 2
111 123 2
111 124 2
111 125 2
111 126 2
111 127 2
111 128 2
111 129 2
111 130 2
111 131 2
111 132 2
111 133 2
111 134 2
111 135 2
111 136 2
111 137 2
111 138 2
111 139 2
111 140 2
111 141 2
111 142 2
111 143 2
111 144 2
111 145 2
111 146 2
111 147 2
111 148 2
111 149 2
111 150 2
111 151 2
111 152 2
111 153 2
111 154 2
111 155 2
111 156 2
111 157 2
111 158 2
111 159 2
111 160 2
111 161 2
111 162 2
111 163 2
111 164 2
111 165 2
111 166 2
111 167 2
111 168 2
111 169 2
111 170 2
111 171 2
111 172 2
111 173 2
111 174 2
111 175 2
111 176 2
111 177 2
111 178 2
111 179 2
111 180 2
111 181 2
111 182 2
111 183 2
111 184 2
111 185 2
111 186 2
111 187 2
111 188 2
111 189 2
111 190 2
111 191 2
111 192 2
111 193 2
111 194 2
111 195 2
111 196 2
111 197 2
111 198 2
111 199 2
111 200 2
112 113 2
112 114 2
112 115 2
112 116 2
112 117 2
112 118 2
112 119 2
112 120 2
112 121 2
112 122 2
112 123 2
112 124 2
112 125 2
112 126 2
112 127 2
112 128 2
112 129 2
112 130 2
112 131 2
112 132 2
112 133 2
112 134 2
112 135 2
112 136 2
112 137 2
112 138 2
112 139 2
112 140 2
112 141 2
112 142 2
112 143 2
112 144 2
112 145 2
112 146 2
112 147 2
112 148 2
112 149 2
112 150 2
112 151 2
112 152 2
112 153 2
112 154 2
112 155 2
112 156 2
112 157 2
112 158 2
112 159 2
112 160 2
112 161 2
112 162 2
112 163 2
112 164 2
112 165 2
112 166 2
112 167 2
112 168 2
112 169 2
112 170 2
112 171 2
112 172 2
112 173 2
112 174 2
112 175 2
112 176 2
112 177 2
112 178 2
112 179 2
112 180 2
112 181 2
112 182 2
112 183 2
112 184 2
112 185 2
112 186 2
112 187 2
112 188 2
112 189 2
112 190 2
112 191 2
112 192 2
112 193 2
112 194 2
112 195 2
112 196 2
112 197 2
112 198 2
112 199 2
112 200 2
113 114 2
113 115 2
113 116 2
113 117 2
113 118 2
113 119 2
113 120 2
113 121 2
113 122 2
113 123 2
113 124 2
113 125 2
113 126 2
113 127 2
113 128 2
113 129 2
113 130 2
113 131 2
113 132 2
113 133 2
113 134 2
113 135 2
113 136 2
113 137 2
113 138 2
113 139 2
113 140 2
113 141 2
113 142 2
113 143 2
113 144 2
113 145 2
113 146 2
113 147 2
113 148 2
113 149 2
113 150 2
113 151 2
113 152 2
113 153 2
113 154 2
113 155 2
113 156 2
113 157 2
113 158 2
113 159 2
113 160 2
113 161 2
113 162 2
113 163 2
113 164 2
113 165 2
113 166 2
113 167 2
113 168 2
113 169 2
113 170 2
113 171 2
113 172 2
113 173 2
113 174 2
113 175 2
113 176 2
113 177 2
113 178 2
113 179 2
113 180 2
113 181 2
113 182 2
113 183 2
113 184 2
113 185 2
113 186 2
113 187 2
113 188 2
113 189 2
113 190 2
113 191 2
113 192 2
113 193 2
113 194 2
113 195 2
113 196 2
113 197 2
113 198 2
113 199 2
113 200 2
114 115 2
114 116 2
114 117 2
114 118 2
114 119 2
114 120 2
114 121 2
114 122 2
114 123 2
114 124 2
114 125 2
114 126 2
114 127 2
114 128 2
114 129 2
114 130 2
114 131 2
114 132 2
114 133 2
114 134 2
114 135 2
114 136 2
114 137 2
114 138 2
114 139 2
114 140 2
114 141 2
114 142 2
114 143 2
114 144 2
114 145 2
114 146 2
114 147 2
114 148 2
114 149 2
114 150 2
114 151 2
114 152 2
114 153 2
114 154 2
114 155 2
114 156 2
114 157 2
114 158 2
114 159 2
114 160 2
114 161 2
114 162 2
114 163 2
114 164 2
114 165 2
114 166 2
114 167 2
114 168 2
114 169 2
114 170 2
114 171 2
114 172 2
114 173 2
114 174 2
114 175 2
114 176 2
114 177 2
114 178 2
114 179 2
114 180 2
114 181 2
114 182 2
114 183 2
114 184 2
114 185 2
114 186 2
114 187 2
114 188 2
114 189 2
114 190 2
114 191 2
114 192 2
114 193 2
114 194 2
114 195 2
114 196 2
114 197 2
114 198 2
114 199 2
114 200 2
115 116 2
115 117 2
115 118 2
115 119 2
115 120 2
115 121 2
115 122 2
115 123 2
115 124 2
115 125 2
115 126 2
115 127 2
115 128 2
115 129 2
115 130 2
115 131 2
115 132 2
115 133 2
115 134 2
115 135 2
115 136 2
115 137 2
115 138 2
115 139 2
115 140 2
115 141 2
115 142 2
115 143 2
115 144 2
115 145 2
115 146 2
115 147 2
115 148 2
115 149 2
115 150 2
115 151 2
115 152 2
115 153 2
115 154 2
115 155 2
115 156 2
115 157 2
115 158 2
115 159 2
115 160 2
115 161 2
115 162 2
115 163 2
115 164 2
115 165 2
115 166 2
115 167 2
115 168 2
115 169 2
115 170 2
115 171 2
115 172 2
115 173 2
115 174 2
115 175 2
115 176 2
115 177 2
115 178 2
115 179 2
115 180 2
115 181 2
115 182 2
115 183 2
115 184 2
115 185 2
115 186 2
115 187 2
115 188 2
115 189 2
115 190 2
115 191 2
115 192 2
115 193 2
115 194 2
115 195 2
115 196 2
115 197 2
115 198 2
115 199 2
115 200 2
116 117 2
116 118 2
116 119 2
116 120 2
116 121 2
116 122 2
116 123 2
116 124 2
116 125 2
116 126 2
116 127 2
116 128 2
116 129 2
116 130 2
116 131 2
116 132 2
116 133 2
116 134 2
116 135 2
116 136 2
116 137 2
116 138 2
116 139 2
116 140 2
116 141 2
116 142 2
116 143 2
116 144 2
116 145 2
116 146 2
116 147 2
116 148 2
116 149 2
116 150 2
116 151 2
116 152 2
116 153 2
116 154 2
116 155 2
116 156 2
116 157 2
116 158 2
116 159 2
116 160 2
116 161 2
116 162 2
116 163 2
116 164 2
116 165 2
116 166 2
116 167 2
116 168 2
116 169 2
116 170 2
116 171 2
116 172 2
116 173 2
116 174 2
116 175 2
116 176 2
116 177 2
116 178 2
116 179 2
116 180 2
116 181 2
116 182 2
116 183 2
116 184 2
116 185 2
116 186 2
116 187 2
116 188 2
116 189 2
116 190 2
116 191 2
116 192 2
116 193 2
116 194 2
116 195 2
116 196 2
116 197 2
116 198 2
116 199 2
116 200 2
117 118 2
117 119 2
117 120 2
117 121 2
117 122 2
117 123 2
117 124 2
117 125 2
117 126 2
117 127 2
117 128 2
117 129 2
117 130 2
117 131 2
117 132 2
117 133 2
117 134 2
117 135 2
117 136 2
117 137 2
117 138 2
117 139 2
117 140 2
117 141 2
117 142 2
117 143 2
117 144 2
117 145 2
117 146 2
117 147 2
117 148 2
117 149 2
117 150 2
117 151 2
117 152 2
117 153 2
117 154 2
117 155 2
117 156 2
117 157 2
117 158 2
117 159 2
117 160 2
117 161 2
117 162 2
117 163 2
117 164 2
117 165 2
117 166 2
117 167 2
117 168 2
117 169 2
117 170 2
117 171 2
117 172 2
117 173 2
117 174 2
117 175 2
117 176 2
117 177 2
117 178 2
117 179 2
117 180 2
117 181 2
117 182 2
117 183 2
117 184 2
117 185 2
117 186 2
117 187 2
117 188 2
117 189 2
117 190 2
117 191 2
117 192 2
117 193 2
117 194 2
117 195 2
117 196 2
117 197 2
117 198 2
117 199 2
117 200 2
118 119 2
118 120 2
118 121 2
118 122 2
118 123 2
118 124 2
118 125 2
118 126 2
118 127 2
118 128 2
118 129 2
118 130 2
118 131 2
118 132 2
118 133 2
118 134 2
118 135 2
118 136 2
118 137 2
118 138 2
118 139 2
118 140 2
118 141 2
118 142 2
118 143 2
118 144 2
118 145 2
118 146 2
118 147 2
118 148 2
118 149 2
118 150 2
118 151 2
118 152 2
118 153 2
118 154 2
118 155 2
118 156 2
118 157 2
118 158 2
118 159 2
118 160 2
118 161 2
118 162 2
118 163 2
118 164 2
118 165 2
118 166 2
118 167 2
118 168 2
118 169 2
118 170 2
118 171 2
118 172 2
118 173 2
118 174 2
118 175 2
118 176 2
118 177 2
118 178 2
118 179 2
118 180 2
118 181 2
118 182 2
118 183 2
118 184 2
118 185 2
118 186 2
118 187 2
118 188 2
118 189 2
118 190 2
118 191 2
118 192 2
118 193 2
118 194 2
118 195 2
118 196 2
118 197 2
118 198 2
118 199 2
118 200 2
119 120 2
119 121 2
119 122 2
119 123 2
119 124 2
119 125 2
119 126 2
119 127 2
119 128 2
119 129 2
119 130 2
119 131 2
119 132 2
119 133 2
119 134 2
119 135 2
119 136 2
119 137 2
119 138 2
119 139 2
119 140 2
119 141 2
119 142 2
119 143 2
119 144 2
119 145 2
119 146 2
119 147 2
119 148 2
119 149 2
119 150 2
119 151 2
119 152 2
119 153 2
119 154 2
119 155 2
119 156 2
119 157 2
119 158 2
119 159 2
119 160 2
119 161 2
119 162 2
119 163 2
119 164 2
119 165 2
119 166 2
119 167 2
119 168 2
119 169 2
119 170 2
119 171 2
119 172 2
119 173 2
119 174 2
119 175 2
119 176 2
119 177 2
119 178 2
119 179 2
119 180 2
119 181 2
119 182 2
119 183 2
119 184 2
119 185 2
119 186 2
119 187 2
119 188 2
119 189 2
119 190 2
119 191 2
119 192 2
119 193 2
119 194 2
119 195 2
119 196 2
119 197 2
119 198 2
119 199 2
119 200 2
120 121 2
120 122 2
120 123 2
120 124 2
120 125 2
120 126 2
120 127 2
120 128 2
120 129 2
120 130 2
120 131 2
120 132 2
120 133 2
120 134 2
120 135 2
120 136 2
120 137 2
120 138 2
120 139 2
120 140 2
120 141 2
120 142 2
120 143 2
120 144 2
120 145 2
120 146 2
120 147 2
120 148 2
120 149 2
120 150 2
120 151 2
120 152 2
120 153 2
120 154 2
120 155 2
120 156 2
120 157 2
120 158 2
120 159 2
120 160 2
120 161 2
120 162 2
120 163 2
120 164 2
120 165 2
120 166 2
120 167 2
120 168 2
120 169 2
120 170 2
120 171 2
120 172 2
120 173 2
120 174 2
120 175 2
120 176 2
120 177 2
120 178 2
120 179 2
120 180 2
120 181 2
120 182 2
120 183 2
120 184 2
120 185 2
120 186 2
120 187 2
120 188 2
120 189 2
120 190 2
120 191 2
120 192 2
120 193 2
120 194 2
120 195 2
120 196 2
120 197 2
120 198 2
120 199 2
120 200 2
121 122 2
121 123 2
121 124 2
121 125 2
121 126 2
121 127 2
121 128 2
121 129 2
121 130 2
121 131 2
121 132 2
121 133 2
121 134 2
121 135 2
121 136 2
121 137 2
121 138 2
121 139 2
121 140 2
121 141 2
121 142 2
121 143 2
121 144 2
121 145 2
121 146 2
121 147 2
121 148 2
121 149 2
121 150 2
121 151 2
121 152 2
121 153 2
121 154 2
121 155 2
121 156 2
121 157 2
121 158 2
121 159 2
121 160 2
121 161 2
121 162 2
121 163 2
121 164 2
121 165 2
121 166 2
121 167 2
121 168 2
121 169 2
121 170 2
121 171 2
121 172 2
121 173 2
121 174 2
121 175 2
121 176 2
121 177 2
121 178 2
121 179 2
121 180 2
121 181 2
121 182 2
121 183 2
121 184 2
121 185 2
121 186 2
121 187 2
121 188 2
121 189 2
121 190 2
121 191 2
121 192 2
121 193 2
121 194 2
121 195 2
121 196 2
121 197 2
121 198 2
121 199 2
121 200 2
122 123 2
122 124 2
122 125 2
122 126 2
122 127 2
122 128 2
122 129 2
122 130 2
122 131 2
122 132 2
122 133 2
122 134 2
122 135 2
122 136 2
122 137 2
122 138 2
122 139 2
122 140 2
122 141 2
122 142 2
122 143 2
122 144 2
122 145 2
122 146 2
122 147 2
122 148 2
122 149 2
122 150 2
122 151 2
122 152 2
122 153 2
122 154 2
122 155 2
122 156 2
122 157 2
122 158 2
122 159 2
122 160 2
122 161 2
122 162 2
122 163 2
122 164 2
122 165 2
122 166 2
122 167 2
122 168 2
122 169 2
122 170 2
122 171 2
122 172 2
122 173 2
122 174 2
122 175 2
122 176 2
122 177 2
122 178 2
122 179 2
122 180 2
122 181 2
122 182 2
122 183 2
122 184 2
122 185 2
122 186 2
122 187 2
122 188 2
122 189 2
122 190 2
122 191 2
122 192 2
122 193 2
122 194 2
122 195 2
122 196 2
122 197 2
122 198 2
122 199 2
122 200 2
123 124 2
123 125 2
123 126 2
123 127 2
123 128 2
123 129 2
123 130 2
123 131 2
123 132 2
123 133 2
123 134 2
123 135 2
123 136 2
123 137 2
123 138 2
123 139 2
123 140 2
123 141 2
123 142 2
123 143 2
123 144 2
123 145 2
123 146 2
123 147 2
123 148 2
123 149 2
123 150 2
123 151 2
123 152 2
123 153 2
123 154 2
123 155 2
123 156 2
123 157 2
123 158 2
123 159 2
123 160 2
123 161 2
123 162 2
123 163 2
123 164 2
123 165 2
123 166 2
123 167 2
123 168 2
123 169 2
123 170 2
123 171 2
123 172 2
123 173 2
123 174 2
123 175 2
123 176 2
123 177 2
123 178 2
123 179 2
123 180 2
123 181 2
123 182 2
123 183 2
123 184 2
123 185 2
123 186 2
123 187 2
123 188 2
123 189 2
123 190 2
123 191 2
123 192 2
123 193 2
123 194 2
123 195 2
123 196 2
123 197 2
123 198 2
123 199 2
123 200 2
124 125 2
124 126 2
124 127 2
124 128 2
124 129 2
124 130 2
124 131 2
124 132 2
124 133 2
124 134 2
124 135 2
124 136 2
124 137 2
124 138 2
124 139 2
124 140 2
124 141 2
124 142 2
124 143 2
124 144 2
124 145 2
124 146 2
124 147 2
124 148 2
124 149 2
124 150 2
124 151 2
124 152 2
124 153 2
124 154 2
124 155 2
124 156 2
124 157 2
124 158 2
124 159 2
124 160 2
124 161 2
124 162 2
124 163 2
124 164 2
124 165 2
124 166 2
124 167 2
124 168 2
124 169 2
124 170 2
124 171 2
124 172 2
124 173 2
124 174 2
124 175 2
124 176 2
124 177 2
124 178 2
124 179 2
124 180 2
124 181 2
124 182 2
124 183 2
124 184 2
124 185 2
124 186 2
124 187 2
124 188 2
124 189 2
124 190 2
124 191 2
124 192 2
124 193 2
124 194 2
124 195 2
124 196 2
124 197 2
124 198 2
124 199 2
124 200 2
125 126 2
125 127 2
125 128 2
125 129 2
125 130 2
125 131 2
125 132 2
125 133 2
125 134 2
125 135 2
125 136 2
125 137 2
125 138 2
125 139 2
125 140 2
125 141 2
125 142 2
125 143 2
125 144 2
125 145 2
125 146 2
125 147 2
125 148 2
125 149 2
125 150 2
125 151 2
125 152 2
125 153 2
125 154 2
125 155 2
125 156 2
125 157 2
125 158 2
125 159 2
125 160 2
125 161 2
125 162 2
125 163 2
125 164 2
125 165 2
125 166 2
125 167 2
125 168 2
125 169 2
125 170 2
125 171 2
125 172 2
125 173 2
125 174 2
125 175 2
125 176 2
125 177 2
125 178 2
125 179 2
125 180 2
125 181 2
125 182 2
125 183 2
125 184 2
125 185 2
125 186 2
125 187 2
125 188 2
125 189 2
125 190 2
125 191 2
125 192 2
125 193 2
125 194 2
125 195 2
125 196 2
125 197 2
125 198 2
125 199 2
125 200 2
126 127 2
126 128 2
126 129 2
126 130 2
126 131 2
126 132 2
126 133 2
126 134 2
126 135 2
126 136 2
126 137 2
126 138 2
126 139 2
126 140 2
126 141 2
126 142 2
126 143 2
126 144 2
126 145 2
126 146 2
126 147 2
126 148 2
126 149 2
126 150 2
126 151 2
126 152 2
126 153 2
126 154 2
126 155 2
126 156 2
126 157 2
126 158 2
126 159 2
126 160 2
126 161 2
126 162 2
126 163 2
126 164 2
126 165 2
126 166 2
126 167 2
126 168 2
126 169 2
126 170 2
126 171 2
126 172 2
126 173 2
126 174 2
126 175 2
126 176 2
126 177 2
126 178 2
126 179 2
126 180 2
126 181 2
126 182 2
126 183 2
126 184 2
126 185 2
126 186 2
126 187 2
126 188 2
126 189 2
126 190 2
126 191 2
126 192 2
126 193 2
126 194 2
126 195 2
126 196 2
126 197 2
126 198 2
126 199 2
126 200 2
127 128 2
127 129 2
127 130 2
127 131 2
127 132 2
127 133 2
127 134 2
127 135 2
127 136 2
127 137 2
127 138 2
127 139 2
127 140 2
127 141 2
127 142 2
127 143 2
127 144 2
127 145 2
127 146 2
127 147 2
127 148 2
127 149 2
127 150 2
127 151 2
127 152 2
127 153 2
127 154 2
127 155 2
127 156 2
127 157 2
127 158 2
127 159 2
127 160 2
127 161 2
127 162 2
127 163 2
127 164 2
127 165 2
127 166 2
127 167 2
127 168 2
127 169 2
127 170 2
127 171 2
127 172 2
127 173 2
127 174 2
127 175 2
127 176 2
127 177 2
127 178 2
127 179 2
127 180 2
127 181 2
127 182 2
127 183 2
127 184 2
127 185 2
127 186 2
127 187 2
127 188 2
127 189 2
127 190 2
127 191 2
127 192 2
127 193 2
127 194 2
127 195 2
127 196 2
127 197 2
127 198 2
127 199 2
127 200 2
128 129 2
128 130 2
128 131 2
128 132 2
128 133 2
128 134 2
128 135 2
128 136 2
128 137 2
128 138 2
128 139 2
128 140 2
128 141 2
128 142 2
128 143 2
128 144 2
128 145 2
128 146 2
128 147 2
128 148 2
128 149 2
128 150 2
128 151 2
128 152 2
128 153 2
128 154 2
128 155 2
128 156 2
128 157 2
128 158 2
128 159 2
128 160 2
128 161 2
128 162 2
128 163 2
128 164 2
128 165 2
128 166 2
128 167 2
128 168 2
128 169 2
128 170 2
128 171 2
128 172 2
128 173 2
128 174 2
128 175 2
128 176 2
128 177 2
128 178 2
128 179 2
128 180 2
128 181 2
128 182 2
128 183 2
128 184 2
128 185 2
128 186 2
128 187 2
128 188 2
128 189 2
128 190 2
128 191 2
128 192 2
128 193 2
128 194 2
128 195 2
128 196 2
128 197 2
128 198 2
128 199 2
128 200 2
129 130 2
129 131 2
129 132 2
129 133 2
129 134 2
129 135 2
129 136 2
129 137 2
129 138 2
129 139 2
129 140 2
129 141 2
129 142 2
129 143 2
129 144 2
129 145 2
129 146 2
129 147 2
129 148 2
129 149 2
129 150 2
129 151 2
129 152 2
129 153 2
129 154 2
129 155 2
129 156 2
129 157 2
129 158 2
129 159 2
129 160 2
129 161 2
129 162 2
129 163 2
129 164 2
129 165 2
129 166 2
129 167 2
129 168 2
129 169 2
129 170 2
129 171 2
129 172 2
129 173 2
129 174 2
129 175 2
129 176 2
129 177 2
129 178 2
129 179 2
129 180 2
129 181 2
129 182 2
129 183 2
129 184 2
129 185 2
129 186 2
129 187 2
129 188 2
129 189 2
129 190 2
129 191 2
129 192 2
129 193 2
129 194 2
129 195 2
129 196 2
129 197 2
129 198 2
129 199 2
129 200 2
130 131 2
130 132 2
130 133 2
130 134 2
130 135 2
130 136 2
130 137 2
130 138 2
130 139 2
130 140 2
130 141 2
130 142 2
130 143 2
130 144 2
130 145 2
130 146 2
130 147 2
130 148 2
130 149 2
130 150 2
130 151 2
130 152 2
130 153 2
130 154 2
130 155 2
130 156 2
130 157 2
130 158 2
130 159 2
130 160 2
130 161 2
130 162 2
130 163 2
130 164 2
130 165 2
130 166 2
130 167 2
130 168 2
130 169 2
130 170 2
130 171 2
130 172 2
130 173 2
130 174 2
130 175 2
130 176 2
130 177 2
130 178 2
130 179 2
130 180 2
130 181 2
130 182 2
130 183 2
130 184 2
130 185 2
130 186 2
130 187 2
130 188 2
130 189 2
130 190 2
130 191 2
130 192 2
130 193 2
130 194 2
130 195 2
130 196 2
130 197 2
130 198 2
130 199 2
130 200 2
131 132 2
131 133 2
131 134 2
131 135 2
131 136 2
131 137 2
131 138 2
131 139 2
131 140 2
131 141 2
131 142 2
131 143 2
131 144 2
131 145 2
131 146 2
131 147 2
131 148 2
131 149 2
131 150 2
131 151 2
131 152 2
131 153 2
131 154 2
131 155 2
131 156 2
131 157 2
131 158 2
131 159 2
131 160 2
131 161 2
131 162 2
131 163 2
131 164 2
131 165 2
131 166 2
131 167 2
131 168 2
131 169 2
131 170 2
131 171 2
131 172 2
131 173 2
131 174 2
131 175 2
131 176 2
131 177 2
131 178 2
131 179 2
131 180 2
131 181 2
131 182 2
131 183 2
131 184 2
131 185 2
131 186 2
131 187 2
131 188 2
131 189 2
131 190 2
131 191 2
131 192 2
131 193 2
131 194 2
131 195 2
131 196 2
131 197 2
131 198 2
131 199 2
131 200 2
132 133 2
132 134 2
132 135 2
132 136 2
132 137 2
132 138 2
132 139 2
132 140 2
132 141 2
132 142 2
132 143 2
132 144 2
132 145 2
132 146 2
132 147 2
132 148 2
132 149 2
132 150 2
132 151 2
132 152 2
132 153 2
132 154 2
132 155 2
132 156 2
132 157 2
132 158 2
132 159 2
132 160 2
132 161 2
132 162 2
132 163 2
132 164 2
132 165 2
132 166 2
132 167 2
132 168 2
132 169 2
132 170 2
132 171 2
132 172 2
132 173 2
132 174 2
132 175 2
132 176 2
132 177 2
132 178 2
132 179 2
132 180 2
132 181 2
132 182 2
132 183 2
132 184 2
132 185 2
132 186 2
132 187 2
132 188 2
132 189 2
132 190 2
132 191 2
132 192 2
132 193 2
132 194 2
132 195 2
132 196 2
132 197 2
132 198 2
132 199 2
132 200 2
133 134 2
133 135 2
133 136 2
133 137 2
133 138 2
133 139 2
133 140 2
133 141 2
133 142 2
133 143 2
133 144 2
133 145 2
133 146 2
133 147 2
133 148 2
133 149 2
133 150 2
133 151 2
133 152 2
133 153 2
133 154 2
133 155 2
133 156 2
133 157 2
133 158 2
133 159 2
133 160 2
133 161 2
133 162 2
133 163 2
133 164 2
133 165 2
133 166 2
133 167 2
133 168 2
133 169 2
133 170 2
133 171 2
133 172 2
133 173 2
133 174 2
133 175 2
133 176 2
133 177 2
133 178 2
133 179 2
133 180 2
133 181 2
133 182 2
133 183 2
133 184 2
133 185 2
133 186 2
133 187 2
133 188 2
133 189 2
133 190 2
133 191 2
133 192 2
133 193 2
133 194 2
133 195 2
133 196 2
133 197 2
133 198 2
133 199 2
133 200 2
134 135 2
134 136 2
134 137 2
134 138 2
134 139 2
134 140 2
134 141 2
134 142 2
134 143 2
134 144 2
134 145 2
134 146 2
134 147 2
134 148 2
134 149 2
134 150 2
134 151 2
134 152 2
134 153 2
134 154 2
134 155 2
134 156 2
134 157 2
134 158 2
134 159 2
134 160 2
134 161 2
134 162 2
134 163 2
134 164 2
134 165 2
134 166 2
134 167 2
134 168 2
134 169 2
134 170 2
134 171 2
134 172 2
134 173 2
134 174 2
134 175 2
134 176 2
134 177 2
134 178 2
134 179 2
134 180 2
134 181 2
134 182 2
134 183 2
134 184 2
134 185 2
134 186 2
134 187 2
134 188 2
134 189 2
134 190 2
134 191 2
134 192 2
134 193 2
134 194 2
134 195 2
134 196 2
134 197 2
134 198 2
134 199 2
134 200 2
135 136 2
135 137 2
135 138 2
135 139 2
135 140 2
135 141 2
135 142 2
135 143 2
135 144 2
135 145 2
135 146 2
135 147 2
135 148 2
135 149 2
135 150 2
135 151 2
135 152 2
135 153 2
135 154 2
135 155 2
135 156 2
135 157 2
135 158 2
135 159 2
135 160 2
135 161 2
135 162 2
135 163 2
135 164 2
135 165 2
135 166 2
135 167 2
135 168 2
135 169 2
135 170 2
135 171 2
135 172 2
135 173 2
135 174 2
135 175 2
135 176 2
135 177 2
135 178 2
135 179 2
135 180 2
135 181 2
135 182 2
135 183 2
135 184 2
135 185 2
135 186 2
135 187 2
135 188 2
135 189 2
135 190 2
135 191 2
135 192 2
135 193 2
135 194 2
135 195 2
135 196 2
135 197 2
135 198 2
135 199 2
135 200 2
136 137 2
136 138 2
136 139 2
136 140 2
136 141 2
136 142 2
136 143 2
136 144 2
136 145 2
136 146 2
136 147 2
136 148 2
136 149 2
136 150 2
136 151 2
136 152 2
136 153 2
136 154 2
136 155 2
136 156 2
136 157 2
136 158 2
136 159 2
136 160 2
136 161 2
136 162 2
136 163 2
136 164 2
136 165 2
136 166 2
136 167 2
136 168 2
136 169 2
136 170 2
136 171 2
136 172 2
136 173 2
136 174 2
136 175 2
136 176 2
136 177 2
136 178 2
136 179 2
136 180 2
136 181 2
136 182 2
136 183 2
136 184 2
136 185 2
136 186 2
136 187 2
136 188 2
136 189 2
136 190 2
136 191 2
136 192 2
136 193 2
136 194 2
136 195 2
136 196 2
136 197 2
136 198 2
136 199 2
136 200 2
137 138 2
137 139 2
137 140 2
137 141 2
137 142 2
137 143 2
137 144 2
137 145 2
137 146 2
137 147 2
137 148 2
137 149 2
137 150 2
137 151 2
137 152 2
137 153 2
137 154 2
137 155 2
137 156 2
137 157 2
137 158 2
137 159 2
137 160 2
137 161 2
137 162 2
137 163 2
137 164 2
137 165 2
137 166 2
137 167 2
137 168 2
137 169 2
137 170 2
137 171 2
137 172 2
137 173 2
137 174 2
137 175 2
137 176 2
137 177 2
137 178 2
137 179 2
137 180 2
137 181 2
137 182 2
137 183 2
137 184 2
137 185 2
137 186 2
137 187 2
137 188 2
137 189 2
137 190 2
137 191 2
137 192 2
137 193 2
137 194 2
137 195 2
137 196 2
137 197 2
137 198 2
137 199 2
137 200 2
138 139 2
138 140 2
138 141 2
138 142 2
138 143 2
138 144 2
138 145 2
138 146 2
138 147 2
138 148 2
138 149 2
138 150 2
138 151 2
138 152 2
138 153 2
138 154 2
138 155 2
138 156 2
138 157 2
138 158 2
138 159 2
138 160 2
138 161 2
138 162 2
138 163 2
138 164 2
138 165 2
138 166 2
138 167 2
138 168 2
138 169 2
138 170 2
138 171 2
138 172 2
138 173 2
138 174 2
138 175 2
138 176 2
138 177 2
138 178 2
138 179 2
138 180 2
138 181 2
138 182 2
138 183 2
138 184 2
138 185 2
138 186 2
138 187 2
138 188 2
138 189 2
138 190 2
138 191 2
138 192 2
138 193 2
138 194 2
138 195 2
138 196 2
138 197 2
138 198 2
138 199 2
138 200 2
139 140 2
139 141 2
139 142 2
139 143 2
139 144 2
139 145 2
139 146 2
139 147 2
139 148 2
139 149 2
139 150 2
139 151 2
139 152 2
139 153 2
139 154 2
139 155 2
139 156 2
139 157 2
139 158 2
139 159 2
139 160 2
139 161 2
139 162 2
139 163 2
139 164 2
139 165 2
139 166 2
139 167 2
139 168 2
139 169 2
139 170 2
139 171 2
139 172 2
139 173 2
139 174 2
139 175 2
139 176 2
139 177 2
139 178 2
139 179 2
139 180 2
139 181 2
139 182 2
139 183 2
139 184 2
139 185 2
139 186 2
139 187 2
139 188 2
139 189 2
139 190 2
139 191 2
139 192 2
139 193 2
139 194 2
139 195 2
139 196 2
139 197 2
139 198 2
139 199 2
139 200 2
140 141 2
140 142 2
140 143 2
140 144 2
140 145 2
140 146 2
140 147 2
140 148 2
140 149 2
140 150 2
140 151 2
140 152 2
140 153 2
140 154 2
140 155 2
140 156 2
140 157 2
140 158 2
140 159 2
140 160 2
140 161 2
140 162 2
140 163 2
140 164 2
140 165 2
140 166 2
140 167 2
140 168 2
140 169 2
140 170 2
140 171 2
140 172 2
140 173 2
140 174 2
140 175 2
140 176 2
140 177 2
140 178 2
140 179 2
140 180 2
140 181 2
140 182 2
140 183 2
140 184 2
140 185 2
140 186 2
140 187 2
140 188 2
140 189 2
140 190 2
140 191 2
140 192 2
140 193 2
140 194 2
140 195 2
140 196 2
140 197 2
140 198 2
140 199 2
140 200 2
141 142 2
141 143 2
141 144 2
141 145 2
141 146 2
141 147 2
141 148 2
141 149 2
141 150 2
141 151 2
141 152 2
141 153 2
141 154 2
141 155 2
141 156 2
141 157 2
141 158 2
141 159 2
141 160 2
141 161 2
141 162 2
141 163 2
141 164 2
141 165 2
141 166 2
141 167 2
141 168 2
141 169 2
141 170 2
141 171 2
141 172 2
141 173 2
141 174 2
141 175 2
141 176 2
141 177 2
141 178 2
141 179 2
141 180 2
141 181 2
141 182 2
141 183 2
141 184 2
141 185 2
141 186 2
141 187 2
141 188 2
141 189 2
141 190 2
141 191 2
141 192 2
141 193 2
141 194 2
141 195 2
141 196 2
141 197 2
141 198 2
141 199 2
141 200 2
142 143 2
142 144 2
142 145 2
142 146 2
142 147 2
142 148 2
142 149 2
142 150 2
142 151 2
142 152 2
142 153 2
142 154 2
142 155 2
142 156 2
142 157 2
142 158 2
142 159 2
142 160 2
142 161 2
142 162 2
142 163 2
142 164 2
142 165 2
142 166 2
142 167 2
142 168 2
142 169 2
142 170 2
142 171 2
142 172 2
142 173 2
142 174 2
142 175 2
142 176 2
142 177 2
142 178 2
142 179 2
142 180 2
142 181 2
142 182 2
142 183 2
142 184 2
142 185 2
142 186 2
142 187 2
142 188 2
142 189 2
142 190 2
142 191 2
142 192 2
142 193 2
142 194 2
142 195 2
142 196 2
142 197 2
142 198 2
142 199 2
142 200 2
143 144 2
143 145 2
143 146 2
143 147 2
143 148 2
143 149 2
143 150 2
143 151 2
143 152 2
143 153 2
143 154 2
143 155 2
143 156 2
143 157 2
143 158 2
143 159 2
143 160 2
143 161 2
143 162 2
143 163 2
143 164 2
143 165 2
143 166 2
143 167 2
143 168 2
143 169 2
143 170 2
143 171 2
143 172 2
143 173 2
143 174 2
143 175 2
143 176 2
143 177 2
143 178 2
143 179 2
143 180 2
143 181 2
143 182 2
143 183 2
143 184 2
143 185 2
143 186 2
143 187 2
143 188 2
143 189 2
143 190 2
143 191 2
143 192 2
143 193 2
143 194 2
143 195 2
143 196 2
143 197 2
143 198 2
143 199 2
143 200 2
144 145 2
144 146 2
144 147 2
144 148 2
144 149 2
144 150 2
144 151 2
144 152 2
144 153 2
144 154 2
144 155 2
144 156 2
144 157 2
144 158 2
144 159 2
144 160 2
144 161 2
144 162 2
144 163 2
144 164 2
144 165 2
144 166 2
144 167 2
144 168 2
144 169 2
144 170 2
144 171 2
144 172 2
144 173 2
144 174 2
144 175 2
144 176 2
144 177 2
144 178 2
144 179 2
144 180 2
144 181 2
144 182 2
144 183 2
144 184 2
144 185 2
144 186 2
144 187 2
144 188 2
144 189 2
144 190 2
144 191 2
144 192 2
144 193 2
144 194 2
144 195 2
144 196 2
144 197 2
144 198 2
144 199 2
144 200 2
145 146 2
145 147 2
145 148 2
145 149 2
145 150 2
145 151 2
145 152 2
145 153 2
145 154 2
145 155 2
145 156 2
145 157 2
145 158 2
145 159 2
145 160 2
145 161 2
145 162 2
145 163 2
145 164 2
145 165 2
145 166 2
145 167 2
145 168 2
145 169 2
145 170 2
145 171 2
145 172 2
145 173 2
145 174 2
145 175 2
145 176 2
145 177 2
145 178 2
145 179 2
145 180 2
145 181 2
145 182 2
145 183 2
145 184 2
145 185 2
145 186 2
145 187 2
145 188 2
145 189 2
145 190 2
145 191 2
145 192 2
145 193 2
145 194 2
145 195 2
145 196 2
145 197 2
145 198 2
145 199 2
145 200 2
146 147 2
146 148 2
146 149 2
146 150 2
146 151 2
146 152 2
146 153 2
146 154 2
146 155 2
146 156 2
146 157 2
146 158 2
146 159 2
146 160 2
146 161 2
146 162 2
146 163 2
146 164 2
146 165 2
146 166 2
146 167 2
146 168 2
146 169 2
146 170 2
146 171 2
146 172 2
146 173 2
146 174 2
146 175 2
146 176 2
146 177 2
146 178 2
146 179 2
146 180 2
146 181 2
146 182 2
146 183 2
146 184 2
146 185 2
146 186 2
146 187 2
146 188 2
146 189 2
146 190 2
146 191 2
146 192 2
146 193 2
146 194 2
146 195 2
146 196 2
146 197 2
146 198 2
146 199 2
146 200 2
147 148 2
147 149 2
147 150 2
147 151 2
147 152 2
147 153 2
147 154 2
147 155 2
147 156 2
147 157 2
147 158 2
147 159 2
147 160 2
147 161 2
147 162 2
147 163 2
147 164 2
147 165 2
147 166 2
147 167 2
147 168 2
147 169 2
147 170 2
147 171 2
147 172 2
147 173 2
147 174 2
147 175 2
147 176 2
147 177 2
147 178 2
147 179 2
147 180 2
147 181 2
147 182 2
147 183 2
147 184 2
147 185 2
147 186 2
147 187 2
147 188 2
147 189 2
147 190 2
147 191 2
147 192 2
147 193 2
147 194 2
147 195 2
147 196 2
147 197 2
147 198 2
147 199 2
147 200 2
148 149 2
148 150 2
148 151 2
148 152 2
148 153 2
148 154 2
148 155 2
148 156 2
148 157 2
148 158 2
148 159 2
148 160 2
148 161 2
148 162 2
148 163 2
148 164 2
148 165 2
148 166 2
148 167 2
148 168 2
148 169 2
148 170 2
148 171 2
148 172 2
148 173 2
148 174 2
148 175 2
148 176 2
148 177 2
148 178 2
148 179 2
148 180 2
148 181 2
148 182 2
148 183 2
148 184 2
148 185 2
148 186 2
148 187 2
148 188 2
148 189 2
148 190 2
148 191 2
148 192 2
148 193 2
148 194 2
148 195 2
148 196 2
148 197 2
148 198 2
148 199 2
148 200 2
149 150 2
149 151 2
149 152 2
149 153 2
149 154 2
149 155 2
149 156 2
149 157 2
149 158 2
149 159 2
149 160 2
149 161 2
149 162 2
149 163 2
149 164 2
149 165 2
149 166 2
149 167 2
149 168 2
149 169 2
149 170 2
149 171 2
149 172 2
149 173 2
149 174 2
149 175 2
149 176 2
149 177 2
149 178 2
149 179 2
149 180 2
149 181 2
149 182 2
149 183 2
149 184 2
149 185 2
149 186 2
149 187 2
149 188 2
149 189 2
149 190 2
149 191 2
149 192 2
149 193 2
149 194 2
149 195 2
149 196 2
149 197 2
149 198 2
149 199 2
149 200 2
150 151 2
150 152 2
150 153 2
150 154 2
150 155 2
150 156 2
150 157 2
150 158 2
150 159 2
150 160 2
150 161 2
150 162 2
150 163 2
150 164 2
150 165 2
150 166 2
150 167 2
150 168 2
150 169 2
150 170 2
150 171 2
150 172 2
150 173 2
150 174 2
150 175 2
150 176 2
150 177 2
150 178 2
150 179 2
150 180 2
150 181 2
150 182 2
150 183 2
150 184 2
150 185 2
150 186 2
150 187 2
150 188 2
150 189 2
150 190 2
150 191 2
150 192 2
150 193 2
150 194 2
150 195 2
150 196 2
150 197 2
150 198 2
150 199 2
150 200 2
151 152 2
151 153 2
151 154 2
151 155 2
151 156 2
151 157 2
151 158 2
151 159 2
151 160 2
151 161 2
151 162 2
151 163 2
151 164 2
151 165 2
151 166 2
151 167 2
151 168 2
151 169 2
151 170 2
151 171 2
151 172 2
151 173 2
151 174 2
151 175 2
151 176 2
151 177 2
151 178 2
151 179 2
151 180 2
151 181 2
151 182 2
151 183 2
151 184 2
151 185 2
151 186 2
151 187 2
151 188 2
151 189 2
151 190 2
151 191 2
151 192 2
151 193 2
151 194 2
151 195 2
151 196 2
151 197 2
151 198 2
151 199 2
151 200 2
152 153 2
152 154 2
152 155 2
152 156 2
152 157 2
152 158 2
152 159 2
152 160 2
152 161 2
152 162 2
152 163 2
152 164 2
152 165 2
152 166 2
152 167 2
152 168 2
152 169 2
152 170 2
152 171 2
152 172 2
152 173 2
152 174 2
152 175 2
152 176 2
152 177 2
152 178 2
152 179 2
152 180 2
152 181 2
152 182 2
152 183 2
152 184 2
152 185 2
152 186 2
152 187 2
152 188 2
152 189 2
152 190 2
152 191 2
152 192 2
152 193 2
152 194 2
152 195 2
152 196 2
152 197 2
152 198 2
152 199 2
152 200 2
153 154 2
153 155 2
153 156 2
153 157 2
153 158 2
153 159 2
153 160 2
153 161 2
153 162 2
153 163 2
153 164 2
153 165 2
153 166 2
153 167 2
153 168 2
153 169 2
153 170 2
153 171 2
153 172 2
153 173 2
153 174 2
153 175 2
153 176 2
153 177 2
153 178 2
153 179 2
153 180 2
153 181 2
153 182 2
153 183 2
153 184 2
153 185 2
153 186 2
153 187 2
153 188 2
153 189 2
153 190 2
153 191 2
153 192 2
153 193 2
153 194 2
153 195 2
153 196 2
153 197 2
153 198 2
153 199 2
153 200 2
154 155 2
154 156 2
154 157 2
154 158 2
154 159 2
154 160 2
154 161 2
154 162 2
154 163 2
154 164 2
154 165 2
154 166 2
154 167 2
154 168 2
154 169 2
154 170 2
154 171 2
154 172 2
154 173 2
154 174 2
154 175 2
154 176 2
154 177 2
154 178 2
154 179 2
154 180 2
154 181 2
154 182 2
154 183 2
154 184 2
154 185 2
154 186 2
154 187 2
154 188 2
154 189 2
154 190 2
154 191 2
154 192 2
154 193 2
154 194 2
154 195 2
154 196 2
154 197 2
154 198 2
154 199 2
154 200 2
155 156 2
155 157 2
155 158 2
155 159 2
155 160 2
155 161 2
155 162 2
155 163 2
155 164 2
155 165 2
155 166 2
155 167 2
155 168 2
155 169 2
155 170 2
155 171 2
155 172 2
155 173 2
155 174 2
155 175 2
155 176 2
155 177 2
155 178 2
155 179 2
155 180 2
155 181 2
155 182 2
155 183 2
155 184 2
155 185 2
155 186 2
155 187 2
155 188 2
155 189 2
155 190 2
155 191 2
155 192 2
155 193 2
155 194 2
155 195 2
155 196 2
155 197 2
155 198 2
155 199 2
155 200 2
156 157 2
156 158 2
156 159 2
156 160 2
156 161 2
156 162 2
156 163 2
156 164 2
156 165 2
156 166 2
156 167 2
156 168 2
156 169 2
156 170 2
156 171 2
156 172 2
156 173 2
156 174 2
156 175 2
156 176 2
156 177 2
156 178 2
156 179 2
156 180 2
156 181 2
156 182 2
156 183 2
156 184 2
156 185 2
156 186 2
156 187 2
156 188 2
156 189 2
156 190 2
156 191 2
156 192 2
156 193 2
156 194 2
156 195 2
156 196 2
156 197 2
156 198 2
156 199 2
156 200 2
157 158 2
157 159 2
157 160 2
157 161 2
157 162 2
157 163 2
157 164 2
157 165 2
157 166 2
157 167 2
157 168 2
157 169 2
157 170 2
157 171 2
157 172 2
157 173 2
157 174 2
157 175 2
157 176 2
157 177 2
157 178 2
157 179 2
157 180 2
157 181 2
157 182 2
157 183 2
157 184 2
157 185 2
157 186 2
157 187 2
157 188 2
157 189 2
157 190 2
157 191 2
157 192 2
157 193 2
157 194 2
157 195 2
157 196 2
157 197 2
157 198 2
157 199 2
157 200 2
158 159 2
158 160 2
158 161 2
158 162 2
158 163 2
158 164 2
158 165 2
158 166 2
158 167 2
158 168 2
158 169 2
158 170 2
158 171 2
158 172 2
158 173 2
158 174 2
158 175 2
158 176 2
158 177 2
158 178 2
158 179 2
158 180 2
158 181 2
158 182 2
158 183 2
158 184 2
158 185 2
158 186 2
158 187 2
158 188 2
158 189 2
158 190 2
158 191 2
158 192 2
158 193 2
158 194 2
158 195 2
158 196 2
158 197 2
158 198 2
158 199 2
158 200 2
159 160 2
159 161 2
159 162 2
159 163 2
159 164 2
159 165 2
159 166 2
159 167 2
159 168 2
159 169 2
159 170 2
159 171 2
159 172 2
159 173 2
159 174 2
159 175 2
159 176 2
159 177 2
159 178 2
159 179 2
159 180 2
159 181 2
159 182 2
159 183 2
159 184 2
159 185 2
159 186 2
159 187 2
159 188 2
159 189 2
159 190 2
159 191 2
159 192 2
159 193 2
159 194 2
159 195 2
159 196 2
159 197 2
159 198 2
159 199 2
159 200 2
160 161 2
160 162 2
160 163 2
160 164 2
160 165 2
160 166 2
160 167 2
160 168 2
160 169 2
160 170 2
160 171 2
160 172 2
160 173 2
160 174 2
160 175 2
160 176 2
160 177 2
160 178 2
160 179 2
160 180 2
160 181 2
160 182 2
160 183 2
160 184 2
160 185 2
160 186 2
160 187 2
160 188 2
160 189 2
160 190 2
160 191 2
160 192 2
160 193 2
160 194 2
160 195 2
160 196 2
160 197 2
160 198 2
160 199 2
160 200 2
161 162 2
161 163 2
161 164 2
161 165 2
161 166 2
161 167 2
161 168 2
161 169 2
161 170 2
161 171 2
161 172 2
161 173 2
161 174 2
161 175 2
161 176 2
161 177 2
161 178 2
161 179 2
161 180 2
161 181 2
161 182 2
161 183 2
161 184 2
161 185 2
161 186 2
161 187 2
161 188 2
161 189 2
161 190 2
161 191 2
161 192 2
161 193 2
161 194 2
161 195 2
161 196 2
161 197 2
161 198 2
161 199 2
161 200 2
162 163 2
162 164 2
162 165 2
162 166 2
162 167 2
162 168 2
162 169 2
162 170 2
162 171 2
162 172 2
162 173 2
162 174 2
162 175 2
162 176 2
162 177 2
162 178 2
162 179 2
162 180 2
162 181 2
162 182 2
162 183 2
162 184 2
162 185 2
162 186 2
162 187 2
162 188 2
162 189 2
162 190 2
162 191 2
162 192 2
162 193 2
162 194 2
162 195 2
162 196 2
162 197 2
162 198 2
162 199 2
162 200 2
163 164 2
163 165 2
163 166 2
163 167 2
163 168 2
163 169 2
163 170 2
163 171 2
163 172 2
163 173 2
163 174 2
163 175 2
163 176 2
163 177 2
163 178 2
163 179 2
163 180 2
163 181 2
163 182 2
163 183 2
163 184 2
163 185 2
163 186 2
163 187 2
163 188 2
163 189 2
163 190 2
163 191 2
163 192 2
163 193 2
163 194 2
163 195 2
163 196 2
163 197 2
163 198 2
163 199 2
163 200 2
164 165 2
164 166 2
164 167 2
164 168 2
164 169 2
164 170 2
164 171 2
164 172 2
164 173 2
164 174 2
164 175 2
164 176 2
164 177 2
164 178 2
164 179 2
164 180 2
164 181 2
164 182 2
164 183 2
164 184 2
164 185 2
164 186 2
164 187 2
164 188 2
164 189 2
164 190 2
164 191 2
164 192 2
164 193 2
164 194 2
164 195 2
164 196 2
164 197 2
164 198 2
164 199 2
164 200 2
165 166 2
165 167 2
165 168 2
165 169 2
165 170 2
165 171 2
165 172 2
165 173 2
165 174 2
165 175 2
165 176 2
165 177 2
165 178 2
165 179 2
165 180 2
165 181 2
165 182 2
165 183 2
165 184 2
165 185 2
165 186 2
165 187 2
165 188 2
165 189 2
165 190 2
165 191 2
165 192 2
165 193 2
165 194 2
165 195 2
165 196 2
165 197 2
165 198 2
165 199 2
165 200 2
166 167 2
166 168 2
166 169 2
166 170 2
166 171 2
166 172 2
166 173 2
166 174 2
166 175 2
166 176 2
166 177 2
166 178 2
166 179 2
166 180 2
166 181 2
166 182 2
166 183 2
166 184 2
166 185 2
166 186 2
166 187 2
166 188 2
166 189 2
166 190 2
166 191 2
166 192 2
166 193 2
166 194 2
166 195 2
166 196 2
166 197 2
166 198 2
166 199 2
166 200 2
167 168 2
167 169 2
167 170 2
167 171 2
167 172 2
167 173 2
167 174 2
167 175 2
167 176 2
167 177 2
167 178 2
167 179 2
167 180 2
167 181 2
167 182 2
167 183 2
167 184 2
167 185 2
167 186 2
167 187 2
167 188 2
167 189 2
167 190 2
167 191 2
167 192 2
167 193 2
167 194 2
167 195 2
167 196 2
167 197 2
167 198 2
167 199 2
167 200 2
168 169 2
168 170 2
168 171 2
168 172 2
168 173 2
168 174 2
168 175 2
168 176 2
168 177 2
168 178 2
168 179 2
168 180 2
168 181 2
168 182 2
168 183 2
168 184 2
168 185 2
168 186 2
168 187 2
168 188 2
168 189 2
168 190 2
168 191 2
168 192 2
168 193 2
168 194 2
168 195 2
168 196 2
168 197 2
168 198 2
168 199 2
168 200 2
169 170 2
169 171 2
169 172 2
169 173 2
169 174 2
169 175 2
169 176 2
169 177 2
169 178 2
169 179 2
169 180 2
169 181 2
169 182 2
169 183 2
169 184 2
169 185 2
169 186 2
169 187 2
169 188 2
169 189 2
169 190 2
169 191 2
169 192 2
169 193 2
169 194 2
169 195 2
169 196 2
169 197 2
169 198 2
169 199 2
169 200 2
170 171 2
170 172 2
170 173 2
170 174 2
170 175 2
170 176 2
170 177 2
170 178 2
170 179 2
170 180 2
170 181 2
170 182 2
170 183 2
170 184 2
170 185 2
170 186 2
170 187 2
170 188 2
170 189 2
170 190 2
170 191 2
170 192 2
170 193 2
170 194 2
170 195 2
170 196 2
170 197 2
170 198 2
170 199 2
170 200 2
171 172 2
171 173 2
171 174 2
171 175 2
171 176 2
171 177 2
171 178 2
171 179 2
171 180 2
171 181 2
171 182 2
171 183 2
171 184 2
171 185 2
171 186 2
171 187 2
171 188 2
171 189 2
171 190 2
171 191 2
171 192 2
171 193 2
171 194 2
171 195 2
171 196 2
171 197 2
171 198 2
171 199 2
171 200 2
172 173 2
172 174 2
172 175 2
172 176 2
172 177 2
172 178 2
172 179 2
172 180 2
172 181 2
172 182 2
172 183 2
172 184 2
172 185 2
172 186 2
172 187 2
172 188 2
172 189 2
172 190 2
172 191 2
172 192 2
172 193 2
172 194 2
172 195 2
172 196 2
172 197 2
172 198 2
172 199 2
172 200 2
173 174 2
173 175 2
173 176 2
173 177 2
173 178 2
173 179 2
173 180 2
173 181 2
173 182 2
173 183 2
173 184 2
173 185 2
173 186 2
173 187 2
173 188 2
173 189 2
173 190 2
173 191 2
173 192 2
173 193 2
173 194 2
173 195 2
173 196 2
173 197 2
173 198 2
173 199 2
173 200 2
174 175 2
174 176 2
174 177 2
174 178 2
174 179 2
174 180 2
174 181 2
174 182 2
174 183 2
174 184 2
174 185 2
174 186 2
174 187 2
174 188 2
174 189 2
174 190 2
174 191 2
174 192 2
174 193 2
174 194 2
174 195 2
174 196 2
174 197 2
174 198 2
174 199 2
174 200 2
175 176 2
175 177 2
175 178 2
175 179 2
175 180 2
175 181 2
175 182 2
175 183 2
175 184 2
175 185 2
175 186 2
175 187 2
175 188 2
175 189 2
175 190 2
175 191 2
175 192 2
175 193 2
175 194 2
175 195 2
175 196 2
175 197 2
175 198 2
175 199 2
175 200 2
176 177 2
176 178 2
176 179 2
176 180 2
176 181 2
176 182 2
176 183 2
176 184 2
176 185 2
176 186 2
176 187 2
176 188 2
176 189 2
176 190 2
176 191 2
176 192 2
176 193 2
176 194 2
176 195 2
176 196 2
176 197 2
176 198 2
176 199 2
176 200 2
177 178 2
177 179 2
177 180 2
177 181 2
177 182 2
177 183 2
177 184 2
177 185 2
177 186 2
177 187 2
177 188 2
177 189 2
177 190 2
177 191 2
177 192 2
177 193 2
177 194 2
177 195 2
177 196 2
177 197 2
177 198 2
177 199 2
177 200 2
178 179 2
178 180 2
178 181 2
178 182 2
178 183 2
178 184 2
178 185 2
178 186 2
178 187 2
178 188 2
178 189 2
178 190 2
178 191 2
178 192 2
178 193 2
178 194 2
178 195 2
178 196 2
178 197 2
178 198 2
178 199 2
178 200 2
179 180 2
179 181 2
179 182 2
179 183 2
179 184 2
179 185 2
179 186 2
179 187 2
179 188 2
179 189 2
179 190 2
179 191 2
179 192 2
179 193 2
179 194 2
179 195 2
179 196 2
179 197 2
179 198 2
179 199 2
179 200 2
180 181 2
180 182 2
180 183 2
180 184 2
180 185 2
180 186 2
180 187 2
180 188 2
180 189 2
180 190 2
180 191 2
180 192 2
180 193 2
180 194 2
180 195 2
180 196 2
180 197 2
180 198 2
180 199 2
180 200 2
181 182 2
181 183 2
181 184 2
181 185 2
181 186 2
181 187 2
181 188 2
181 189 2
181 190 2
181 191 2
181 192 2
181 193 2
181 194 2
181 195 2
181 196 2
181 197 2
181 198 2
181 199 2
181 200 2
182 183 2
182 184 2
182 185 2
182 186 2
182 187 2
182 188 2
182 189 2
182 190 2
182 191 2
182 192 2
182 193 2
182 194 2
182 195 2
182 196 2
182 197 2
182 198 2
182 199 2
182 200 2
183 184 2
183 185 2
183 186 2
183 187 2
183 188 2
183 189 2
183 190 2
183 191 2
183 192 2
183 193 2
183 194 2
183 195 2
183 196 2
183 197 2
183 198 2
183 199 2
183 200 2
184 185 2
184 186 2
184 187 2
184 188 2
184 189 2
184 190 2
184 191 2
184 192 2
184 193 2
184 194 2
184 195 2
184 196 2
184 197 2
184 198 2
184 199 2
184 200 2
185 186 2
185 187 2
185 188 2
185 189 2
185 190 2
185 191 2
185 192 2
185 193 2
185 194 2
185 195 2
185 196 2
185 197 2
185 198 2
185 199 2
185 200 2
186 187 2
186 188 2
186 189 2
186 190 2
186 191 2
186 192 2
186 193 2
186 194 2
186 195 2
186 196 2
186 197 2
186 198 2
186 199 2
186 200 2
187 188 2
187 189 2
187 190 2
187 191 2
187 192 2
187 193 2
187 194 2
187 195 2
187 196 2
187 197 2
187 198 2
187 199 2
187 200 2
188 189 2
188 190 2
188 191 2
188 192 2
188 193 2
188 194 2
188 195 2
188 196 2
188 197 2
188 198 2
188 199 2
188 200 2
189 190 2
189 191 2
189 192 2
189 193 2
189 194 2
189 195 2
189 196 2
189 197 2
189 198 2
189 199 2
189 200 2
190 191 2
190 192 2
190 193 2
190 194 2
190 195 2
190 196 2
190 197 2
190 198 2
190 199 2
190 200 2
191 192 2
191 193 2
191 194 2
191 195 2
191 196 2
191 197 2
191 198 2
191 199 2
191 200 2
192 193 2
192 194 2
192 195 2
192 196 2
192 197 2
192 198 2
192 199 2
192 200 2
193 194 2
193 195 2
193 196 2
193 197 2
193 198 2
193 199 2
193 200 2
194 195 2
194 196 2
194 197 2
194 198 2
194 199 2
194 200 2
195 196 2
195 197 2
195 198 2
195 199 2
195 200 2
196 197 2
196 198 2
196 199 2
196 200 2
197 198 2
197 199 2
197 200 2
198 199 2
198 200 2
199 200 2
37 111 2
119 46 1
