10 1000
1 10313
26 12025 12729 16716 13186 11617 13722 14256 10820 14747 10705 18408 10597 12932 19172 13679 17746 13279 16976 18441 17179 13066 11626 13294 14660 12466 18256
9 14817 11491 18743 12872 17727 19764 14925 18879 18272
1 11410
5 15008 10216 15929 10096 17744
20 17704 17081 15575 12060 16810 15928 19554 16440 19983 12437 16761 12956 10858 17723 14952 18816 15099 15733 19531 16848
11 10076 17053 19889 17740 17495 11977 11436 19135 17841 15892 18647
21 12878 10936 16289 12800 18771 11612 12731 15436 19607 11743 11570 12681 11774 15767 14981 12851 11559 16097 17396 17464 10803
3 10597 11065 17955
25 13816 16120 14368 17408 14939 13412 18188 18170 11413 10934 10671 10602 11939 16729 12274 15703 12544 13658 18370 13145 13148 16564 16922 19029 13186
15 12964 17667 17405 15519 17235 14116 15420 15958 18805 16689 11123 14717 14036 11147 10538
17 16734 10807 19217 18387 16814 19270 12772 17008 17344 14999 16637 11582 12300 19465 13649 11267 19869
10 10544 11019 18666 15544 16971 11006 16688 10165 13098 19042
17 13270 14424 19006 13471 13537 14878 10715 18508 17603 11803 19228 14935 11275 18923 14032 12075 18071
18 11098 16232 19276 15405 13261 14483 12267 11846 16904 19960 16297 16916 15407 10972 17471 11487 12329 18803
22 14388 19803 11544 10393 11843 10096 13788 13949 13638 10822 14538 15047 14605 16754 18175 15668 12533 13723 15826 18743 16079 12571
21 15577 18787 13608 13639 16216 17800 14570 12053 16982 18372 17518 19018 11864 17755 12674 12954 17028 14569 19642 11884 10122
7 18991 13228 18629 17631 19666 12743 13960
26 10208 12469 10527 15076 14227 10003 11501 17092 13124 13953 15476 12609 11510 12929 10769 17056 13303 17892 16551 15660 18962 10217 12559 18849 16845 10323
5 11555 14129 14188 11436 10037
16 17622 15703 12307 18624 10619 14851 10750 13670 16641 12059 18037 15212 14186 10392 19920 11605
2 10588 11013
25 19544 11151 12133 17635 19801 14973 10321 15936 18022 19223 15111 16600 19995 17690 17158 18941 19948 17327 17815 10167 13660 13197 10747 17836 12601
26 19180 10484 18943 19242 14883 16890 13780 14220 17466 16960 13410 16294 15099 19688 11010 19902 10241 16164 13561 15105 16463 18102 16359 19516 14984 14853
30 12391 11988 14376 16893 17590 10321 16127 18003 14643 11683 16345 10747 19623 17873 18701 14303 10057 12217 15771 18825 10586 14742 19314 18699 18596 17213 19812 12126 11541 16613
25 11897 10172 18165 15607 14689 14391 11488 17999 18728 10956 15982 17994 12171 14745 14038 15019 17038 17809 13157 10351 16047 12919 10586 14657 12196
3 16556 18557 13429
10 14711 19163 17234 14102 10840 18085 12520 10363 13479 18848
26 14376 12507 14214 13687 16505 14299 16358 17581 18128 14558 15374 16159 13077 12401 14082 17243 16556 11794 19604 10354 13236 18946 14673 15139 18775 16730
13 15824 11447 19751 14703 11535 13130 16137 18163 14833 11352 14650 11442 13305
20 18217 18569 11555 11767 17471 12758 13440 12477 10389 19002 16896 10804 16640 10145 16188 15815 17708 11914 18947 18115
20 14875 17814 17475 11912 13781 19057 15265 18744 17277 12987 15935 11086 13445 13530 14227 15735 19137 16790 17379 19955
11 10952 14003 12772 19226 12361 13879 10806 15285 15138 15372 12241
6 14151 19699 15025 15786 13710 13757
24 19149 16811 15735 15272 19293 12289 10226 19790 14950 19705 12068 18265 10952 14328 10611 19978 13844 17047 18653 18208 13941 16555 12751 18652
6 13661 14123 10827 19683 10050 11870
4 10627 16368 12725 18039
4 16942 14065 14889 15210
4 19378 13248 19507 12737
24 18551 14207 15038 12856 17259 13345 14262 14320 19730 13613 15863 17099 14824 11752 13244 14177 14831 13560 14656 10641 11809 19975 15506 14575
27 18213 15904 14177 12987 18419 15795 12814 16437 18805 12535 16239 10455 14741 18226 18675 12210 19779 16684 17008 12679 19059 12361 14785 13528 18078 16076 10247
13 12296 14903 15120 12512 15535 16040 13362 15725 17644 17028 11621 19241 14409
22 15581 15454 15154 17325 18945 15487 16033 18457 14264 10211 19449 10379 17329 19067 12594 16439 19341 17821 10565 10962 13593 18821
7 19447 15864 19858 17918 13865 10257 10224
19 17877 14695 15064 17391 19340 12790 11611 11371 19922 11313 13396 11548 14181 14977 11035 13800 12960 12749 10685
9 18418 12420 13748 15843 10567 12642 13939 10758 17643
13 10302 17127 15153 14425 17256 10038 10960 12402 15287 18073 16222 12632 18364
15 14558 10429 16679 16671 14260 12332 15797 13515 10912 18559 15825 18388 10248 16690 16679
26 13605 18281 18048 19191 10797 12645 15151 17466 17778 14502 13876 11699 18910 14726 11405 19289 16205 15915 10898 14463 10369 16979 11358 11934 10992 13497
19 14368 15745 13029 16944 14111 10900 17129 19692 12158 18041 14262 17030 19824 14296 10344 17398 11090 15944 16136
27 16090 17725 13195 16250 18712 12719 12612 10727 13776 10112 13253 18851 11764 10719 18714 13755 11565 12584 14728 19119 14206 11521 11213 16330 13043 13921 15714
26 18370 11687 17432 17634 16920 11626 13563 12950 19237 14152 12185 12418 10364 18632 18378 10147 11841 15237 12832 16291 15467 15619 14634 17871 11795 17281
8 11642 18837 18965 10927 12594 18942 16910 11214
13 14312 14324 17843 18866 14137 18915 15680 10102 18800 15819 13954 19293 19143
18 16499 13887 11240 10872 19939 15146 19663 12772 14020 16717 14699 10649 10831 17586 11492 18789 12115 15511
5 16138 16390 19525 19792 12660
1 12605
6 19844 19593 18104 11495 15203 12863
19 15089 13117 13262 17798 10833 16849 18907 10457 13904 19098 14805 14146 17986 10907 16799 18698 12820 11296 19090
25 10864 12447 19533 13911 18536 17787 19441 11051 10006 12818 17104 12379 14001 11035 16756 10337 16606 19775 17190 16926 15508 13344 16758 15573 13673
10 13962 10965 12909 17933 15362 15458 10297 16742 15015 13160
9 15633 12172 15261 19063 14307 16432 12726 15743 17212
7 14930 16567 13219 15962 15341 14350 11325
16 17825 17080 12223 14329 19693 17503 18087 14153 10065 19315 15416 14670 14646 15437 18273 10993
2 16336 11769
1 17033
27 18142 10522 11401 18581 10256 19346 10074 11048 19886 12898 19511 10019 10617 10658 12421 13043 17705 13945 18082 17423 19748 13637 17822 12008 19505 13643 19264
9 13710 19350 15418 12690 14223 12753 17229 18793 15366
26 10657 12003 14778 17561 11902 17581 17644 17738 16843 16749 16639 12748 13316 12409 12421 14088 17296 14454 12033 12391 16593 12615 15039 17517 18152 17337
30 19077 17548 11632 14438 11612 11776 19395 10657 11156 18921 18139 18917 12388 10809 16622 18647 18107 17231 10340 17527 15226 12832 10346 17466 14037 10259 13367 17075 19927 15664
12 12969 19301 15151 19805 14764 13898 13273 11188 11086 10248 17149 13346
20 13461 12325 11446 11395 17093 18947 15566 10562 13286 19352 13038 16322 19912 10671 15827 17539 13947 18538 13439 15963
9 10486 14304 15046 17610 10146 11125 18536 15936 15824
25 18692 11839 19556 10785 16454 16314 15240 10718 18429 11532 16931 11663 18023 15881 10895 14070 10563 18974 17516 19022 14768 18338 11657 14399 15388
7 12552 18731 14382 13847 16838 10734 10452
2 10818 14984
28 11904 10542 16706 19438 10261 10803 11139 10897 12338 16650 15453 16682 16438 13495 13681 19314 14425 14425 17642 17305 13463 15801 19313 18906 14142 14742 12628 12977
13 14589 15170 19317 19533 16942 12725 13304 16801 11358 12162 12180 14207 16315
2 12837 19801
23 11434 13437 18958 12206 19868 13713 15260 10360 13958 11296 11512 16740 18600 13912 10096 19499 13251 19795 14398 14184 16249 11148 15512
13 11210 18013 10945 10925 13476 12378 14553 10825 17078 14882 19401 16073 15191
27 17794 11854 19536 19646 15179 12696 16712 17310 17144 14337 11917 17931 11231 19671 13034 15500 17783 19853 10543 13443 16542 14169 11236 15059 18218 14752 16194
16 12751 14756 16008 18713 18470 11063 18697 10958 18897 15127 18304 13627 16378 18046 14637 14826
13 18459 17115 10293 12036 14354 18201 12426 19515 12393 14378 17041 10351 10830
16 10236 15534 14639 12996 10173 11726 13922 19871 11138 10951 19207 17999 19728 10869 19727 15663
17 17375 13261 10812 10869 13725 18658 18007 17820 12916 14601 16664 10891 12538 10740 11067 19163 13809
30 15114 11862 19031 11525 17272 15000 14157 12769 13701 18883 15717 18636 10028 18834 13803 14449 14724 13972 15333 18934 19564 11392 14327 12450 15141 15582 18394 16315 11890 15445
10 11833 19602 13731 18883 10120 10893 16263 15862 16298 16596
3 18056 14186 13547
24 16431 10047 17731 17758 16375 16511 18256 13814 15859 10258 10134 16495 13569 19546 16317 16356 18725 10195 11981 17136 16815 11112 16510 17552
10 1000
24 12939 11150 11467 17049 15947 12815 18764 17646 15738 16995 11785 13399 17871 15249 14666 14158 14994 15249 15414 15741 12580 13833 13077 15139
6 16054 14839 15388 11062 15679 10401
21 18490 15111 13468 13891 13644 15209 12709 19367 14862 17959 17019 19982 14654 17491 12433 10400 16287 17375 10533 14622 17721
15 10693 16590 11503 13904 11009 14195 11689 15737 15246 13418 11408 19508 15666 11809 17157
27 14058 13040 18412 14349 15831 16733 13655 17708 14506 10290 16420 16683 16449 11954 17430 19984 18199 16794 11439 15896 11221 19862 19865 19804 11433 13220 12804
26 13364 16060 16526 12786 11258 19648 15040 18168 12000 11292 16827 14412 17182 14068 10334 16622 14167 11509 14320 11498 18494 18996 11649 10677 12455 16045
23 16780 17212 16227 16448 10133 18268 13933 11944 16629 16661 19701 11053 19705 10710 18332 11276 11893 15666 16501 15625 13926 11099 19092
4 11859 18382 15973 19768
16 13101 13431 12143 11346 19741 16975 18762 14825 18493 14748 13762 10917 16525 13243 10415 17527
26 19556 19269 10222 14067 16892 12546 18607 11060 12539 10895 14458 18575 10035 11090 14596 12950 19738 15774 13964 15081 14529 18829 16881 18559 19856 12486
21 11015 19846 14746 18484 13521 13696 18225 15253 15402 19071 14005 13960 14275 11717 16592 13470 13692 13019 18562 12433 13204
30 16012 10880 18204 12486 18385 13738 19393 12640 18778 16742 14202 18617 13321 17706 15023 16519 10721 18621 11594 11401 15569 16562 17374 18523 11497 13849 12256 16298 12787 10456
20 15146 15512 14117 12984 18976 11824 16111 18327 18514 13459 13188 14063 18191 13074 18605 13865 10822 14491 17741 13471
21 15458 16269 13391 16888 19010 11331 16699 10773 12027 18717 16754 14840 12086 11482 12204 16658 16195 17998 19101 14923 17504
30 12483 16737 18593 12874 12263 16432 12424 15811 10768 12626 14550 16219 11769 12772 12681 12434 13355 16877 12198 15550 19482 14642 18702 16562 17552 12724 11204 16679 11859 11342
7 11281 15250 11954 12122 10488 13840 10208
8 11808 12127 10903 16379 12833 18358 14167 16223
14 12470 14576 16873 17571 11477 17427 13482 18728 19622 18896 19213 12714 13153 19281
26 12525 12061 11071 13563 19702 13623 16040 18117 10492 15096 18095 17135 15811 15410 11096 13499 15478 18191 13365 17282 19676 10969 13101 19707 13128 17915
5 15240 19944 15942 12277 17914
29 16519 10851 10474 17054 18046 14851 17437 12404 16128 15224 15664 18136 11588 15614 18533 14359 18574 12271 12310 15041 17596 18600 15814 10695 10839 11102 16960 15492 19588
18 12290 19261 16130 17585 18067 17360 14951 14594 14041 13866 10583 17838 13470 16070 11958 11806 15503 10743
17 19852 18499 15126 12403 17894 15394 18141 15705 13238 14704 19762 19862 17753 13250 19037 12312 17099
28 13721 13583 10251 16598 16981 12729 16020 14711 19160 17993 15789 18744 15053 15079 14199 10046 19671 17838 11982 17197 17959 18735 17683 11459 16439 18942 17467 12707
22 10384 14746 14438 17518 14597 13840 18936 19634 15736 14383 16203 10230 17574 15712 12747 18494 16844 12931 18807 16697 17757 18895
16 18425 15052 18813 12868 12491 15408 16706 12730 12978 19573 15414 11924 18411 10051 14405 10037
17 11685 12072 17416 15387 14986 11754 12158 13051 14555 13202 14291 12506 17425 13695 18247 13596 18691
17 17230 18164 14251 19165 15544 16115 13014 13521 17510 14344 13411 18026 14042 13997 11560 12761 10479
13 10922 16125 11782 11494 15798 11694 13665 11682 13508 18476 10774 13308 12588
4 15502 16988 16866 10571
11 17312 17746 13014 14691 11543 19549 17812 10245 10382 15252 14658
1 18800
8 13068 16579 17369 12068 14622 11752 17091 14082
8 12080 13182 18588 14081 11295 15773 11054 18682
28 18010 14716 17375 14617 14511 14743 13902 13099 15656 11561 10500 13946 15677 13162 18855 11663 15007 18763 17731 11032 19878 18629 11512 16696 14616 17442 16371 10879
14 11023 13285 15329 10428 18775 19616 16097 16036 16677 13468 12212 16609 18188 17557
6 13882 12883 11792 12307 19518 15188
19 11640 19471 18035 19109 14309 14793 18807 15208 13176 16874 17388 16201 14686 17569 18681 12278 15593 17187 14442
3 12348 15813 11744
23 16749 15929 17958 12214 13941 16796 14555 15136 11367 13579 14595 15374 19761 16675 11247 12161 19769 19217 17167 11282 10305 13215 17101
23 17226 17311 18534 16873 13428 11622 17746 17050 13943 17614 11111 12487 12147 13514 13982 18579 15663 18191 12008 17556 13051 19006 12230
10 14894 11575 13788 14410 15348 11930 10604 16694 12772 14042
3 10211 10529 18169
2 16680 11535
25 11472 17011 12669 17126 14494 10500 17630 17579 15381 19937 19334 16311 18132 19332 15445 17164 17084 13499 13134 19060 19669 11190 11663 13289 14720
19 13884 15371 13684 11914 10245 19479 14575 12213 11402 15868 11020 14301 18030 14296 11226 13827 18921 18897 14236
17 10971 12483 13294 18494 17139 10733 18678 11591 10988 19246 14838 16641 18883 18925 19183 12679 13451
23 12364 16556 14400 18759 12397 12914 15279 19175 17461 17572 17280 12851 14729 11038 13678 17309 15062 11370 10995 13854 15922 18096 15492
14 17334 11420 16070 10308 18256 13431 17186 11460 13187 10531 17873 15597 11369 18806
17 11331 13412 16545 15034 10041 12706 10652 18427 14705 11441 16137 18489 16115 13596 10436 17576 19469
30 16751 11148 16781 10950 13157 10142 13094 11799 16662 18187 16960 14584 13971 12272 18160 19810 13154 17963 18119 10168 12934 12739 11010 17888 18832 13566 15985 17804 17871 17296
11 10977 16058 14976 11384 16220 15378 13665 18039 19360 19502 11863
13 12598 19937 17132 15340 18792 16834 17005 10516 18022 11168 16786 15848 16267
23 10325 12715 18552 19195 12368 13881 11399 19791 13567 12940 11924 18143 11757 15059 13437 15637 15582 19493 19872 17762 19070 16830 13903
13 18250 16444 16081 13172 13399 12123 14848 12320 13024 16340 19757 12731 18160
19 12748 15436 18092 16051 14830 14035 11076 16198 18004 13685 16176 15727 14775 18036 14785 14869 10091 18315 12949
3 13064 11293 18067
19 18309 15346 16074 17673 19239 16335 17699 14153 18177 17508 14878 11102 10610 10166 10940 16783 13441 14294 10638
20 19580 10880 18631 19979 13713 10147 17506 14650 16598 12408 18931 17007 17731 10769 14047 18310 18725 17393 11667 10113
7 17553 15408 14259 13842 18181 13318 15420
20 10142 16114 16657 10469 15945 12619 10962 12532 17112 13482 14259 13214 17929 16792 17830 10604 14783 11665 10627 13850
9 18403 14453 10919 14150 16322 17468 18013 14256 12838
12 10473 15941 19908 11106 17527 12415 16415 14903 15716 13805 17595 12064
26 13796 15106 14519 10822 15615 13812 17782 14152 19074 13902 15897 11570 12907 19415 18459 15513 19096 16786 17688 14859 18433 19480 16015 14747 19004 17341
22 13841 11849 11719 16181 16351 10482 19984 16383 18689 13522 15525 13715 13078 12127 11814 11452 12976 16465 11640 10741 17641 17941
16 14938 15695 16390 12445 18214 10030 13959 10379 11396 18887 19901 12883 10512 10468 12991 10195
19 10910 10794 11998 13146 17981 17491 13448 16403 15322 14495 15103 13604 14599 10559 10376 17483 15393 10618 16576
16 15179 15057 18162 19522 14242 13648 13275 14737 12857 10857 17163 19288 10601 11749 18582 11576
1 10211
24 14319 10197 13701 17071 12120 15498 11252 17868 10334 12769 13952 19801 15708 15908 19606 10983 11753 14700 15808 10236 14320 14583 18146 14969
17 17281 12740 10782 15289 14655 14861 11389 17050 10600 17816 19963 17143 18354 18850 15485 11788 13047
4 10206 18569 11833 14445
21 16579 16460 16132 16265 10505 15613 13456 10351 16651 16878 12150 14263 11349 10662 15545 18593 14726 10932 17606 11356 15307
1 16717
12 13419 17857 19436 16030 13852 16479 15945 11186 10770 17129 11400 19018
1 14825
30 12701 18894 11723 10391 14842 17601 11117 15900 11310 15758 17003 10867 13983 19029 16536 12747 16011 10085 15235 17414 15671 12293 17277 10009 17433 19379 15719 15425 11305 16559
1 15185
13 11081 10556 19909 18496 12673 12904 19093 19129 16841 16029 12428 15735 16504
8 19365 18018 19925 19622 16154 17683 15409 15562
7 16448 15741 12649 19049 11095 17823 17826
5 19162 15491 18522 15180 11356
18 16811 17824 19294 12947 16632 14148 19656 11711 11399 13529 18348 14358 11867 18646 10775 15499 16579 17091
21 11469 19744 10149 11510 18476 13898 15448 15340 17684 17172 12712 19710 17685 17536 14324 16707 17334 18840 14916 13948 14411
19 16727 18191 18084 19225 19915 13814 15643 19475 19571 14726 16461 10235 13629 10831 18669 12716 18417 12622 16502
14 11044 10001 18786 13681 10352 13926 11537 14086 10655 11970 10143 17700 14977 11394
28 15357 17015 15821 19702 17308 13534 14105 18893 18760 11427 12495 14333 17688 16149 13684 14068 14765 10746 18831 11026 17754 17203 11163 15376 15212 14317 12236 10229
21 18831 14459 18630 10329 19032 15975 12318 17037 12541 16480 15225 11362 12512 15093 17181 11127 18958 13855 15786 18841 14419
9 16936 16169 15700 16289 16948 16465 15887 18416 11774
9 13370 16545 11257 10615 17082 13611 18914 19532 19679
10 1000
4 10196 15491 12883 12375
15 14252 11692 11122 10341 13870 16695 19288 19833 19249 16198 14829 12636 13497 12380 19338
23 13435 18207 19468 14794 19096 14313 18219 15697 19565 17571 14669 16828 10003 15571 13246 10183 17189 13730 16130 19700 13435 14239 14897
12 11220 18584 19967 17100 13368 17842 18985 16555 16139 17486 17698 10349
16 15905 19447 19650 15819 18368 11848 16423 15162 10639 11766 12670 18969 18982 12178 19110 17525
18 17008 13745 10215 12275 12541 13284 14543 13352 16496 12905 16793 19883 18364 12309 14187 19070 17099 18543
3 13753 14753 18565
8 15181 17154 17003 17532 15889 15220 17101 12535
6 13003 15295 18275 16221 11045 12413
21 17018 16166 16939 10289 18605 11249 18345 18589 13048 11134 10924 11238 14942 13207 11118 15497 13319 13782 13802 19722 17423
12 15482 11267 15582 10419 14901 11346 18902 11631 13991 11701 13981 17448
14 10423 11390 18794 19407 16765 19113 11668 16122 17296 12680 14689 10230 18230 16212
4 19466 11289 11088 19396
29 12928 11459 16951 19782 19279 18328 18106 15806 11645 16413 14950 17876 19899 10507 16095 19728 13627 10569 18973 14248 13357 17244 14335 10328 16721 12046 14040 16178 16890
27 15723 17065 13133 16391 10448 17939 15834 12044 11934 13925 10819 13516 18436 14142 10328 12756 10904 16821 10492 12752 13477 16196 17635 18442 14937 14120 18264
19 12197 11899 10089 17483 19430 10293 13902 19230 18919 18157 18676 17123 12234 12699 14719 11525 12827 16817 12227
29 13631 11481 15084 13030 15766 13637 12245 15615 16943 12596 11559 10443 10654 10374 13355 17875 19756 13966 13661 10858 10524 19999 19374 10170 15783 14758 10247 13704 18200
16 15017 16512 17341 17784 11531 10799 16581 19028 13214 17632 18456 15028 16711 14536 19564 11128
25 15726 18593 16300 17242 14189 13585 13811 13407 17321 17014 11013 15715 10352 19788 13714 17027 14275 17756 13086 10370 17491 16818 15605 10470 12897
16 18967 15235 14632 14239 19467 14497 11195 10491 18793 15886 14168 16575 10719 10159 14244 18014
2 10836 18795
24 13548 15493 17685 13252 18026 18542 16564 17531 17384 17851 19342 10705 10249 10047 14074 15147 16479 11844 18973 12656 16223 17237 17772 18126
8 12918 16139 18528 11168 16733 13392 18322 11017
20 16199 14864 16525 19397 13512 19930 19164 13100 14432 15930 12987 15473 13237 17911 19033 18198 18283 14950 16652 15348
13 17027 12237 18881 17736 15959 18297 15934 15534 11516 18381 15264 13805 16282
18 12689 15857 15381 16525 17866 15163 19643 19579 17245 19526 13311 19778 10560 12878 19892 11421 10674 13913
7 13006 19151 13295 15363 16083 12374 13643
11 13679 15570 19023 13853 16281 14579 13154 15406 15829 17704 18061
25 10701 12500 17380 17285 17147 14837 11044 12655 15153 10081 10560 12808 19192 18735 16610 19453 16843 11392 13172 15048 10734 10335 14903 16578 11784
23 16989 11683 14217 12075 19186 15728 15312 19781 18267 10923 15352 15843 15595 11071 15751 16839 19050 18046 15826 16549 11005 18600 11178
30 16604 12571 19149 11325 19026 16118 19336 10827 10978 16048 19613 14349 14127 13841 10653 19038 10686 10476 14386 17297 13881 15626 14401 10625 16514 17347 18723 15413 19335 10830
24 15558 13455 17317 14309 19212 13506 16788 19263 19538 10770 10490 10723 11799 18005 11921 12244 11628 10168 17347 10026 11825 17779 19464 15569
23 12116 10281 14478 12056 13986 11824 14373 18419 10272 15767 17380 13575 14987 15558 15172 15553 14045 17158 17031 15605 15471 16978 13888
1 19276
25 13826 10958 13699 18385 17004 10015 17052 16572 10469 17110 16876 14923 15839 19283 10632 19562 15308 12900 14645 12056 13952 17063 10512 18355 18805
3 10710 13679 17669
28 17604 14449 13126 15135 12583 10845 19734 17004 14548 16102 14852 15115 19454 11120 16089 10522 15145 15498 10822 14578 18185 18567 15772 18669 11914 16540 17095 16540
23 14348 13951 14049 11775 13270 11044 13700 19903 17955 18070 13789 19862 18909 16568 14518 12701 19067 17128 15916 11451 15525 12431 14906
18 10030 14084 11373 12023 14330 13729 15560 18893 18962 11382 11657 15446 16593 16480 14905 15663 13483 19603
7 10282 15187 15336 17670 17127 15071 19244
2 14222 16753
14 19089 12401 14043 15619 12587 16646 14496 11319 14721 17861 15159 16888 10472 19304
5 14115 15906 14397 13855 15206
30 15128 15286 11659 10831 12776 13096 11005 11306 15160 11445 16879 11236 17145 10857 10391 16128 13616 19968 13257 14735 16647 18229 15678 10287 11068 10645 14412 12765 15171 18151
28 12029 15752 19714 16818 14164 19221 14761 19259 15891 13000 17023 15644 14363 13912 13381 11695 12220 12802 13830 13718 10218 17091 11121 11242 12304 15488 11216 13616
2 11584 18108
26 19137 15536 19132 12880 11741 15568 19343 19139 13804 13507 16063 12355 10394 11065 17182 16106 17492 16101 19322 17654 19696 10563 14439 15352 19128 14344
18 13750 12847 11764 18120 14382 18643 19894 14360 12688 11540 10453 13774 14054 15855 19477 16298 14427 10158
5 10480 13482 14979 17442 19843
3 15599 17965 16443
25 14772 16449 12722 12622 12727 18370 15235 10618 14286 16272 16374 19871 15444 12045 12643 15700 14258 10739 10618 15058 13388 12638 14152 16961 14125
9 18945 19683 14263 19732 13051 17699 14654 17646 14435
12 11782 18594 19161 14507 16210 14145 16304 18834 19242 18041 18195 14049
8 14152 17069 13226 18728 16439 11734 12962 10777
1 10338
5 15932 15828 17834 10885 15600
3 19236 16711 10605
13 12258 16609 10967 15021 15440 14769 12631 15672 10330 17358 16020 13606 18851
12 13724 19392 19414 11188 17191 19487 17889 14608 14754 15747 12023 12514
18 15846 10403 16446 18699 11316 19546 10766 11514 12439 15224 13645 19213 11699 16606 12164 10839 10023 14325
21 14829 12515 16040 14619 12026 12919 15619 17594 18785 18519 14503 15763 15011 19693 16373 13957 14469 10853 18698 14100 17217
6 17257 12214 16496 12416 12237 13284
15 11355 17003 19454 17405 11358 13114 19520 10351 14509 17707 10191 19987 12700 11815 12092
13 16319 10740 15957 15230 18085 10047 17016 13844 11212 13296 18009 15896 13647
1 13818
23 12587 15557 13177 15718 16003 14795 15434 13638 10376 18487 12825 14228 16380 18158 11239 15732 16724 12250 14938 17201 12860 16577 13199
11 19801 15253 19344 12733 10745 10699 15147 19360 15734 13813 16048
9 11063 17899 15189 19767 18666 12451 16698 11281 17181
17 11227 13587 18938 14811 19177 15506 19555 13934 19614 14987 19400 15198 15315 16235 18599 12239 16932
8 19843 10755 11732 11150 15684 11896 14890 13025
29 14246 13798 14827 12255 13009 18357 12987 18023 17481 12730 14180 17081 10416 16511 13074 13703 15357 15799 19535 11626 10550 17117 10138 10991 10522 19675 11334 13539 18915
12 14102 15266 18676 16892 12453 18284 18194 17215 10599 16074 14481 15434
19 18880 16980 17419 19229 18437 18109 11452 19673 13774 19128 11925 17453 12288 12410 15107 13381 12836 13739 14970
1 10030
3 19528 15652 11484
18 10664 14499 12215 15182 12908 13287 12923 17237 19146 11255 11360 15995 13716 17595 18524 19123 15863 10621
12 10870 19036 16091 16313 13808 13968 14518 10122 15432 16036 19823 17599
25 19850 14168 12602 14116 16552 16317 11714 17455 11786 13359 12261 11706 14809 18153 18887 19343 11718 17326 12922 15511 18254 17167 11240 19220 10155
22 13848 18148 11527 14271 11909 15634 14202 10494 10422 10968 13549 14904 12289 16560 18711 16154 12958 18095 17734 10107 17407 16253
2 16659 13632
4 15332 13219 19416 12726
19 14677 11543 14274 11894 12208 19219 15860 11428 15770 15895 10580 16860 17613 16212 16132 16574 16662 17305 18167
19 16120 16156 13970 11730 19116 17241 17549 18624 19764 17174 19735 17428 19456 15574 19395 13810 10752 13871 14326
23 13697 16268 12953 15229 11912 19582 10408 15312 18308 11183 15086 14992 12763 16741 14273 12867 16601 12013 19943 12264 11224 15376 18314
11 10740 10340 19253 14730 10928 19736 14136 16743 19380 15824 13240
10 14177 13028 16282 18141 10926 12506 12170 19235 10515 10298
20 19881 12423 13244 18514 16168 10927 19418 19183 16273 14064 12270 19744 12890 17664 10214 16050 11656 19332 15875 11754
4 19690 11709 13302 11558
3 11220 12895 15128
12 17494 18018 16964 11297 13263 18649 16034 11110 19224 15719 11727 11370
10 1000
30 16923 17307 19799 18240 18485 13091 11471 14765 13961 14844 12640 15316 13676 15343 10438 19300 10892 19581 10783 18528 13293 16591 19345 11429 10896 13338 12913 19251 13957 18670
4 13494 16998 17780 10075
19 17514 10162 15123 17867 10485 16510 16121 18073 12264 12555 19029 10754 19949 10282 13785 13132 14821 19518 14096
13 10955 15342 16385 18487 12588 19301 17730 15804 16336 14889 15141 16325 16866
1 11018
23 17106 13673 12133 18731 16586 19537 11986 11621 14010 15702 18867 10565 12657 14781 14483 14794 19686 15085 10478 10452 12957 19102 12699
4 11459 19995 15553 19906
24 19080 11295 13366 14762 19764 11584 10577 16815 15912 11171 19972 17176 15092 16037 19621 14516 19698 10848 13867 13101 11389 13053 13196 19066
21 13481 16593 19045 15240 15773 18081 19740 10563 19497 11669 19543 13996 14287 11427 15783 14583 14856 15906 13704 18486 19210
26 15768 19869 14936 18836 12373 18859 10876 19300 17576 14553 14049 10273 15929 13548 14167 11439 19000 16955 10573 15996 12699 11362 18962 13628 18976 11735
24 11558 18005 16697 16207 15430 19439 19174 19902 14217 13828 17878 19620 15879 17802 17572 14785 12999 19102 18624 13011 10101 10064 18777 10881
21 10636 12638 13233 14058 14539 16836 10835 11090 14650 11321 18756 17424 16210 19776 10305 11555 18948 14612 13865 14576 11714
14 12472 17449 15712 14953 18485 13719 14941 14831 18182 11880 14913 14380 13634 14128
10 12633 11702 10698 18363 14735 12489 11524 14421 12117 12109
29 14375 11008 17094 11567 13940 17235 10304 18334 13061 17803 10676 11476 13297 12203 11645 15592 12250 18925 15602 19778 18625 15154 14211 18608 14026 10096 16948 14180 10067
15 12687 13448 11902 14795 11699 17558 11765 10937 17879 12396 18610 13223 13576 12087 12457
19 11846 19640 14519 14393 13482 11482 16716 13711 18665 15078 16677 11344 15577 11371 16798 15197 10818 16252 18483
29 18978 17788 15128 14060 11201 18409 19974 18043 15085 13798 17400 10635 10764 12681 18750 14684 10524 14243 16312 10895 11771 12396 11510 13200 15729 18608 15923 18227 16684
23 16224 14360 19135 12025 16626 18336 12682 17176 14926 19873 17007 14386 10760 17271 11789 10400 17131 19479 18886 17595 18838 12579 16643
15 13875 11165 18662 10936 16404 17582 11878 13934 12392 14500 11280 14571 11511 18778 11138
5 11394 17105 15056 11159 12829
20 19713 15518 17002 14241 19630 15605 18373 17917 12801 18890 19280 11522 19542 12927 14862 15111 19395 19248 19405 10757
11 14257 17693 13682 11793 16347 17463 18915 18848 10957 11556 16423
3 17783 10864 10213
9 16870 11656 19343 16173 12799 13386 11335 17440 18688
17 10944 13639 14222 14842 19764 12505 14446 15737 14623 16276 18518 11374 15255 11907 10151 12545 14202
8 13977 16371 14422 17051 14520 18079 12575 19090
22 12013 18449 15332 11853 10467 13493 10419 16652 11435 13937 14336 13033 18864 16458 12624 16972 11524 16863 11666 14643 19057 14757
12 17912 16335 19672 10386 16213 19692 16611 10291 14012 11136 11492 10103
17 19136 19452 16950 11365 17074 11474 13659 12443 12952 17327 15278 12673 16466 15256 19459 19866 12007
5 15497 10431 18723 14553 19419
13 11201 13729 14923 18237 16887 19872 12541 12602 18824 13794 11856 10221 14804
20 14113 19633 16535 18647 15088 18611 14910 12732 10529 10784 19970 15818 19043 19410 16658 13432 19744 15027 19968 19490
14 16207 15554 13777 17344 15115 14431 19775 15162 12111 12827 18332 18247 16090 10803
16 19307 19810 15723 12371 14027 11895 19173 17834 17782 19753 18422 16460 15863 10123 16011 12735
22 16460 13581 14178 13113 14892 18515 18933 18305 12955 14502 12954 17515 17835 19602 14731 11596 13324 17926 18034 13007 17224 13504
17 16351 13399 17449 19568 11182 15216 12004 15587 16944 19569 17567 12826 12358 13225 11290 11085 14124
18 18343 11540 12276 15417 19435 18739 12023 18239 10698 14364 14432 10330 14503 15726 10794 19316 12333 14469
25 10621 13279 13451 14873 18132 14271 12256 11492 10939 10626 14330 16867 10352 18020 11193 11798 13919 19461 11692 17061 15672 13373 16784 19168 14302
5 12799 18561 13504 16823 18658
23 11185 17823 15011 18053 16784 10603 15780 10836 18389 12048 15050 12185 13903 12360 14797 14252 12953 11496 11413 19590 18770 15443 11499
6 11763 10955 19893 18509 18993 19823
17 10006 16288 16279 12234 10064 12187 13635 17495 14619 15460 18739 17906 17140 10408 15347 11020 16718
20 10010 19012 18895 12715 16555 15495 11580 14862 17773 18310 10899 15847 15394 13776 14321 19839 11946 10368 10898 13037
2 12276 10974
5 11537 15842 10196 10946 16121
13 15180 13728 12132 18876 10668 14715 16512 16539 10522 15285 13989 17632 17401
4 12755 18601 18466 10279
3 17941 16949 10061
27 15783 11940 15672 18939 10080 11225 13624 18975 14886 14531 17350 17644 18675 17009 14014 15274 13181 15311 14246 19426 15726 11089 19050 16279 10500 19284 10581
5 16765 11018 16015 15955 14454
11 16241 17094 10128 11505 13583 13364 18768 18567 15270 18988 19359
20 11883 12956 14749 16345 12489 11563 18738 16445 10682 15496 15875 12526 18248 15055 11931 12314 15689 19597 15510 15396
4 19810 13772 13720 12995
12 17743 19992 19756 11261 15162 13817 11629 19832 11355 17929 10294 15536
4 19356 14238 15093 16906
9 15316 15689 11811 16450 15902 17627 16952 11498 18365
26 17081 11962 11063 10329 19383 10417 17609 12213 13596 10511 18586 16330 13891 18276 17467 14137 15504 17115 14939 14911 11556 13818 18350 19875 18060 15447
17 18051 17563 19433 14535 12435 14403 11727 14022 17592 17042 10358 10161 12255 15456 14229 10121 13034
13 19504 13349 17813 12958 18423 15033 19950 13570 17900 18448 16852 15613 17731
17 19032 16908 10771 16408 18241 18369 19917 15135 15758 19854 19238 13275 14452 14818 19100 15633 10685
13 17636 16810 14669 12727 13386 13802 10364 12471 16472 11238 18512 12686 18135
26 18890 15332 10992 10120 10399 19891 14843 14700 10062 12734 15384 17344 14525 19039 15659 16551 10180 17724 12603 16252 10465 12363 13516 17559 11466 13567
30 16881 19405 10778 17897 19648 16099 13962 19477 11339 11000 18162 16220 10046 10891 16380 16034 17296 10852 18758 10849 16335 12574 18529 18241 19609 18618 17700 11733 19645 13722
24 17118 10068 16737 14667 14664 15955 19292 14706 19517 15263 19787 10657 15170 15530 13792 17270 17327 12585 14467 17895 18018 10479 19075 11445
7 14346 10201 12854 12360 10437 12756 12474
20 10020 10369 12413 12487 16378 17256 10252 18308 16623 14161 13131 14220 12544 19467 17664 14312 17202 19059 13649 16921
20 11050 12052 16411 17457 13944 10220 11129 17340 19349 19805 14888 10492 12821 15359 11823 11956 18935 14072 16952 19681
28 19621 17305 19508 13774 15602 10942 19664 10976 16504 13719 13965 10021 16710 16147 15471 16231 10476 15178 14792 19436 18368 18263 19769 19266 18126 19536 15760 13429
2 10458 18228
23 12445 19766 11877 17727 14906 10077 13022 19220 10223 10978 14448 17666 12562 10964 14446 11105 12581 13051 14261 14110 12377 11413 10667
23 18620 18897 12890 19996 14319 17740 15590 19665 12203 18350 12133 17497 15180 13484 14858 15450 11850 17673 11570 15820 17532 14230 19971
1 13774
15 14246 19620 11824 18058 10533 18117 18025 19583 10479 18048 11594 11620 14621 13526 17774
4 19793 14411 11808 11836
22 13982 11712 19182 10980 16474 10324 13218 17167 13060 19577 11472 10280 17372 12487 10824 11245 14154 10808 17675 17691 17153 18837
27 17708 14824 16322 17904 11403 14952 15955 14711 16948 11786 13415 17292 10356 11775 10424 19110 10687 16507 13792 16139 14923 13925 15919 11242 19215 11445 14717
17 15721 17039 13424 19988 16768 16898 13289 19398 10541 10759 14570 10594 15022 18490 13849 10195 19409
13 18100 16992 14712 15269 18504 12866 17770 10998 19460 19750 15382 18446 10780
8 17795 17585 13514 19649 13251 10743 12399 18065
24 18629 10380 16877 17213 16378 13182 12490 19881 15690 14401 15856 12959 11671 14077 17230 15445 15464 16229 15694 15219 16269 13308 13316 19171
27 18045 16254 18136 15008 15658 17683 10868 10512 11895 19857 13761 10391 14866 15180 15546 19379 11155 18603 18674 15690 19157 16210 11605 19354 15125 17324 18731
27 19893 19989 17138 10968 16738 12156 11936 16003 13353 13435 14369 13518 13405 14738 19433 18125 15633 15677 12207 17866 10975 12037 14632 14964 10672 18194 16936
30 10830 11797 10451 12112 11407 10577 11016 14349 10095 13613 14692 17691 14053 11912 10022 19910 14982 15631 13530 19832 15496 17798 17701 14080 17252 16871 13142 14783 13830 12976
28 19306 13806 15176 19447 15637 12005 19599 12155 19481 19399 10790 15979 11691 14605 11112 16561 17110 12480 15551 19886 18421 17750 11766 11895 11107 14161 17721 16045
25 12122 11757 13018 15210 10297 12431 19315 10995 19122 17983 13940 17025 16713 17758 14903 17279 10142 10437 19752 17693 17534 16422 16861 19459 18970
13 16686 12186 16655 13113 14711 15505 17319 17141 10300 10219 12329 17437 18184
8 13474 13061 11783 17800 14884 12494 10098 11389
13 10696 12390 19394 17559 19072 17351 11165 19015 18169 16004 10715 10471 15476
1 15274
10 1000
29 13142 19815 12146 17708 12977 18714 17440 19059 18572 13129 12783 17538 16881 19735 18608 18096 14105 14305 15101 15751 13235 18782 14419 11023 13082 15811 10247 12127 11148
8 13317 16918 15178 17407 13958 10022 10738 18096
16 13156 14662 17455 13105 19083 16710 11510 11181 12181 14287 12355 12861 11090 17555 13109 12753
5 14799 14096 14492 18921 10371
6 13209 16269 10074 15949 13778 18639
4 18053 18468 16325 17881
19 10053 14708 11677 12655 19011 14585 16268 10430 15875 18335 19578 16822 12358 19885 15573 10885 17317 18933 17294
25 16177 12423 16061 15350 14888 18709 14209 14839 12016 12409 11188 13109 15072 10384 15383 19931 19653 11845 16484 19452 12501 18027 15757 10938 12080
29 14066 18231 12743 11024 19974 19649 11109 18556 12778 12545 15722 11165 17827 19237 13601 18529 13947 13545 19762 12862 15338 19630 18322 18778 12774 17374 16254 16487 11454
4 13422 16289 15346 10220
15 14835 10370 15430 14545 16127 11267 11503 19874 12718 19482 16565 13553 15091 11928 15179
18 19676 12956 17577 17887 18485 14387 19181 15805 15819 10934 17118 10544 10029 10884 12970 18269 10792 14353
11 10683 14878 13978 13224 16092 15863 15393 16669 14860 15778 17307
23 15338 19140 13559 19127 18875 12346 11974 16886 14980 13908 17371 13876 10259 13468 18562 14627 17195 10098 11694 11315 11379 12827 14769
18 18282 18874 10687 13929 13164 17558 18667 12601 10206 10348 16373 19167 19467 10023 17595 19538 12762 14419
9 10428 12040 12714 12665 15372 16373 14741 16076 16191
19 16279 18900 14109 15505 15809 19395 17255 16766 10679 10998 13748 12708 13178 14532 12113 15504 19459 14716 13214
10 16799 18334 10450 18014 17154 13885 17416 10608 17486 15085
15 12138 19817 13041 10430 11977 16504 14455 10087 16621 18670 15694 16811 15227 18288 15076
6 10478 16878 18209 11023 15863 16277
12 12147 12966 19460 19320 14999 14858 11883 10213 13228 14191 16306 15267
12 17074 16579 17713 10397 16342 18340 10557 19547 10301 17117 18950 12055
17 16786 14351 13106 14930 13861 17849 18260 14335 15580 12476 14396 14241 12261 16860 17350 14781 16893
16 10450 15324 17434 19918 10691 12196 19781 19795 11744 10623 11885 11009 15541 19504 11970 10827
20 10098 16344 18374 16055 12218 14749 13262 13912 14027 13732 14331 12400 14042 11003 13305 13493 16415 16250 10727 18001
10 16367 14022 15223 19043 15594 10008 14918 18826 13497 16728
18 16134 16296 11921 17335 19367 19478 17997 13880 19646 12187 15838 13185 19767 16348 12297 13173 15189 15989
27 13896 10659 14751 10258 13836 18569 12027 18615 12260 17628 10718 12550 11867 12958 12072 14009 18431 11192 15563 19403 16670 16682 14302 18499 14046 17403 18915
18 16738 11644 15397 11320 14471 19086 14869 11929 13464 12363 15749 13399 19171 17687 11263 10197 13072 15646
24 19058 10206 15757 12080 16610 16678 10876 17529 13338 18854 10055 12978 18730 18470 10936 18997 14948 10357 15283 19937 18869 12022 13745 12104
15 16788 18435 11044 12977 14721 14432 13411 10398 18054 13784 11386 15154 10334 18126 10106
16 11011 18484 11087 17789 19681 13375 17096 14871 16712 18798 16453 17316 19454 16189 17220 17315
18 16961 14253 15606 19143 14705 14588 10264 11901 18652 19119 16978 16099 14485 11050 13178 13449 11105 14077
3 18715 14431 15783
16 13227 11838 14196 19916 17737 13327 18004 19120 16343 18008 13365 14207 15696 17011 12814 19797
19 16392 14200 10429 14465 16162 10159 19758 18634 13992 11064 17185 10947 14725 16925 19262 14126 19265 16226 15719
3 18947 12145 12450
25 13980 19137 16307 10770 17051 15347 19045 19950 15697 18828 10263 17955 19524 18014 11676 18561 10875 19442 17578 18781 10039 18173 18825 18162 18597
27 10185 14918 16994 18115 13407 10642 14932 10604 10841 17787 15684 15230 16962 16659 17912 18486 17639 11123 11093 15974 19486 14758 13138 14890 14150 11657 11308
9 14874 18619 10008 11796 15177 17925 11567 15164 11998
8 18579 15085 18148 17201 18925 11284 11408 14381
22 11938 10126 10556 17547 16183 17650 18282 19823 11366 10443 16042 14625 10494 17221 13315 16330 17863 18964 10000 16923 13327 12140
6 10291 18179 19977 16494 17943 18112
28 15699 19741 11228 11696 14869 15721 11564 14536 19724 17629 11111 11407 15436 11239 15773 14586 14596 13050 13270 16225 13277 17475 13416 11652 16908 13092 13767 19479
1 19067
19 15858 17725 15328 11682 12730 14712 12606 15823 12419 19205 10910 14645 13400 10369 17555 19571 14596 19341 18310
23 18041 11919 17792 17027 12263 14837 17667 14010 11215 19815 13778 11410 16113 12104 15773 11907 10013 12764 15349 13444 17479 16375 11676
3 14183 18406 15134
26 13781 18959 12911 13256 11901 12120 12599 16538 19605 12608 12354 19352 11150 13966 18716 15993 13401 15011 15705 13792 16737 13735 11253 19696 19802 10420
29 16573 12926 14137 10693 14732 17581 19393 10307 16610 11701 12109 16779 15105 13220 16668 13147 18518 16656 18247 15678 17576 10111 17152 12408 12507 12501 14368 17779 10627
11 10053 11987 17416 10202 19190 16107 16551 10339 11115 16613 16860
24 12141 15368 16669 16551 12997 13697 18512 16511 15297 11615 19668 17542 13767 15820 16502 13309 13435 12543 13066 16116 13520 13834 16945 17993
7 18406 17802 15306 19127 10594 16596 16733
14 13561 15950 16953 17108 15312 14622 10898 14789 18634 11561 15898 14624 18539 17510
5 11741 13315 14626 19811 18598
24 17090 19687 18911 19775 18166 14640 12966 13677 11691 11786 13525 16708 18449 15683 14044 16956 10415 11410 13425 14001 18325 14289 14023 15818
2 16108 12122
25 13698 10180 12596 14089 18057 10078 11986 17558 13107 19404 16697 19942 11299 12423 15548 10316 10449 17907 18377 15248 17742 11042 14938 10137 10815
3 10797 15566 13897
7 19445 14760 19455 16839 12353 10737 18338
17 11192 14252 13868 19567 18918 16125 17856 14569 18957 10048 19015 12695 14213 14465 16732 14197 10096
14 15666 12146 18309 18346 19148 11297 10607 11757 11854 13312 14241 13319 14704 13154
10 17514 17473 14004 12756 11621 17077 10558 14167 11723 11992
10 15189 16539 15798 16686 16694 10175 15291 14363 14453 17382
4 11615 14538 17415 11629
22 14160 15094 12206 12458 12157 10154 16731 10499 15874 18479 17961 19129 13623 11315 18007 15778 14473 11058 11633 15723 19560 14701
24 12119 11654 18551 18049 17536 12200 10288 10298 19331 17545 16981 14179 13696 18571 10140 10228 15738 10460 11404 12788 15426 11801 14958 16468
6 14763 15268 19211 19931 10553 11241
23 19053 16869 10386 11257 19910 16584 19084 10160 15456 19360 17551 12238 18693 10429 10596 12332 15317 13238 17760 17116 11002 15208 18937
23 15629 18290 14069 11787 19337 18563 17995 13700 17715 11586 14078 15478 15990 12712 12671 14294 14555 14102 13035 16278 10679 12636 19801
10 13737 15462 17563 19788 13813 12384 19699 12264 16022 16815
1 10899
17 19513 18323 12211 19556 11825 13474 18694 19437 17641 10070 16562 19684 15796 17317 14478 14293 17129
4 18748 14403 12916 13489
9 18225 13899 13842 12322 15438 11631 13331 16364 10888
20 10739 14296 14938 18136 15075 12169 10319 10454 10460 11606 17803 18002 11940 13297 15578 12879 13362 10703 19630 15917
3 11936 15008 12353
25 10270 10290 13561 11876 16283 10120 19074 18912 17057 13128 15601 18042 10446 15108 12270 13175 14849 19781 13808 16101 17473 11983 15883 10059 16555
2 19312 17688
17 11337 12380 19458 19423 10900 12962 11180 17035 18726 14684 11672 13380 12296 13832 14188 11353 16685
19 17706 12497 10392 15837 16655 10029 12366 19173 10189 19578 17550 12479 14591 15588 10796 10643 14912 13875 11495
30 14424 13283 13764 17233 12999 11929 19523 16975 17986 15996 14336 17532 13701 11535 18317 16240 18112 12267 16989 12812 17812 18828 19400 19329 14878 17446 13373 15837 11711 18503
1 13251
8 17969 13700 17797 12035 17153 10794 13705 16563
27 13752 13368 10964 19731 16142 16700 12639 13770 17519 13892 12146 19144 14126 18302 14504 19603 15465 18688 17239 18966 19081 12506 13747 12318 18406 14487 13073
28 10999 17228 19703 17325 17031 12987 19453 15633 10360 18432 10059 12404 17033 16539 17565 11144 18573 12372 12081 13869 19872 11955 19031 11703 14057 15964 14471 15836
28 12443 15568 14316 13937 15282 19847 12631 12680 17662 19284 18571 11370 12182 17852 14315 10012 11909 13599 11229 18491 19041 18878 15337 15802 10426 14783 13933 14990
5 18427 16310 18647 13836 14126
13 12312 10138 12090 18915 15608 10696 10731 18657 13478 18226 11151 13931 12342
25 14935 11580 18536 10345 18819 12378 18869 10921 12344 13660 15638 17068 17081 19807 10957 17869 18511 16070 17732 18595 14186 13690 17132 17427 14222
10 1000
21 14895 16374 12751 13959 11318 10596 11414 10159 12274 12850 18484 16648 11094 12291 19722 19665 13666 19330 19550 10676 11586
3 13646 13712 10716
6 16544 17751 14977 15220 10340 14621
24 15965 13097 15390 15639 11382 18035 10710 12172 17653 17112 13081 10903 15420 15079 11513 10645 15029 12612 11550 17439 15823 19606 16117 10685
19 12227 15173 13271 13474 19828 14627 18035 15870 10295 17496 15412 19827 14954 12759 19606 10383 16595 19893 13129
10 16734 19549 12053 10302 10699 13339 16823 13307 11624 18199
18 11547 16959 13313 12550 13619 13582 10038 15712 14490 10106 17829 12150 12243 17482 11612 14859 11200 11482
26 19010 10636 13163 14901 17272 10816 15900 15236 19456 10555 10091 10657 13801 13039 19117 12810 19757 19114 12656 14870 14608 19759 15945 12222 18770 11975
19 18356 17119 14795 18981 13930 16192 14646 12997 19476 19593 11770 17959 14716 16458 11926 10551 19968 10324 10105
30 17585 18241 15453 18259 13922 12466 19142 18886 14791 19598 19396 16391 19862 14480 10390 18952 13994 18728 14257 15024 15962 16212 17894 14277 17535 10357 18811 13707 18392 10586
21 12501 14836 17754 10158 11758 12774 10934 19635 17659 17931 10365 11912 19176 18777 13943 11739 13914 10117 17073 10507 18188
24 18230 13449 19913 17729 15089 19631 15417 13970 18539 11437 13764 15048 14460 12783 14675 17787 15568 17764 18648 12321 18209 13962 10377 13535
5 17128 19042 16921 18093 16467
5 19336 10658 12229 17578 17617
18 19839 16695 10523 17046 17274 12527 11983 10924 14915 18687 16103 15830 19589 15895 16919 11672 17013 11087
26 11710 19371 12166 12310 15057 17238 14485 15508 12408 17558 17644 17798 19816 11920 13712 17656 17870 11823 10447 12685 16120 10170 15631 15646 15087 10698
4 18965 10706 19565 17554
10 18546 15817 13773 17470 17642 19952 16287 12161 16303 12290
25 17152 14712 15389 17795 10751 11686 17198 11840 17482 15428 14197 17497 15120 10614 16213 13614 13980 16667 17149 11185 13893 14549 18344 17007 16867
6 13773 16565 15891 19070 18813 14739
9 10240 16792 15426 10976 18073 10043 13677 19979 10634
15 16432 14013 13592 10785 10449 15767 12316 12327 18540 11957 11252 13363 17668 18250 10414
30 15045 14075 11342 19043 10788 10309 17365 19707 18246 15278 15514 11532 15587 17066 19929 11314 14739 12590 19106 18598 16273 16409 11823 14694 11336 14740 19092 11813 14210 12646
6 11550 11607 14871 17659 14430 17279
10 18460 14743 13049 16384 11402 17374 19853 18912 17912 15857
15 11902 16150 13366 13407 16272 10762 10873 16448 15359 17415 19168 17747 14367 11944 13988
19 17217 16467 15954 12864 13759 17301 19542 11789 12804 12034 17806 11415 18968 15588 12076 19466 13776 17623 18336
6 14002 16114 14521 15905 12715 14470
17 12047 11004 12002 14502 19289 10835 10119 14127 13850 12033 19075 18774 11573 18828 12614 17598 17870
12 10368 15777 11275 10826 10330 16285 19182 16526 16268 16325 16893 11489
23 15139 13533 13429 10271 12411 10952 16227 14872 18991 14200 16671 10370 14142 14665 14530 17253 16049 19471 13920 16069 14794 13232 16442
15 19520 10750 19052 11017 14004 11756 12144 12314 17355 11287 15798 11272 19067 11787 14674
3 10120 15534 14521
28 14380 18486 15762 18966 16992 19126 12125 12914 18996 18423 14799 16200 19882 19483 15072 11560 12306 17992 10924 14134 15678 17046 15544 15930 17851 12456 18241 12250
20 17129 10715 14921 15255 15613 14158 19676 18790 12400 15155 17532 10279 10088 10851 12506 18741 15986 16356 10505 13014
25 19854 16753 18237 15204 13386 11580 14179 13780 19775 16923 17126 15917 18665 18389 19561 13779 17135 10212 14337 17515 12869 12961 12574 11626 10335
19 17000 18518 12956 11863 14939 10360 16740 12953 17691 12809 13319 11960 15494 16732 12901 16795 19807 16487 10062
6 17128 15874 17890 10309 11059 15349
26 18641 11842 16588 19767 14009 15091 12998 13207 11053 13925 17270 15170 14421 11232 19568 12625 17215 11273 12445 12027 17655 12362 11082 14883 18788 14815
30 15400 18609 10912 19436 18182 10421 16073 18686 16447 15786 12979 12997 13724 14900 12847 17110 14512 11751 10582 17842 11862 13897 13025 12206 12343 19199 12021 19605 11382 14368
20 19188 14425 12658 10384 15965 11902 10557 15291 11785 18454 15811 10161 19746 19402 11635 11611 13162 19918 14446 11994
8 14872 14964 14287 17460 19818 15031 15545 19613
19 14980 13139 11967 15506 18912 10495 13784 12546 17708 11552 19907 14649 12138 15663 12129 13419 10896 17154 13860
7 10911 16254 11667 18779 19779 10629 19807
4 12657 19227 16320 13843
26 12651 11795 14966 12729 16795 14394 16379 16942 18939 17230 14675 16730 18044 16689 17234 13726 13444 12798 18425 18460 18677 15224 13986 14113 19654 11004
13 13494 18891 12595 17723 14066 10032 17342 14907 18377 19366 11956 12944 19732
11 18090 18955 15454 15393 17623 10586 12576 11481 18724 10733 13312
28 16306 14178 10142 10993 12962 16630 12861 19892 18964 19116 12440 17297 12436 13213 19028 12822 13283 15068 13959 13596 16977 18694 18085 15331 16786 11498 11302 19297
17 17517 10594 11937 10559 16323 16449 16311 17752 18076 19987 17117 13610 17685 15645 13491 16058 13551
21 16306 17848 18858 13907 19193 18539 15878 18302 15010 13687 16272 15165 11953 12317 12833 14337 16061 16280 10667 18024 19302
23 18253 18005 14984 12372 11372 17146 14695 12350 15368 12561 13493 17778 13702 10269 12573 17579 13275 13693 11113 15495 19491 10835 11543
10 16520 17479 14926 14427 10741 16261 15693 14885 17819 13955
23 18743 16401 11816 14016 10606 13892 16319 12591 17857 12270 10143 17977 19057 14432 15751 19856 17031 14020 16387 17192 17754 14196 11865
20 18611 13354 18961 13241 12146 18213 18783 17969 13877 17279 15933 11594 15278 10132 16833 16338 15525 10513 17035 11679
25 13681 19874 16984 10776 11005 11302 15056 10322 17260 18245 13300 15101 18597 10334 11735 12078 11656 17340 19578 16579 16792 17180 14603 15975 10879
6 12003 10879 17662 10854 11983 19945
19 15368 17774 16864 19875 16467 18322 10651 12896 16277 12347 12820 19844 10992 12996 17530 11149 18387 14813 13314
19 14649 17243 17461 18705 17850 11387 16672 16233 17918 19225 10057 17676 15445 17034 13088 18338 14176 17209 13586
13 14524 15212 13350 13749 17956 10874 11510 10476 14586 15746 18201 14277 18836
3 19656 11964 10480
3 18312 12018 10951
18 14008 14989 17223 19104 14895 12383 18129 18965 19124 19510 10455 17993 10928 10247 14652 11252 17180 14201
8 13984 13016 19229 11644 13389 17638 14790 14118
4 13864 14095 19082 16023
23 15524 11725 17856 15389 16282 13432 17873 12420 13758 10446 11318 12448 12554 10914 12045 17859 17669 12637 10662 17192 16776 16383 10457
5 17099 12095 17823 14050 14820
24 16406 16547 17518 13883 16690 15332 12588 16598 15245 13786 17114 19779 10347 17458 17169 12979 13196 17022 17006 19348 16448 17818 11112 17768
13 17049 14588 16644 10711 12248 19832 19187 15382 17086 19989 12533 18540 13139
7 15545 19423 18690 15667 12642 14771 18165
12 13495 16682 18302 19121 10934 11541 19638 14710 11921 14220 14414 18734
27 14289 14492 18050 11452 13443 15366 12734 10418 15872 14884 14036 19599 15784 17754 11285 12130 18812 19430 15718 11511 16512 15485 11704 19592 15672 15053 18326
20 16666 19436 16798 18933 17545 19471 11675 19397 13113 17751 16333 14186 10680 14297 15688 19490 16732 16760 11618 10243
4 18772 19054 12486 18723
8 13223 11423 18102 14121 10997 10050 15039 12972
6 15673 13999 18532 16190 14181 18946
3 12148 14394 14492
9 12770 17356 11706 16643 10098 17889 15294 16366 13501
25 11386 13496 12932 16436 17623 14556 10042 13300 19792 11038 12624 16990 11700 15679 10358 13373 17527 11088 12321 15504 18366 19321 19240 16740 17173
11 15937 14881 18836 15042 11963 17175 14602 12681 10863 18546 12561
6 11059 17869 18410 14803 13810 19648
10 17569 16223 10945 17473 15551 19776 15882 12892 10673 17337
8 16633 18567 14129 19937 14197 10287 10625 13835
2 14484 17830
17 10768 18660 17929 16908 15408 10595 15765 19322 15704 13518 19112 17277 19434 11148 18217 17803 18191
4 17583 11271 10618 18263
17 10684 18256 10246 18955 19348 13255 13473 15429 19247 19634 16038 12814 14978 12333 19896 14654 10589
3 15497 17631 19155
19 15024 12130 17449 13915 12826 18781 10536 16689 14143 16456 13654 12424 15716 19699 11202 19051 14375 16036 15198
19 12200 16158 18043 17762 19347 12424 16934 14587 18135 13670 19771 12144 14484 16784 14904 19247 15305 18014 19557
10 1000
29 12926 19484 14286 12641 10154 18887 13293 16117 12071 12810 12968 16538 13140 16684 13476 17304 10743 16802 10750 17879 18715 12397 18724 14347 16987 18225 14163 12901 15931
2 18909 10497
20 12654 16923 19380 19673 15829 15922 14713 11598 19689 16003 17007 12509 11398 10055 13601 11036 11300 13333 15879 17177
7 12018 11469 10150 13285 13124 13124 19683
1 10574
26 11851 19865 14816 17645 13040 13117 15797 17125 18151 11395 11654 12991 11615 15587 17964 16323 12333 15207 14887 18355 16117 15003 12065 14314 11744 19574
11 17693 19197 18979 17937 19179 11209 10799 10122 16970 11680 16623
19 17675 17080 13428 11181 19534 19422 12819 18793 12173 11900 13596 14524 19608 10789 15628 17680 15719 19697 15485
4 13915 14764 16815 15794
16 11902 10918 13905 11422 19674 15502 16146 12713 13892 12072 19748 11209 12549 14943 15540 14886
7 17320 10258 18470 19102 12432 14088 10549
7 10191 15806 18632 14332 12323 10344 16359
20 11467 16134 19597 13758 12188 12067 10623 14249 14391 16426 12122 15272 12091 12608 15228 10681 13013 19013 18304 11619
21 12919 15704 17179 13647 10694 18213 13506 12276 19194 19405 12446 19470 15684 14626 13327 12399 16128 11817 13971 18231 14192
18 19524 12674 15805 10994 10205 13091 16617 17005 11564 14166 12207 10112 13346 16589 13373 18560 15546 11724
5 18160 12762 17735 10338 14167
2 15132 17067
27 19033 12218 19931 15737 14894 13385 12347 17012 18618 15751 17806 16997 14814 12091 16396 14735 19149 10535 15181 15107 11369 14003 17247 13469 15346 14848 16784
2 19772 12667
1 15873
17 15759 14431 14307 18625 19198 10857 15142 18967 14971 16220 15238 19901 12187 16333 12564 13297 17783
5 12819 19547 10727 18694 13205
10 15178 10617 10083 18715 10562 16569 19718 19860 19045 12389
12 15620 13369 11363 14274 19452 10512 14408 13215 18018 19156 19274 18622
14 11412 11060 16191 16311 11792 18929 12276 14970 18877 16337 14434 17279 17661 14640
27 18356 13046 12408 16121 18436 17435 15297 10329 13433 17913 13824 16948 13010 10978 18879 19965 12253 15285 17337 19251 15545 15376 12587 12617 13725 11874 17350
28 18137 16086 18608 13737 17657 19514 16995 12419 17287 11214 15503 16262 19423 18497 14827 16988 11379 18919 15216 15677 15260 14043 17151 15556 18791 17938 15713 13199
25 15883 15971 14846 16620 11241 19243 17082 14517 10980 12566 13566 10041 12806 16225 12054 11094 19367 16684 18415 12286 17522 14757 16875 13015 13109
5 18197 15248 14217 15757 10019
7 18397 13419 16071 10716 11811 13723 13484
18 10761 19441 19918 12226 18590 13117 14723 17272 13408 17567 10844 17544 14613 10382 16709 15008 18690 14771
30 11769 17235 11575 16110 14344 12693 19820 12303 11068 19763 15628 19606 18728 12950 11848 11361 17024 13230 13239 18315 11940 19284 14555 18419 11626 11300 11378 10356 10887 17770
19 12500 12866 18294 13429 11534 19019 17825 14205 17451 10974 10344 14950 14144 10372 12426 17921 17313 15273 19667
16 13907 14238 11444 13634 19815 11659 11970 13436 15029 10454 18117 17738 17997 10704 16978 12989
11 15326 18633 14513 19958 16392 12084 18082 17824 18165 14845 19699
21 15469 19127 18439 19609 18461 10116 19695 18238 17427 14295 18655 19968 13671 18281 16385 17501 15107 11153 13329 15785 17640
18 17588 12795 15932 16793 17826 13403 19646 16647 13127 18069 13762 11114 14668 10560 14061 11309 16535 11428
5 19224 15540 16448 10651 17589
8 11757 13554 16963 18930 19893 15491 15528 19181
11 10864 19562 13391 15671 12508 15052 18060 19365 13959 13417 16426
27 15647 16814 16858 11652 18584 10990 19000 17772 11669 16155 10003 11042 11181 18837 15680 13896 13566 10198 13950 14007 15113 18765 10389 11448 14601 18063 18255
25 17525 12103 17803 13932 12983 14202 12274 15713 16823 17105 10355 19276 17152 14869 17490 15164 10778 19484 10872 13011 11705 17706 15456 10983 15257
19 10842 19584 13933 14462 11376 11508 13579 11520 14298 11789 10989 16828 13300 14941 16496 18366 17326 18327 17686
17 16951 13464 12796 19893 13207 19488 14910 11796 16170 15491 10536 16368 13176 10962 18665 13813 18995
19 18898 14301 12812 15770 19742 13825 19359 15199 10667 18848 14043 14323 14010 10220 14410 14812 15336 19336 12790
8 13333 11992 17467 13161 12842 17920 12224 18496
22 16462 16590 17867 17913 11357 11655 16171 14476 10110 18778 16882 15057 15907 11043 18694 17022 12548 19798 17610 14161 15365 11134
27 12287 13602 19630 14152 16724 12209 19224 17132 17766 13535 13543 12676 12714 11880 10543 10321 15580 16379 18794 14916 18045 10183 15267 14901 17776 16406 16952
30 12686 13814 11158 11062 12240 17713 11847 13155 19389 14014 11822 13845 19241 16941 13145 15659 13045 13346 10597 12579 18600 19112 15548 18757 10665 15595 10065 18435 17482 16594
11 18822 11986 18798 17187 10112 18815 11194 12212 19393 10699 11396
13 17644 10331 19368 12592 11547 16308 11510 14346 14335 14237 10566 14086 12393
20 19344 15189 16820 17505 18691 11433 11695 10788 12713 14952 13242 12791 16695 17725 16619 13171 15695 16425 19566 19980
13 12985 14601 17559 10408 15724 14011 18350 18783 18364 14343 12216 11912 16803
29 19367 19059 15965 14940 15479 16237 11590 14889 10106 12647 14294 13119 11981 11535 15751 12682 17288 15951 19334 18613 19512 12359 10071 17060 11952 17586 11241 17659 16497
22 17471 18390 14748 14839 16672 14614 10100 18328 15646 16522 11852 13263 16733 11708 14959 16820 15318 12093 11512 19392 10553 16909
8 17963 14134 15965 11216 16577 14483 19921 11107
6 16169 16778 15481 13955 16921 16308
20 16227 17068 16641 14277 18537 18760 19734 12593 12735 14804 14933 12065 10423 19463 12342 14662 16099 16067 10242 17467
4 18764 13243 10362 16572
25 10422 13559 15112 13987 15141 13581 15454 17213 10776 18788 14244 13001 19076 18025 13747 10290 10364 18516 15640 12792 17300 11567 13930 15428 16438
22 12443 13661 14270 11233 14863 15576 17001 11127 17797 19050 15766 18806 19812 18845 11490 11944 11941 10989 16143 17055 17603 14266
29 10590 12421 11173 13701 16591 16899 13184 18131 12021 17431 17661 14175 13349 13604 16264 16227 10489 12276 17196 12366 16691 11385 16130 18376 15463 18965 13161 11877 18139
16 15627 15812 18169 18923 19146 12992 10730 18730 11706 15929 18759 18833 18154 18668 18992 12962
15 19840 14106 19598 17420 18656 19559 10538 14645 18059 16220 18435 18862 11750 12390 11246
30 14314 11290 14085 15157 16155 12633 11429 14772 17474 19355 15158 11438 17985 13104 16391 12599 11614 14593 11593 12619 17882 17388 15917 11371 14196 16244 19251 16343 15766 13574
9 18116 12374 10148 17628 11558 13701 18610 15283 17566
23 10916 10698 12717 16896 13280 10621 16661 17354 14722 10872 19599 12821 17815 14450 14694 17472 12722 16094 12760 18459 18118 11271 19067
28 15093 10054 14608 15673 12623 18859 16679 17519 15708 15523 16101 14701 19774 15665 10942 14895 17422 10827 19072 15781 16131 11345 14409 15608 17995 19428 14177 18896
16 10411 17045 16486 16632 12645 14472 11644 16292 19008 10109 16457 11151 15489 14607 15232 15494
15 15663 14105 15778 15632 15656 18602 15285 10092 11716 13352 19564 15496 15564 10675 16261
24 12979 17271 15427 17465 15220 10720 18893 10859 17257 10015 19821 12228 10156 16852 16005 14660 17455 16880 13030 10242 17875 12655 15880 12463
28 12486 10082 16323 10796 11923 15992 14118 14201 17083 12298 17361 14830 11537 17360 17825 18933 10990 19453 13157 13579 12456 19529 15043 19354 17152 12576 10393 18160
27 16177 18510 10935 11821 17362 19716 12655 15301 11342 13400 14450 13367 18219 15959 15186 12263 16279 11599 17354 19210 12935 11473 14609 19468 16944 19107 10801
3 17969 12602 12847
23 12093 16567 12279 17202 14370 19263 12830 18000 12017 12914 13871 15599 14324 17666 12076 10597 17897 12155 16140 11533 18313 16154 11889
30 11783 13273 17646 16057 12919 14167 12178 18879 17200 13248 10077 11503 19231 14331 11914 11742 10380 13218 19015 15288 11898 17672 15199 13770 12114 17749 10320 11851 18789 11960
9 10079 10237 17239 12142 12705 11291 13170 10304 12192
9 13451 12560 14630 15225 10072 19409 12782 11449 18156
9 15972 12387 11948 18154 18542 16488 14917 16328 11084
9 19431 14293 11184 11152 13990 12951 12880 17109 18470
16 16560 17564 10352 19366 13520 10787 17416 13721 11903 12898 14848 14712 13221 17391 17245 18452
4 16232 18478 12004 17186
11 14890 11231 18713 16030 19789 15140 10666 14551 19709 19066 10540
25 15410 11538 12143 19510 13077 12165 14423 15058 13701 10399 14637 18666 11096 17507 17588 14217 11531 16597 15141 10168 10439 18047 12748 19032 14179
1 12181
24 17313 17532 12223 18977 18365 11526 11497 10144 19548 10958 10188 10917 18399 12079 19851 18125 11816 10640 13040 10967 15457 10757 16964 16180
12 17912 17900 16971 19988 15957 15573 11799 12485 10451 19229 11607 17239
10 19613 16593 15105 15228 13577 16117 15908 18333 10528 17838
26 17078 12451 14667 19917 16546 11702 10644 19129 12906 13316 19320 13322 16750 11022 10744 17211 11504 18711 15648 18334 11782 11555 17918 13803 19005 13500
27 16476 14151 10363 10029 11022 19955 10237 11154 12855 17428 15433 17698 15382 14014 12670 18205 13569 13254 10737 19589 14259 18278 17352 18266 16234 13981 19415
10 1000
26 15481 15229 13398 10397 13632 10928 15082 17081 10045 16311 10349 13923 10495 18275 11266 16638 17952 11127 14168 18412 13400 12568 18962 13294 17178 12265
5 14286 13803 17858 12318 17224
18 15743 11245 14045 14188 16467 12443 11530 17005 17091 16265 14125 17342 15366 19341 11916 17847 13043 10550
23 18765 18195 11969 16975 10296 18864 16500 16185 12188 12896 16420 19108 16032 11299 19542 16169 18233 14973 12234 16072 14123 17149 10998
2 16185 16384
21 13141 11859 17466 19084 15205 18897 10047 18062 15903 18726 17381 18031 14100 10817 19980 14909 13677 13487 11554 15326 15696
28 17063 16276 13556 14400 15242 17090 19715 18089 10421 17935 15077 12560 11005 11572 14641 16308 14441 17578 15507 18360 11028 10766 15823 17398 11406 18002 15772 11084
16 10162 14205 13567 19755 18420 16990 11621 14035 16616 15687 12406 17973 13892 17643 18303 19178
14 11096 16794 14101 12883 11373 15871 16923 19045 16800 17921 10872 12950 15393 17568
28 10148 15935 11445 16476 14549 19535 10349 10099 11179 10259 16766 10943 12964 15919 13221 16406 18263 12635 19430 18155 18376 19240 18714 16089 16740 10137 16657 13486
13 17693 17464 10670 15912 17777 15991 17060 12575 14512 15929 13912 11918 12863
22 12640 10450 10136 17232 16018 18725 19980 16574 12140 10485 15007 15126 13458 17252 16594 16160 15759 12566 12986 11077 14413 12615
28 13705 17744 12445 15394 14488 19858 19499 10589 17541 17781 18677 15683 16033 10251 15654 16509 13864 17998 17673 14726 14122 17865 13514 14587 17261 15610 16889 16738
14 14733 19947 12655 14364 11175 16135 15815 12934 16225 14122 18181 10625 12486 17003
10 11100 10244 13508 18255 10220 14077 10429 14608 15503 12054
24 10191 19078 12364 12379 19572 19590 14725 12132 12759 11029 16404 17652 19562 18957 15210 15517 18040 17086 14285 11820 18110 19695 16046 11274
12 17843 15132 11279 11018 19848 12674 12682 17133 19005 16753 11441 17270
13 16388 17921 17111 10042 18889 13036 10578 11027 12916 12945 10224 15961 12110
20 11549 14857 16611 12471 14816 12214 12325 14776 10478 18518 10280 19109 16800 12721 10913 13512 10767 11182 10631 10602
18 11025 10493 10355 12965 18395 19351 15199 12447 14569 16304 11641 19439 15409 19798 15151 14981 12098 13221
23 19668 13655 19334 18333 18233 14184 18389 15061 16156 10325 17267 17989 11918 16883 19487 19712 10978 11094 18429 10603 10077 18509 18612
14 12951 15954 12374 11895 11061 19538 11794 18085 15421 18183 18204 10943 18130 15634
13 19588 14685 16431 15014 12430 10689 13801 10547 13239 19032 19939 17972 17012
19 11662 12188 19890 18412 16877 10012 19816 12372 19862 18425 17163 14729 15807 19164 17061 10845 17592 14494 17623
9 10275 11500 10804 10345 11244 14757 15099 11694 16526
30 11813 11324 16189 11592 19108 17304 14343 17290 10558 10885 11675 19899 17418 14739 11012 18395 16337 18390 18861 17241 16730 11941 18412 13255 14521 11685 11962 19605 11489 13690
10 19267 11923 13961 12533 12788 10814 16267 10299 17694 10297
4 16868 19407 13561 12754
28 15983 17956 10430 16524 11541 11501 18948 13182 15717 19522 18165 11983 18986 10634 19902 13210 16193 13792 10048 19420 13148 10619 17097 12474 13615 19740 10686 10608
20 12334 16235 16019 15921 10632 14289 15948 17969 13561 15652 12702 13233 16278 15897 10618 13203 12792 15367 10405 13931
11 13236 13854 11451 11162 16746 14377 16350 14124 19197 11347 17329
8 12796 18699 16108 12611 14946 10776 18505 11567
28 10873 19051 19795 13650 10458 18962 10251 15280 19535 19832 16257 14833 11122 17881 12114 17321 15299 16103 13219 19359 10818 14158 14896 10211 14718 18350 11670 15037
9 16539 11205 11432 17376 15330 19607 12847 17375 19378
22 14991 16103 15155 17407 13802 14793 14028 10180 16088 10312 11985 11326 16425 14033 15854 12324 16407 12468 18358 15118 14852 12643
21 15194 10036 17675 13132 19779 17570 10525 13971 10386 10007 16391 15065 11424 16764 16715 12890 19092 15467 10269 12012 17276
25 19288 17638 19662 19470 11122 15750 19793 12341 18379 15675 13284 17396 13012 12427 18910 14556 12341 18667 17796 15990 17463 18633 12413 17993 17020
27 19617 13034 11805 13107 14433 15557 18158 11142 13809 17641 10636 14051 12067 13107 16918 10585 12256 11166 10413 12090 10128 13197 18541 15800 19975 18759 17165
27 14011 19424 14120 17775 19551 11524 17335 11097 10690 11410 15500 14401 13694 19316 11745 10691 17843 10411 13313 10604 15921 14159 12684 19904 11093 15544 18123
13 19368 14290 14123 12560 19384 10643 14706 16823 13722 18824 15057 10719 18473
6 19454 11857 10278 13049 15968 17007
8 15170 10898 16149 15124 14342 18414 12557 13996
19 13366 18736 10453 18715 17746 10591 11233 18897 13755 14636 13989 17982 18949 15614 14739 15081 11438 14359 16552
23 15601 18240 11161 15957 11287 19048 17740 14838 11970 15643 15560 12835 19829 11237 19736 18321 18223 17627 11788 19086 14521 11240 19242
22 18770 18329 10976 12622 16153 19160 17540 11684 13726 13542 18164 19000 14377 12530 18674 13927 13503 13663 17038 15159 16355 19568
18 19553 16524 12270 12809 13768 18541 18071 15403 19832 10061 10318 13204 18210 11583 19923 10297 14475 14203
18 17589 18186 18345 11232 19863 15046 18945 10024 14215 15950 15066 18092 19083 19010 14400 17029 15590 13156
17 17969 15425 14398 14144 11942 11972 18347 18989 16714 13908 15100 11675 12475 12994 15057 19650 11200
1 16788
1 17039
23 10537 11366 17581 12318 13449 14386 18318 10954 15120 13899 15181 19292 14565 18122 12466 12363 12194 12917 16007 19489 12895 11565 13937
23 18809 13031 19882 15914 12900 14185 15929 11463 16909 13941 15210 10095 19784 19794 16458 19258 15187 19716 15360 14020 19161 14881 10064
12 11564 11193 10681 10190 17349 10078 15126 13635 16298 11511 16135 19806
7 14753 16817 15759 15708 14757 14563 19077
16 14721 15678 10386 16538 17747 15566 13655 12170 13085 11814 10996 10930 14924 10022 11189 18111
13 14722 13643 12033 16392 10222 12015 19014 10768 18737 14207 10234 19063 15628
24 16571 14043 14109 13758 10012 10935 14263 19274 12730 17181 13701 12058 17418 18498 19723 19698 14984 11699 15311 19178 18183 17257 13810 19635
7 17066 19626 15247 16444 15386 14800 17467
5 13418 13793 18321 14105 10505
4 18988 15137 17399 10616
2 10814 19585
6 14957 17928 11123 13388 11453 14569
6 19976 16790 16504 14268 16330 11852
9 15537 14882 10359 17800 19286 10675 12557 14967 15963
25 17936 18844 19747 16358 13706 13556 19137 15001 18242 17058 11802 19350 11215 18670 16681 13200 14636 11173 18773 14599 11525 11015 14609 15081 11424
9 18867 14607 14477 16405 15095 17056 18290 18457 16017
11 14300 10742 11384 13995 12855 12646 13847 17504 18740 15624 15814
29 11361 10986 12762 19089 16302 14571 10973 11011 17482 14397 10162 19348 11622 19884 13969 12501 19253 13743 13779 14043 18964 10125 13841 10178 14132 15122 18150 16061 13837
25 12079 15778 12183 15786 14199 13365 12749 10195 16283 14693 17384 10682 11954 12563 11069 14523 16935 19861 17059 19621 16389 18111 19030 12112 17302
4 19441 15070 16386 17139
18 16908 16466 11126 19352 10573 16827 19895 11962 17124 15476 14551 12012 19790 13808 15822 19421 17098 16623
19 14974 16168 12979 15259 10361 19770 15843 11417 18180 13231 11008 16762 13638 19791 18246 15519 12149 15501 10171
1 19571
22 16768 15421 14281 10040 16069 14604 12815 12041 13945 19338 13293 18617 18466 13815 13351 18819 16821 11137 11778 10502 15252 14861
17 12630 14972 10471 16886 15882 19538 14128 15736 15130 11655 18540 19136 19908 19865 18291 16918 11442
25 19482 19346 17358 13547 11014 12925 17638 10876 17379 13696 17936 13137 15272 19708 18842 12476 18899 16907 12183 16015 11301 15148 17962 14919 11554
11 18024 17102 10174 16931 15045 16546 17588 17491 17937 14700 12998
26 17260 11926 13490 19425 16744 19461 15738 13384 19499 14876 15128 12586 10027 16472 19669 17028 15610 14618 18514 16538 13177 10470 17448 17583 10252 15055
19 19118 11055 14185 14813 14188 11376 17172 19226 16490 18291 19804 17908 13639 13331 14565 14891 11329 10196 13557
19 15132 10593 12094 19878 19132 14311 13439 11216 13135 12119 17657 19210 12649 12571 10042 10415 18382 16332 17096
3 14444 14099 10526
23 16999 16724 12223 15324 17574 18625 15704 16900 17743 18085 11970 12510 14405 10526 10262 16487 17380 13360 16672 12000 13538 13499 16094
8 14176 11131 15463 10621 14873 15848 18770 13490
29 13719 16807 14970 12789 16406 17124 16483 17678 15917 12151 19681 17457 11079 15971 12174 13642 14345 12699 11303 14267 10009 11943 13322 19152 17431 19316 17820 11394 15371
8 19731 16800 16014 15558 13781 15474 19790 17811
27 12284 14576 13821 11066 15421 15383 16380 11100 14777 13101 14617 15273 14353 13429 12975 13067 15421 19548 18982 17725 19655 14660 10300 13336 13951 12963 13998
10 11161 10179 13541 16180 13441 17206 11447 12750 17462 13006
25 19991 13171 15309 19590 13468 10342 10241 10354 11476 19629 14453 18068 12121 17336 15861 11776 15484 15629 11577 15927 15725 12410 14137 15870 10452
23 19606 12777 17219 14773 13674 18462 19481 10741 14309 13060 16854 15813 12085 11029 17034 12951 11774 13461 19201 14147 11279 17157 11263
19 16523 13431 15789 18816 13379 12135 11956 15574 10232 18839 13371 10582 17269 15671 14110 18937 11094 18752 17803
10 1000
5 15758 17727 17132 11094 13796
17 13562 11831 13373 17490 19666 18829 10124 16875 18880 17003 14781 15456 10035 12965 10196 13945 16506
1 13829
26 12323 18739 14317 18671 10093 14664 13209 18958 18068 14296 15457 17134 16210 14160 14759 14605 13591 17311 12358 14903 11978 10628 10372 14732 12942 19733
10 15686 18332 10754 13547 17116 16474 10658 10284 13103 18909
2 11549 19012
16 17326 14354 15595 14556 16939 18209 11113 19845 14240 10862 14445 13471 10377 17339 14645 17831
2 15867 14934
21 11726 16774 11576 12820 14737 12960 10618 10840 10155 13040 17962 12176 19485 10741 10731 12416 18004 16652 10408 19138 11925
3 10708 13153 13970
25 15657 10768 14070 17079 15844 16921 14413 14016 13311 11527 10550 13964 18065 13884 12792 15105 11661 12474 14604 17526 15836 10014 17221 13172 16661
19 12205 15501 17183 12223 16155 19925 14014 16721 14304 18641 15850 19130 12198 15937 14384 16666 17202 12572 10574
23 14034 10319 11743 17863 11047 10274 17486 13979 16489 11011 14829 19222 16451 15188 15641 13288 18715 15698 11738 19566 19242 14944 15670
3 10494 13355 17642
19 13330 15716 11556 12330 16677 16416 15625 19172 11707 17207 15538 17348 19738 13565 10647 10967 15565 18250 16134
2 10461 13154
20 12085 11544 13038 19301 16041 16747 17246 16712 12053 17101 17986 12706 10755 10549 16286 16502 16136 14011 19203 13130
29 12927 14388 10632 17661 19981 10602 16997 18857 17236 15260 12301 15966 18401 12630 14023 14627 10433 18742 16000 19974 16215 11626 13998 16344 12509 17973 13354 17396 19915
30 16683 16472 14049 17190 12084 19547 19662 15817 14843 15606 11916 10141 18095 11804 11536 16082 10395 13234 13060 19129 10697 19674 17901 16537 13686 14123 16448 14680 10941 10499
18 15172 15897 10329 13127 15837 13081 10774 14106 15126 14570 18837 14407 11077 19171 19099 17203 18411 12259
15 18166 19853 16773 14755 18922 10277 18309 10527 13287 14765 19801 11900 13007 14184 13755
30 12216 14351 12485 19397 12339 17412 19355 18187 11645 16503 16460 16259 16185 17293 16738 18747 11321 12514 10979 12724 15569 18059 12683 13397 10979 11743 16259 16959 16764 18331
20 19939 15401 16910 19939 17379 12919 19219 10657 14700 17600 10012 16674 10596 13801 13057 14237 10787 10127 18868 10849
15 13667 12753 19909 11979 14508 14284 12417 19943 17261 11772 13735 12233 18799 17849 15866
2 13936 14744
25 10827 13270 10353 12309 18330 19896 18692 18439 13117 14217 10828 14697 16896 18571 14885 11367 16926 15890 16214 16159 14022 19112 11323 18228 14556
2 11660 11471
27 13011 15842 10051 10422 16688 11432 11638 14588 18850 19840 16313 14318 15253 10463 11617 17646 15167 12638 16719 10298 14171 16518 11152 11278 11459 16456 16106
4 10858 12988 18739 15683
22 12022 12467 18750 12914 12308 18718 13400 19572 14801 18105 19380 16932 19998 11488 10382 17874 11850 13908 15561 15430 19334 16842
9 17979 19297 16757 12841 11910 16639 10439 18839 13474
2 10048 12478
13 17201 13388 17706 15503 14531 17344 19698 14979 11816 14966 12144 10640 16016
28 17586 12774 13959 18458 18162 16878 14631 12851 16594 17955 17571 10118 19755 17760 15955 15657 19681 19201 15482 11265 19349 14617 12642 10842 13074 17153 18454 13491
12 16945 16287 16976 12651 16345 14843 17008 16480 10895 19899 10338 15957
16 10900 12107 13831 15900 11009 10442 19841 14542 11684 13750 19080 19417 15402 18689 13715 13241
8 19284 10434 19801 11471 10148 18440 13315 11596
28 15352 17298 15195 18451 10842 12149 11899 11517 10371 13170 15751 13829 13846 13253 15492 18024 16556 16937 11736 14259 12235 15065 17122 15347 10573 11750 18031 19741
13 17885 18981 17860 11387 17889 13274 19703 17566 18939 15997 14240 12588 14380
24 13529 13987 15554 11747 17050 10342 18744 13225 14205 15656 16474 15009 15461 16960 14868 10087 15106 19961 11291 16920 11086 10102 18999 19544
30 18852 18002 18777 16949 17599 13868 13120 15529 13967 18693 10451 19572 17905 10935 14105 18463 17402 13353 19430 14191 16164 10758 19415 13873 18093 11797 10489 13098 15919 11491
7 18086 13830 13737 15981 17100 16429 15507
13 14103 18891 16953 16756 10115 15622 14139 11270 10249 17308 13614 13704 16884
26 10557 15448 11953 11749 14701 19921 13811 12168 10759 11574 16649 18035 12573 13506 12928 14008 12697 12270 11801 15271 11645 10975 18985 18774 13516 14270
19 11611 17203 11306 19665 18844 14933 15274 13541 15645 12330 10606 18923 11084 16730 11433 11217 13410 12971 17406
11 19173 18371 15450 19459 11026 11113 18575 12271 11551 18756 15309
18 12958 16096 15868 19443 14992 14086 13638 11110 15903 14043 13089 19912 13808 13859 17682 10711 18304 15423
12 18468 14666 14996 19911 16191 15481 10732 10180 11840 17046 14083 19252
7 10399 14301 11177 13906 19305 17744 12942
17 10051 16231 13073 14036 10387 11135 19010 17331 17470 12453 19323 18558 17137 14566 19383 19393 19367
9 11569 15343 17260 18250 13615 11851 19393 17856 11179
5 17886 15170 13242 15496 17023
7 11415 14339 19775 12077 16764 16559 12070
26 10230 15082 17142 18609 15252 14742 14822 17076 13680 16212 13100 14542 18573 14370 11803 14832 19972 11553 10742 15157 12252 18667 17159 12749 14130 19640
30 14735 14947 17158 19671 10492 13287 10184 19141 18183 16558 16198 15390 19707 12605 13659 14380 10775 16957 12624 15900 15329 11815 14021 11788 16028 15342 10530 12207 15015 12389
14 17327 11692 10217 11174 14246 16704 15330 16785 11503 13877 10001 16001 16019 14301
29 12678 19818 19297 14255 12796 16361 11481 11119 19744 18847 15638 15538 14965 15320 13631 12518 19434 17929 10060 11890 13932 16175 17899 13350 18591 16502 15813 19934 14671
10 11387 11046 14044 17042 16985 18609 14354 14267 17451 12453
1 13644
5 13523 14134 11057 10141 16000
2 16219 11484
6 14040 12244 16756 14493 10089 10318
11 18368 11011 14297 18529 18529 14314 12581 15251 10819 10046 17109
29 10544 18119 11813 10155 17635 18479 15383 13125 19476 19620 15681 12139 14986 13385 15645 17985 16064 16545 13038 16548 14969 12106 18876 10320 18758 15825 11876 10035 14340
18 18781 15658 10272 16305 12895 18428 13869 16726 15671 18191 14740 14591 18707 12732 18321 17139 15976 18329
17 14009 18655 13246 17061 13319 17380 18384 13608 16695 19270 11809 15286 11228 19585 16378 16675 18816
2 12174 15877
18 10699 17980 18745 18900 16594 18502 11882 13750 19242 16561 10482 19309 15069 11981 19623 18297 11789 11378
1 10827
25 15578 12424 18619 16229 13885 14948 10371 11486 16905 14964 11227 10650 12164 13599 11836 19546 19216 18265 14952 17854 13485 18717 10057 14084 10531
16 18968 15492 14989 10443 17899 10264 10876 17178 13948 11826 12497 10441 16473 17605 17663 10096
20 17115 17444 16565 18473 16674 19177 12724 15759 10629 11936 18156 14646 11412 16203 14355 15541 13282 11935 11958 13377
22 11770 13630 16368 15897 18567 18660 13404 13859 19022 17892 13057 13092 17556 10065 19664 15993 17215 13166 14464 12790 16782 16884
7 16671 15837 14764 16505 11358 11966 17151
26 18446 16856 18517 18314 14368 10477 15269 18230 19318 15087 12629 11520 12982 13265 11676 12043 14427 16694 10158 12643 15967 14922 13141 12820 13386 15805
7 18631 17328 11864 13676 10300 13223 19263
4 15504 19573 18640 16086
27 16958 19495 16237 10136 12597 12367 14131 18025 17804 15508 16920 15155 18196 15283 15324 17097 18986 12008 19691 16973 10204 15440 14345 11579 19197 16652 13823
21 10250 15503 17087 13724 13665 15414 18307 15599 19151 19690 15319 15809 10859 16082 19331 10137 13920 18828 11988 16595 14809
30 18386 14863 10403 13538 17126 10924 13056 11214 10999 14885 11544 15540 14403 12428 10227 15543 16083 12883 11265 17094 18286 19371 17234 15374 15924 19009 13985 18548 11841 13615
19 14385 16781 13917 19752 14032 15142 12706 10396 19670 10119 14916 15007 15261 14322 15096 11341 12111 14466 15244
27 13468 11234 18473 19476 14871 17889 16471 15648 19466 13750 11235 12000 10019 11104 14032 11482 11829 16674 17075 15716 13275 11204 15869 18597 13203 13288 12696
17 16880 16014 14218 13696 14735 17521 18654 19039 10592 19074 10507 12569 18637 16736 13317 15572 10810
16 13383 10229 18867 15157 19961 12425 17814 16926 19866 16678 19936 17902 16982 15539 11144 10940
29 18287 13847 15661 11236 16284 13089 15980 12380 14815 15146 19979 14502 13776 10314 10736 18432 12038 14112 19184 13078 12834 13602 12618 12312 10020 18063 14921 10486 17546
18 17113 19562 16989 10788 19325 13323 10476 17443 17766 16633 18859 10111 12813 10216 17480 11624 16784 13916
14 13566 12504 13919 18164 15487 16266 11892 15799 12215 11256 16523 11952 10980 10061
2 15455 12575
23 17799 19788 13267 16248 11094 17581 16679 14730 16662 11457 17358 10240 12858 16047 10259 14022 15759 18541 12848 18513 10573 17598 19056
12 19187 12984 16794 12966 16834 10744 13252 13689 13330 11299 14705 15898
10 1000
21 10268 10029 15375 10826 14389 19669 15615 16560 17366 14253 17799 17656 12995 19595 12659 13602 15407 17282 10310 13356 18774
8 16665 11774 11322 13899 17511 14364 10994 10433
12 18346 12610 17374 14553 10477 18861 10241 15075 14606 19983 12643 13053
14 19466 14168 14660 19508 15621 17618 17636 14688 11364 17303 19655 16454 17060 12625
10 11127 13765 13658 19865 13196 16708 17954 12224 14162 11367
1 18444
15 16975 19552 14158 16748 14799 19541 13127 10102 11040 12823 13493 19621 16698 19428 18086
2 19237 14569
30 19631 13409 12117 16407 12370 11064 13043 18503 11211 12305 10555 13201 13470 12821 16137 10643 10963 14743 13217 19330 10475 10874 17685 15574 15376 14630 16971 15765 11343 10537
6 12557 11665 12630 18080 18564 10098
2 15946 13662
6 15982 11321 14481 14862 13410 10584
22 19272 13955 17230 17193 19000 10735 19024 11731 19955 18917 17474 14156 15406 15051 13832 10792 14802 13038 18348 14090 13896 16604
6 18131 16627 10609 12393 15076 11745
19 18114 13656 19637 16000 18147 13296 17332 12644 15692 19970 12141 17226 18012 12380 16919 18275 16587 19542 12395
16 14252 13392 14558 16828 18564 12494 17561 18304 13111 15435 15110 19396 10974 15025 15803 13346
22 16876 10405 15028 18570 18454 11499 11126 15190 17211 18515 17113 13436 18882 13578 18386 11655 19537 16159 15392 15045 17491 16991
16 12346 13660 14227 13600 18447 11458 17295 17370 19615 19828 16435 12719 10574 15502 18372 16094
16 13083 11104 19873 14673 14047 13267 11078 10952 18245 16056 12833 12869 14020 18153 10900 18500
17 16648 10159 16844 18265 19419 18352 15954 16700 16922 16957 16647 19589 13889 11516 13544 12085 13880
19 17628 15426 12160 10461 17067 17895 14889 16092 15498 13135 15064 19568 19506 14411 18209 11991 19509 15914 13262
17 10773 14698 16643 15387 13767 19346 19958 10679 15586 13960 14316 17431 16660 18564 16734 12674 19459
29 16576 18517 18423 16045 12524 18839 12829 11427 13023 13421 16818 10029 15695 16854 13297 13685 13660 12059 10940 13562 19266 10781 16001 16110 18170 15878 13159 14163 19249
9 12115 16810 18320 19864 19168 14116 16111 10361 15465
16 13487 10181 16174 11390 19365 19468 17277 16178 19313 17433 19206 11181 15286 12924 19052 13593
29 15548 15545 18082 17746 14692 13554 16112 10601 16293 17286 18870 12188 19689 13940 12383 10279 19409 12017 15933 12707 19232 11000 17352 18226 18371 11635 11303 12268 12116
26 19122 10555 11781 19274 11334 16047 11311 16827 16429 17184 10371 14363 11986 17896 16285 14314 16751 12357 19647 15815 14750 19930 10959 17281 15039 18302
25 13328 13185 15245 17272 17759 13067 12004 11324 16828 10091 13755 14388 19515 19419 15112 11072 14017 15299 11159 13518 12175 10092 16961 10846 16066
13 11031 18368 13467 19724 10727 16431 11418 16239 10032 11213 19595 13454 12706
7 17722 15679 16254 14598 13732 19398 14713
12 11896 10800 10682 18661 12645 11759 19612 14361 18303 15360 11783 14085
5 14552 19967 19311 15068 10035
10 10666 16424 15966 19820 14359 18505 14582 14711 11518 16122
11 19592 10267 15678 10635 15951 12896 10376 18762 14113 12957 15088
16 13744 19642 17603 15322 13771 19274 15473 14298 12199 16265 10165 13940 18791 18376 12752 18439
19 13634 17860 10864 16640 18739 15076 17108 17233 11307 19551 15769 12548 10800 16013 15085 14250 15477 12904 10489
10 15217 15861 18909 15113 12550 12265 18373 13343 16752 11074
13 13067 18337 14654 14263 16024 13790 11830 12679 15577 12889 13884 15103 15281
11 17704 12132 16422 10936 12812 11167 12465 12439 11487 13906 10907
24 13706 17915 15482 13267 11111 13353 14203 11925 16740 18473 11197 16424 19714 19964 12812 10540 16622 16742 10959 17938 13818 18290 19158 14267
22 11122 19257 12650 19642 19484 19300 14866 14998 18873 15494 13103 17535 13470 13772 19602 18890 11092 18890 14052 14532 11735 11550
4 10542 18323 16510 12600
16 10745 17140 12629 10998 16780 14417 13963 19645 15993 10794 19509 16184 15211 11948 12853 12048
20 11846 15478 10402 12372 19116 10492 14120 10921 15183 15180 17951 15136 17141 17248 19090 11841 10832 12085 12877 17222
7 10898 12848 13939 16672 12060 16839 18549
6 10512 13385 10348 14278 12569 15109
16 15172 15966 18346 10606 17885 17498 10690 10131 16344 13081 10717 19074 16476 17604 16566 14184
30 14382 12633 13986 18999 16588 16068 18164 19858 15483 17310 17106 12704 12797 11374 15207 13631 17105 19106 14031 14611 16544 10130 13911 15889 12706 11702 15102 16099 13062 10193
7 18043 11747 14414 16951 10619 11073 12506
3 19858 18577 16621
15 14537 16992 12091 10549 14352 16945 10331 14593 11096 14750 17172 14736 15829 10135 10858
24 17506 11240 16419 17899 11023 16734 15636 13812 15160 17396 14323 11607 13384 12009 11146 15925 12977 14889 14686 12125 10473 14927 17981 15847
12 18451 12250 18524 14497 10787 14029 19939 14284 13828 12435 11408 15953
29 15775 15698 17030 11349 19216 12269 10410 19399 17743 18922 17000 15129 11116 13470 18414 16899 10049 11501 10195 17892 15328 18848 18509 11487 14088 19840 15804 11419 19963
15 13392 16555 16339 13899 11418 12627 14416 12874 19194 15778 10303 16860 11366 15259 17868
3 17876 15118 16557
17 18188 17220 15903 16936 12760 10465 10942 10718 17215 13515 15256 13537 17183 10900 10867 19858 14293
15 16684 10979 16270 17578 19747 18098 16617 11735 15962 12880 11840 18242 19560 11632 16697
14 13001 11675 10429 17360 11528 11008 19449 18522 19100 14851 14449 11884 14929 15176
8 15473 12314 11799 16459 12641 14029 16151 19074
30 10948 11295 16570 11340 13143 14309 15365 11668 15181 19606 12974 13214 19814 14303 19217 13754 16812 19220 15593 15277 16125 11608 13297 15964 17129 18203 12858 10212 18133 19688
3 14065 12908 10176
5 15885 13424 17787 14615 14618
2 14926 10135
2 16801 19352
28 15429 18237 19631 14300 13256 14090 11069 15273 11628 16484 10716 16848 10947 14074 12537 19800 17359 16456 16340 19789 19757 18551 16559 15652 13114 16675 19491 19933
10 10520 10060 17117 18675 17755 11727 17538 14404 10486 15626
23 11690 15266 17522 18092 16902 10898 13681 19620 11876 10735 19256 17211 17241 18703 15272 10462 10838 10763 12811 18670 16070 16032 15487
23 17522 14276 13808 15554 13710 19009 17506 19648 19285 17893 14460 14532 11545 14684 17260 19747 18601 19421 11053 13265 19030 16090 18727
6 15377 19478 12052 10932 16327 15431
30 10240 14909 11241 16829 11877 12569 15384 19090 12583 11453 18313 15023 12393 19748 18540 12569 15409 17424 10720 16515 10622 12222 14956 11886 13254 18222 19036 12037 19581 11856
24 12530 10717 12680 16623 14404 13317 18782 17370 12916 17674 19139 10007 10363 16180 17787 12607 14059 17615 17144 17372 13081 15231 10321 11572
30 19113 14774 15182 15247 15766 12139 19421 18049 10412 11587 12925 12799 19966 16558 14756 11678 17142 17195 15986 19288 18681 13347 14057 11340 13156 15464 16645 10849 16326 13239
13 17935 14502 14338 13193 11815 18912 18062 13355 16095 16506 11286 17181 10940
16 16510 19361 18226 13988 14381 18793 18261 10963 15520 17093 19175 14605 18995 10339 12571 16419
22 13307 11525 15314 10124 17877 19535 16729 11921 19863 11512 11961 10340 10959 10408 15664 15658 15036 15567 11996 13361 10503 11401
8 14802 12948 17485 10315 13253 14787 13656 11306
16 11128 16220 18222 19253 13575 13853 15208 17414 16194 14298 15521 16219 10355 15439 11301 17430
23 16863 15730 10706 12719 10486 10550 13095 19888 11348 14419 12660 10852 12170 10061 16106 12105 17761 10681 12746 14156 17875 18618 19647
20 19608 11712 15299 15999 12927 15327 11657 15160 15435 10535 16893 16579 14947 11397 13710 13210 10996 16835 10545 13927
27 15044 15531 12668 12044 10926 15536 13024 12360 19513 15134 12482 17753 10839 12862 13049 12421 14238 14579 17468 14756 12538 16307 12750 11874 19111 11361 15241
6 13258 19144 13938 17022 11891 15424
4 15124 17976 16458 13111
18 18727 11793 12095 14201 18991 13095 11198 16128 17813 18841 16565 18459 18646 17236 11432 16010 16165 12171
17 14360 15168 19598 15343 12773 19522 14131 18425 13210 11628 18256 16883 14045 15374 18949 10843 19576
25 19093 14668 18909 19113 13495 16457 10332 16550 11877 12354 19757 13316 13668 19900 14325 19824 11954 17129 14776 10139 16409 16634 12668 12464 17578
20 11048 16850 17333 11131 19658 15624 12858 12212 18282 14480 13998 13184 14319 14719 16332 14779 13173 19600 14786 12340
8 10265 15166 12815 14376 19223 13416 10459 10020
6 14980 12992 18118 18834 19083 12398
17 15187 15295 17116 14423 13536 12215 14816 14519 12406 10609 17498 13971 12335 15866 13114 15110 15316
0 0
