5 5 11
1 2
2 1
2 4
3 1
3 2
3 5
4 1
4 2
5 2
5 3
5 4
4 3 6
1 3
1 2
2 1
2 2
3 1
4 2
3 3 9
1 1
1 2
1 3
2 1
2 2 
2 3
3 1
3 2
3 3
2 2 4
1 1 
1 2
2 1
2 2
5 5 11
1 2
2 1
3 1
3 5
4 1
4 5
5 2
5 3
5 4
3 4
4 4
7 8 25
1 8
2 1
2 2
2 3
2 4
2 8
3 1
3 2
3 3
3 4
3 8
4 1
4 8
5 1
5 8
6 1
6 8
7 1
7 2
7 3
7 4
7 5
7 6
7 7
7 8
60 60 59
27 27
42 15
42 44
35 14
42 18
29 19
5 30
25 42
12 29
16 38
23 38
11 12
43 14
39 18
38 38
37 45
20 42
1 31
21 35
18 45
47 37
49 49
16 37
44 40
48 39
37 30
28 41
31 26
35 45
35 46
41 1
7 10
41 27
23 18
46 23
49 16
23 35
33 9
39 41
46 33
24 16
24 14
26 21
15 23
4 22
3 4
3 35
50 29
37 40
33 25
57 57
57 58
57 59
58 57
58 58
58 59
59 57 
59 58
59 59
0 0 0