4
6
18520 20022 23 47
21929 21944 12 610
3564 17126 19 19501
19511 9899 24 9524
23869 1806 19 4810
1302 19791 22 21092
8
4670 23091 18 22605
8671 13468 23 9883
1059 1628 6 4193
6372 23371 11 15654
27607 22168 25 150
14762 21084 20 23160
15513 7541 12 13024
359 19345 15 9894
10
29786 19337 20 742
16264 14321 17 697
24145 5613 18 1349
2605 277 22 11552
25768 11452 16 24602
682 4510 25 6220
15612 409 2 2139
27144 4045 14 994
25824 7718 21 6191
1410 20458 24 1852
4
28251 2702 23 14545
21257 926 20 3384
7269 17405 5 3617
3521 617 19 4759
