7
12
7721 7466 19 272
16555 7327 24 24188
6604 6921 19 11921
3424 1062 15 29779
8672 29822 12 20244
26557 7238 1 22330
27380 18821 24 14402
25315 23925 12 11269
5210 12588 22 15162
6646 11643 16 26429
1706 6679 17 8463
5791 26614 9 12701
14
25150 1484 11 533
18315 14039 15 7318
2180 21288 21 11351
1769 15075 18 9931
29807 1480 12 1796
12528 1075 3 4246
17686 17504 21 11453
19032 23220 22 129
19 27496 21 6729
14044 22183 5 670
1557 22186 18 5154
2702 18722 4 5872
22158 10198 21 2309
10818 29837 5 12815
16
28214 7214 12 933
7730 5414 14 13704
13702 15626 18 505
7257 14717 10 23147
2574 24661 16 23465
17672 27385 6 11003
5856 989 11 6837
11924 9810 19 22321
24370 14279 22 19407
3030 9237 13 22841
192 1529 14 16620
25257 28963 5 27124
10327 4207 23 25334
21104 22321 11 17780
21900 17383 13 24141
27277 5450 1 16259
18
14643 16756 22 8001
4331 26696 3 10269
9192 17679 2 7834
837 25439 20 2753
1162 6977 3 2273
10141 6290 24 1972
394 29098 18 29908
3798 4412 16 24206
24929 589 3 3077
12058 5769 19 4794
9511 19970 24 11068
20581 18938 4 10730
23293 18707 16 29952
18488 3556 7 7122
8852 2671 6 29522
20503 15857 20 23512
227 11306 25 5155
27659 14238 25 15771
20
20133 23883 11 168
24864 12988 9 10600
14040 253 6 973
15336 27119 23 8390
17727 2526 2 25296
26359 4914 6 4843
1250 17859 18 11681
20837 10320 13 325
11913 20018 7 377
9551 2620 9 29682
26436 4822 5 23168
3670 13179 24 15944
3814 5439 18 16468
4126 23749 14 4943
7813 16015 17 17033
27856 6503 5 27202
5884 4094 9 17700
7065 26068 2 13073
2617 9047 9 7455
20265 17743 20 23265
17
29615 1609 16 1977
3125 14962 20 8330
17141 9431 16 12515
20470 4011 17 14616
7717 9721 5 11235
18087 28602 22 17484
22126 16376 5 25524
4618 20020 11 4376
11202 2518 24 2148
8164 8195 19 12838
11097 6883 14 19125
4220 25572 1 25170
7725 10089 19 5309
11552 1463 5 14635
1915 5377 11 14918
28321 20722 0 12150
13128 300 12 7007
19
5074 21822 16 29611
21722 22267 23 22025
18445 17113 5 3701
13627 16279 20 21179
22957 14627 25 22326
29114 25274 5 8414
149 9297 1 14466
19049 516 14 9041
13480 189 1 17567
160 9063 14 3302
5199 11603 24 6667
17784 11723 20 11491
23286 12341 9 6134
14417 2107 21 2947
26511 29465 13 25284
28 27238 17 22130
21261 29142 19 14476
13266 24174 23 7509
5866 746 8 5532
