5
7
15422 10732 10 171
8996 9145 7 2116
5238 11506 7 24350
22999 1233 5 1602
303 5838 4 8086
5712 531 8 28897
8154 13616 14 20462
9
25435 29200 1 29167
13499 20011 12 9284
21720 766 11 28237
9069 8888 16 1404
10296 1335 11 18350
14172 306 12 12219
13572 17848 17 795
15433 26585 17 24812
11606 883 19 18786
11
26313 14160 10 5950
11869 13245 1 6579
3270 29982 12 24484
8413 961 16 13313
11773 7728 2 13396
27053 20683 25 13719
19583 2389 22 27465
27192 29949 22 1217
5424 22977 7 13505
20732 2782 7 22350
22603 395 2 10687
13
14862 28134 5 18709
20956 21551 7 27274
8084 2612 21 621
16964 10508 12 19756
6729 18184 15 28339
22200 3559 3 7156
29181 329 20 711
25026 2407 21 25589
2275 5632 9 5007
25535 28055 16 21381
22017 1963 21 15475
25439 14951 9 10430
20947 29355 4 21984
15
5673 4138 13 12288
23208 13287 18 1686
22772 12825 23 21101
2867 18214 5 9242
831 6351 1 13420
8251 22440 10 17748
18842 5324 0 25639
14620 8142 14 3313
4682 243 10 6157
26692 25502 10 9714
16809 1291 19 2080
5047 1552 16 3932
900 26689 4 5735
9612 28036 20 694
25275 29604 15 10638
