51
-84 -991
57 -990
205 -977
377 -923
470 -873
602 -795
734 -678
825 -560
832 -549
855 -504
903 -395
967 -172
990 -42
996 37
993 106
977 198
939 321
867 493
811 579
704 702
664 741
630 773
468 883
310 948
137 976
53 988
-129 990
-332 940
-391 917
-467 877
-600 790
-683 725
-755 646
-803 583
-851 516
-880 463
-906 405
-942 313
-986 153
-998 47
-997 -55
-974 -193
-963 -230
-923 -364
-861 -495
-790 -612
-751 -653
-564 -821
-337 -938
-296 -950
-151 -986
50
-467 -597
-955 -564
-38 799
-603 833
600 -317
724 -905
949 -647
-798 3
-118 -704
250 850
-652 791
909 942
792 976
-330 -638
-321 -955
-168 -899
444 173
588 -166
10 -420
264 214
-840 -420
-393 445
702 -935
290 -481
-63 -786
795 -875
611 -595
-157 850
391 -120
-445 446
16 362
-799 549
-576 702
-725 580
-232 -748
-266 -7
849 9
653 -636
-352 -733
-656 448
732 -187
-494 -284
954 -882
-610 -478
-23 -873
-936 372
-443 -474
69 -285
-155 -114
449 240
