35
-5 -97
-3 -97
25 -95
48 -87
53 -84
68 -72
69 -71
90 -42
96 -24
98 -13
98 14
92 30
82 54
77 61
61 78
54 83
39 92
29 95
10 99
1 99
-16 98
-47 86
-52 84
-73 63
-88 44
-94 26
-98 0
-99 -7
-94 -33
-79 -57
-77 -60
-63 -76
-57 -80
-35 -90
-29 -92
50
-81 -28
-22 -4
-30 84
89 16
27 15
-33 56
27 -8
-73 70
-10 -79
49 50
-83 -75
25 2
-65 46
28 -5
86 35
-1 26
-40 7
-82 69
69 -48
-55 -25
99 -79
-25 23
-86 -7
13 -2
-76 61
46 -32
66 1
88 53
-88 28
-34 -37
100 -62
-84 -31
-14 -43
53 -50
-53 37
-57 83
5 67
47 97
13 -46
11 43
95 -32
-49 66
-64 90
-93 -12
59 -6
-58 -87
49 53
28 -68
74 65
-48 -83
