33
94 -992
196 -977
498 -854
640 -768
709 -696
872 -479
950 -269
960 -210
969 -122
984 156
907 405
811 580
528 841
348 915
275 934
107 966
-191 980
-362 926
-544 837
-718 675
-854 498
-910 411
-955 292
-984 110
-979 -160
-917 -393
-800 -598
-638 -749
-486 -872
-407 -906
-274 -960
-174 -984
-91 -989
70
-724 935
55 849
-234 763
-558 -321
-281 83
976 -260
-879 434
211 -884
457 402
898 84
-740 554
632 -586
413 51
-863 300
759 -958
226 149
-898 -293
-133 559
932 16
-518 485
-357 -397
355 -568
-107 564
-482 -838
344 -947
-698 -1
-569 19
593 -780
-353 -806
32 -844
-744 -579
200 172
-841 -811
-501 685
574 -790
27 -335
774 158
424 491
10 642
985 -148
148 -434
493 852
125 161
-654 -19
-991 601
-832 363
-473 -992
-275 705
820 -5
-910 -901
823 -219
142 860
-483 -424
565 18
-77 -29
945 -40
-878 549
902 -955
422 972
-687 -578
-84 724
-150 -328
842 296
116 988
977 -773
-133 -767
710 -972
853 -117
-694 -567
240 -826
