(7,(6,2,3,5,7,1,4))
(7,(6,3,5,7,1,4,2))
(7,(6,5,7,1,4,2,3))
(7,(6,7,1,4,2,3,5))
(7,(6,1,4,2,3,5,7))
(7,(6,4,2,3,5,7,1))
(7,(2,3,5,7,1,4,6))
(7,(3,5,7,1,4,2,6))
(7,(5,7,1,4,2,3,6))
(7,(7,1,4,2,3,5,6))
(7,(1,4,2,3,5,7,6))
(7,(4,2,3,5,7,1,6))
(11,(1,2,9,10,4,5,3,6,11,7,8))
(13,(1,2,3,4,12,5,6,13,7,8,9,10,11))
(17,(1,2,3,14,15,16,6,7,8,9,17,4,5,10,11,12,13))
(19,(1,2,3,4,5,11,12,13,14,15,16,17,18,19,6,7,8,9,10))
(50,(15,14,13,50,49,48,47,46,45,44,43,42,41,40,39,38,37,36,35,29,28,27,26,25,24,23,22,21,34,33,32,31,30,20,19,18,17,16,12,11,10,9,8,7,6,5,4,3,2,1))
(43,(43,41,40,39,38,37,36,35,34,33,32,31,30,29,28,26,25,24,23,22,21,20,19,18,17,16,15,14,13,12,11,10,27,9,8,7,6,5,42,4,3,2,1))
-1