100
0 0 15
30 0 0.2
29.9849 0.951838 0.2
29.9396 1.90272 0.2
29.8642 2.85168 0.2
29.7586 3.79777 0.2
29.6232 4.74004 0.2
29.4579 5.67754 0.2
29.2629 6.60932 0.2
29.0385 7.53444 0.2
28.7848 8.45198 0.2
28.5021 9.361 0.2
28.1908 10.2606 0.2
27.851 11.1499 0.2
27.4833 12.0279 0.2
27.0878 12.8938 0.2
26.6651 13.7468 0.2
26.2155 14.5859 0.2
25.7395 15.4103 0.2
25.2376 16.2192 0.2
24.7103 17.0118 0.2
24.1581 17.7872 0.2
23.5816 18.5448 0.2
22.9813 19.2836 0.2
22.3579 20.0031 0.2
21.712 20.7024 0.2
21.0442 21.3808 0.2
20.3553 22.0378 0.2
19.6458 22.6725 0.2
18.9166 23.2844 0.2
18.1683 23.8729 0.2
17.4017 24.4373 0.2
16.6176 24.9771 0.2
15.8168 25.4918 0.2
15 25.9808 0.2
14.1681 26.4436 0.2
13.322 26.8798 0.2
12.4625 27.289 0.2
11.5904 27.6706 0.2
10.7066 28.0244 0.2
9.81204 28.35 0.2
8.90761 28.6471 0.2
7.99421 28.9153 0.2
7.07277 29.1543 0.2
6.1442 29.3641 0.2
5.20945 29.5442 0.2
4.26945 29.6946 0.2
3.32515 29.8152 0.2
2.3775 29.9056 0.2
1.42746 29.966 0.2
0.475979 29.9962 0.2
-0.475979 29.9962 0.2
-1.42746 29.966 0.2
-2.3775 29.9056 0.2
-3.32515 29.8152 0.2
-4.26945 29.6946 0.2
-5.20945 29.5442 0.2
-6.1442 29.3641 0.2
-7.07277 29.1543 0.2
-7.99421 28.9153 0.2
-8.90761 28.6471 0.2
-9.81204 28.35 0.2
-10.7066 28.0244 0.2
-11.5904 27.6706 0.2
-12.4625 27.289 0.2
-13.322 26.8798 0.2
-14.1681 26.4436 0.2
-15 25.9808 0.2
-15.8168 25.4918 0.2
-16.6176 24.9771 0.2
-17.4017 24.4373 0.2
-18.1683 23.8729 0.2
-18.9166 23.2844 0.2
-19.6458 22.6725 0.2
-20.3553 22.0378 0.2
-21.0442 21.3808 0.2
-21.712 20.7024 0.2
-22.3579 20.0031 0.2
-22.9813 19.2836 0.2
-23.5816 18.5448 0.2
-24.1581 17.7872 0.2
-24.7103 17.0118 0.2
-25.2376 16.2192 0.2
-25.7395 15.4103 0.2
-26.2155 14.5859 0.2
-26.6651 13.7468 0.2
-27.0878 12.8938 0.2
-27.4833 12.0279 0.2
-27.851 11.1499 0.2
-28.1908 10.2606 0.2
-28.5021 9.361 0.2
-28.7848 8.45198 0.2
-29.0385 7.53444 0.2
-29.2629 6.60932 0.2
-29.4579 5.67754 0.2
-29.6232 4.74004 0.2
-29.7586 3.79777 0.2
-29.8642 2.85168 0.2
-29.9396 1.90272 0.2
-29.9849 0.951838 0.2
