100
0 (0)
1 (0)
2 (0)
3 (1) 70
4 (1) 19
5 (3) 30 62 86
6 (3) 11 67 99
7 (1) 93
8 (2) 14 44
9 (1) 78
10 (1) 64
11 (1) 6
12 (1) 66
13 (0)
14 (1) 8
15 (0)
16 (1) 79
17 (0)
18 (1) 94
19 (2) 4 32
20 (0)
21 (1) 80
22 (1) 81
23 (2) 35 81
24 (0)
25 (2) 53 71
26 (0)
27 (0)
28 (1) 91
29 (2) 39 96
30 (2) 5 36
31 (1) 70
32 (2) 19 61
33 (1) 79
34 (0)
35 (2) 23 42
36 (2) 30 39
37 (0)
38 (0)
39 (2) 29 36
40 (0)
41 (1) 50
42 (1) 35
43 (0)
44 (1) 8
45 (0)
46 (0)
47 (0)
48 (1) 60
49 (0)
50 (2) 41 69
51 (0)
52 (0)
53 (2) 25 65
54 (0)
55 (0)
56 (0)
57 (0)
58 (0)
59 (0)
60 (1) 48
61 (1) 32
62 (1) 5
63 (1) 85
64 (2) 10 66
65 (2) 53 70
66 (3) 12 64 83
67 (3) 6 81 98
68 (1) 81
69 (1) 50
70 (3) 3 31 65
71 (1) 25
72 (0)
73 (0)
74 (1) 90
75 (1) 76
76 (1) 75
77 (1) 87
78 (1) 9
79 (2) 16 33
80 (1) 21
81 (4) 22 23 67 68
82 (0)
83 (1) 66
84 (0)
85 (1) 63
86 (1) 5
87 (1) 77
88 (0)
89 (0)
90 (1) 74
91 (1) 28
92 (0)
93 (1) 7
94 (1) 18
95 (0)
96 (1) 29
97 (0)
98 (1) 67
99 (1) 6
