20
0 (11) 2 3 5 7 8 9 10 11 13 17 18
1 (9) 3 5 6 11 12 13 14 17 19
2 (7) 0 10 11 12 13 15 18
3 (12) 0 1 4 5 10 11 12 13 14 16 18 19
4 (7) 3 6 10 12 14 17 19
5 (11) 0 1 3 7 8 10 11 13 14 15 18
6 (7) 1 4 8 12 13 14 16
7 (6) 0 5 8 14 15 18
8 (10) 0 5 6 7 9 10 15 16 18 19
9 (7) 0 8 11 16 17 18 19
10 (10) 0 2 3 4 5 8 11 12 13 15
11 (11) 0 1 2 3 5 9 10 12 14 17 19
12 (11) 1 2 3 4 6 10 11 13 14 15 16
13 (12) 0 1 2 3 5 6 10 12 14 15 16 19
14 (11) 1 3 4 5 6 7 11 12 13 16 19
15 (9) 2 5 7 8 10 12 13 17 19
16 (10) 3 6 8 9 12 13 14 17 18 19
17 (9) 0 1 4 9 11 15 16 18 19
18 (9) 0 2 3 5 7 8 9 16 17
19 (11) 1 3 4 8 9 11 13 14 15 16 17
