50
0 (2) 6 32
1 (2) 9 35
2 (0)
3 (0)
4 (2) 16 46
5 (2) 15 19
6 (4) 0 9 35 43
7 (1) 17
8 (1) 16
9 (2) 1 6
10 (1) 27
11 (0)
12 (1) 34
13 (1) 29
14 (6) 22 32 36 41 42 49
15 (1) 5
16 (2) 4 8
17 (1) 7
18 (0)
19 (1) 5
20 (0)
21 (0)
22 (1) 14
23 (0)
24 (1) 25
25 (1) 24
26 (0)
27 (1) 10
28 (0)
29 (2) 13 30
30 (1) 29
31 (0)
32 (2) 0 14
33 (1) 42
34 (1) 12
35 (3) 1 6 46
36 (1) 14
37 (0)
38 (0)
39 (0)
40 (1) 49
41 (3) 14 42 44
42 (3) 14 33 41
43 (1) 6
44 (1) 41
45 (0)
46 (2) 4 35
47 (1) 49
48 (0)
49 (3) 14 40 47
