99 27
12 19 19 27 19 14 12 18 18 20 12 9 20 21 19 1 27 17 1 22 14 24 22 23 18 10 22 2 19 7 10 16 12 26 14 3 10 25 23 4 12 5 4 11 3 15 1 6 5 13 2 8
25 8 7 2 7 9 8 16 24 6 21 14 24 20 24 5 2 17 6 11 24 7 10 13 15 25 14 12 22 18 7 19 6 10 19 26 7 15 20 3 24 1 25 21 10 4 11 23 15 27 19 22
17 22 23 7 27 26 16 23 6 11 21 20 24 3 10 14 1 6 27 8 9 17 27 1 8 25 24 9 8 2 1 13 24 27 25 16 27 19 17 18 24 5 24 21 25 4 4 12 9 10 19 15
2 22 14 27 8 18 8 16 21 2 24 1 12 23 25 5 12 11 12 14 20 6 27 4 18 21 4 7 14 8 20 9 19 10 12 17 18 25 14 24 12 13 13 15 11 20 14 26 11 19 27 3
5 14 8 19 22 26 9 6 8 4 22 11 7 23 22 21 19 25 18 13 26 10 8 12 25 2 6 16 2 20 8 7 10 15 10 24 26 18 21 17 22 8 7 5 22 1 25 9 4 27 19 3
3 17 17 6 3 7 6 26 17 4 6 14 3 24 14 27 3 5 17 18 24 2 4 10 5 8 18 15 14 9 5 11 15 12 15 13 5 20 9 16 24 19 2 25 19 21 27 22 18 23 11 1
10 14 12 5 9 26 12 6 7 27 12 22 21 25 12 7 4 1 6 8 16 11 27 9 27 13 6 21 4 24 10 16 4 2 4 12 24 20 16 23 4 10 22 18 7 3 17 19 14 15 13 17
21 19 24 5 18 20 18 11 18 22 20 25 6 14 11 10 10 7 24 16 17 9 2 26 6 2 1 23 25 13 20 6 2 1 5 27 26 4 18 8 4 12 20 24 17 3 11 17 20 15 18 21
5 8 24 9 16 5 1 24 23 17 10 2 27 10 3 14 1 22 1 3 25 11 18 4 11 27 23 15 9 6 24 7 11 20 14 12 24 25 24 16 1 13 3 23 25 19 16 21 20 26 1 18
15 2 12 11 14 8 6 3 11 15 20 27 14 16 1 7 14 6 12 18 14 21 17 24 24 9 6 12 27 10 17 26 13 1 11 13 4 5 8 23 6 4 24 22 14 17 6 20 20 25 26 19
23 12 12 3 23 17 12 24 24 25 24 19 3 14 17 26 26 10 19 27 23 1 14 6 12 7 10 20 24 21 7 5 6 15 26 18 15 16 14 4 15 8 17 9 16 11 23 22 23 13 25 2
26 17 17 6 21 10 27 25 26 7 13 24 3 12 2 11 26 23 23 8 1 16 5 3 8 18 27 2 8 4 17 27 9 15 17 22 5 20 3 13 12 21 23 9 6 14 26 1 26 19 17 5
25 22 19 27 6 14 16 8 27 3 24 13 19 7 3 26 3 11 6 25 19 6 2 16 15 12 6 23 25 15 23 18 27 24 19 1 19 10 14 2 8 5 14 4 1 9 2 20 20 17 6 21
27 15 24 6 24 4 7 9 17 5 24 13 25 7 9 3 17 25 21 22 10 26 25 1 19 14 1 8 20 21 27 2 16 18 13 23 20 17 24 12 24 20 20 11 6 27 20 16 16 19 6 10
8 6 3 12 17 10 14 22 3 8 7 24 3 23 11 27 3 14 7 15 13 20 19 1 7 3 12 2 9 26 7 19 15 17 11 16 5 21 14 5 27 9 15 13 16 18 13 25 7 4 8 11
21 27 27 5 5 11 5 23 5 7 27 2 5 24 7 1 27 8 21 9 11 25 27 12 21 3 5 17 1 14 14 10 25 4 10 16 9 18 12 13 3 19 12 20 11 6 2 15 5 26 1 22
17 12 8 14 6 20 11 25 21 5 12 23 3 17 8 18 8 3 10 4 3 16 4 2 24 22 22 19 10 11 14 6 17 24 27 9 4 13 27 26 27 8 27 1 1 7 14 15 27 10 8 21
3 6 4 26 26 10 14 27 1 20 21 15 21 12 4 9 25 4 27 23 5 8 14 2 18 5 1 18 17 1 17 11 2 24 20 22 15 19 25 14 2 13 25 7 4 17 25 3 25 16 4 21
5 20 9 19 2 7 22 1 18 26 16 9 22 11 13 23 9 21 9 13 17 14 16 10 24 27 16 15 19 12 9 5 19 24 18 22 14 4 16 25 26 8 10 3 16 18 13 6 23 17 23 2
21 5 14 9 16 23 19 3 20 26 21 25 19 12 10 6 13 15 15 22 19 7 14 24 13 17 1 18 12 4 22 10 14 19 14 11 18 2 19 13 14 1 12 20 9 27 15 16 1 21 3 8
10 18 18 4 4 3 3 25 3 21 3 19 19 12 21 16 19 7 4 2 12 5 25 6 2 23 16 26 16 8 25 9 18 1 23 22 25 11 10 27 11 13 3 24 19 14 19 15 25 17 14 20
13 5 12 26 25 23 19 9 9 4 24 17 22 20 16 1 10 16 13 3 12 24 6 22 5 15 12 13 23 18 3 7 19 8 19 10 12 19 19 25 10 27 12 2 25 14 16 6 5 21 1 11
13 11 11 4 13 24 15 25 10 17 13 18 16 15 25 26 27 23 21 20 11 6 11 27 22 1 1 9 16 8 1 14 11 21 21 16 12 7 4 2 13 3 22 12 18 5 13 22 8 19 27 10
2 20 24 23 2 19 7 24 19 4 21 25 15 12 7 8 9 26 3 5 19 22 24 6 10 18 2 3 2 9 3 27 5 11 10 21 3 7 18 13 5 10 19 15 14 16 26 1 27 17 9 14
19 9 25 15 26 22 14 1 21 4 25 12 7 21 18 14 21 10 20 16 24 13 17 2 27 17 18 25 6 3 6 18 18 26 6 7 14 11 7 24 6 20 18 23 1 19 6 8 1 27 12 5
27 1 27 18 1 12 1 13 27 15 13 5 27 2 12 14 13 8 27 16 12 7 7 24 16 9 9 26 7 10 9 11 9 20 1 25 2 17 26 19 9 21 19 23 15 3 8 22 23 4 25 6
9 23 25 8 20 18 13 17 5 11 25 14 21 4 10 16 20 21 21 26 17 7 4 5 4 27 12 19 20 9 24 22 25 20 27 24 25 1 13 6 6 15 12 10 14 2 25 13 17 3 20 12
13 9 12 26 9 8 13 6 15 21 22 10 20 15 13 20 11 23 16 22 13 16 14 7 22 25 19 2 16 14 19 12 13 4 20 1 24 17 20 11 21 27 15 3 20 19 12 18 18 24 26 5
6 4 7 12 16 15 24 6 24 21 6 2 8 18 18 16 13 3 26 8 8 11 9 20 25 14 10 1 5 17 24 19 2 23 25 13 24 22 25 9 16 5 2 7 21 10 21 26 21 25 24 27
25 19 23 2 2 7 11 4 10 16 23 25 13 1 2 26 23 8 25 14 8 17 19 24 14 5 9 27 27 18 8 15 23 12 19 11 9 10 8 22 13 9 15 20 11 3 25 13 7 6 26 21
21 13 13 17 17 18 21 22 17 25 22 23 21 4 4 8 23 15 23 20 4 12 23 14 8 5 17 7 5 19 13 26 7 16 4 24 8 27 20 9 4 6 17 1 6 10 25 2 20 11 27 3
7 23 7 3 18 16 4 2 2 15 12 10 27 12 14 7 20 24 22 6 3 18 27 8 27 22 20 14 24 17 6 11 20 4 23 25 27 20 4 5 27 26 20 19 22 9 14 13 9 1 9 21
20 25 2 14 16 9 27 13 27 16 1 26 2 27 2 1 16 5 21 7 26 24 8 22 2 17 15 11 26 18 24 21 13 19 8 3 7 12 2 20 1 10 3 23 1 6 10 4 1 8 24 15
18 6 22 2 7 9 2 17 19 20 25 26 24 3 21 14 7 21 19 5 27 25 23 1 1 11 27 13 19 7 19 18 27 22 3 10 1 24 21 12 22 4 9 15 19 27 23 16 27 23 11 8
17 24 25 3 25 6 12 20 25 14 8 10 6 26 14 22 9 21 25 7 14 5 9 16 26 15 27 1 14 8 18 11 20 18 13 4 12 2 6 9 27 12 2 23 14 27 5 19 8 13 25 17
9 22 22 16 22 17 17 19 9 25 22 3 19 21 21 23 21 4 16 10 25 26 17 24 17 2 19 6 2 7 26 18 26 20 7 1 25 8 21 5 16 11 25 12 5 13 13 14 1 15 18 27
18 13 1 12 25 3 20 7 3 2 25 9 16 18 16 4 16 1 12 10 24 22 16 20 23 25 9 26 27 17 13 6 20 15 23 21 8 14 18 23 5 11 20 24 27 19 8 27 1 5 18 8
16 7 21 25 11 20 8 1 6 2 3 8 24 23 18 21 10 13 21 4 18 9 21 6 1 5 18 10 4 27 3 16 18 14 24 19 18 15 9 24 22 12 26 17 11 26 21 11 9 22 4 3
12 14 2 6 7 5 15 4 15 8 11 20 16 17 25 3 26 12 14 1 15 9 11 16 1 13 22 23 5 18 2 10 5 21 10 27 2 26 15 2 2 11 15 7 26 19 9 24 7 22 12 25
14 17 10 9 17 11 1 4 13 18 3 16 13 19 3 20 23 5 5 24 16 10 23 15 23 1 5 14 4 26 3 7 20 27 3 23 12 21 11 25 16 13 3 6 1 2 8 22 23 8 14 12
12 19 19 26 12 4 4 20 19 3 20 21 19 5 20 23 21 13 19 17 19 6 21 25 26 9 4 22 26 18 26 14 3 24 4 2 17 7 26 27 14 1 19 8 1 10 21 11 18 15 9 16
27 24 10 18 27 1 4 15 11 6 22 3 23 9 23 14 23 2 4 26 13 12 23 13 5 20 9 11 23 10 27 8 7 4 9 22 5 27 23 16 9 21 4 5 9 17 3 25 7 23 17 19
13 24 22 15 13 3 14 12 16 23 16 22 4 1 18 4 13 2 25 8 19 10 8 27 23 18 16 21 7 6 24 26 14 20 22 19 9 17 13 25 1 5 16 9 18 7 23 11 13 16 25 14
10 8 27 24 11 14 3 13 24 9 6 4 6 2 20 3 27 7 27 12 17 11 20 26 10 17 8 22 3 15 7 25 26 19 2 23 7 10 27 16 6 1 6 27 6 20 12 18 5 21 24 5
14 10 2 4 2 13 2 20 20 22 7 9 14 21 2 16 13 7 6 11 8 23 27 26 7 1 13 25 4 14 17 15 24 12 6 8 13 18 1 3 4 17 25 5 2 19 11 27 25 6 13 24
8 9 8 10 8 6 10 11 10 17 8 12 9 13 12 2 2 27 17 4 11 7 2 18 11 14 14 24 8 5 18 19 19 15 13 16 14 20 27 1 24 3 7 21 15 22 1 23 16 25 8 26
16 15 18 27 6 22 3 26 9 19 24 23 8 3 13 24 19 11 25 21 13 16 22 18 25 14 25 13 6 9 27 10 24 7 25 4 9 1 25 6 6 17 21 5 6 20 17 12 18 8 22 2
1 19 1 5 16 17 16 9 4 24 8 12 6 26 16 14 21 18 13 8 5 7 12 25 16 1 15 21 16 11 11 4 5 20 1 10 13 27 8 15 11 6 19 22 1 13 4 23 7 2 17 3
2 20 2 1 17 16 21 7 17 24 11 12 4 8 21 26 21 18 23 14 2 10 2 21 26 23 18 13 23 9 20 27 14 22 13 19 27 6 21 11 20 17 2 3 26 25 18 15 9 4 3 5
15 20 16 27 8 10 23 1 23 4 4 11 20 7 1 22 1 6 13 8 3 2 2 19 13 26 3 18 23 17 18 15 5 14 4 5 4 25 15 16 23 3 22 24 18 12 3 13 6 21 8 9
15 19 15 8 8 20 20 10 19 22 8 26 20 23 8 21 21 16 22 14 10 12 15 24 24 25 8 13 19 3 8 27 20 4 4 18 21 1 27 17 21 2 26 5 20 6 3 7 14 9 6 11
17 26 15 9 15 21 11 10 26 20 10 13 17 16 24 19 16 14 15 17 15 27 25 11 6 2 5 8 25 12 11 18 7 22 27 1 27 25 16 4 21 3 27 7 27 5 18 24 15 23 5 6
25 9 20 1 21 26 5 17 25 27 4 2 25 16 23 24 7 12 18 11 21 5 20 19 25 3 18 20 19 14 9 22 14 6 23 8 3 23 7 21 3 4 15 10 7 18 25 7 7 15 1 13
4 9 8 19 26 5 16 25 17 7 5 3 4 16 14 27 8 15 17 12 16 17 16 8 12 11 1 10 4 2 23 20 4 21 20 24 14 6 4 23 15 1 15 26 9 13 25 18 23 14 16 22
19 6 7 5 15 20 10 17 15 25 2 18 26 22 4 11 22 15 11 1 17 12 8 19 26 13 9 24 13 2 17 3 22 4 19 26 15 9 4 23 22 27 4 21 8 16 22 10 4 14 15 7
15 17 15 9 17 16 9 18 18 5 18 8 5 1 5 26 5 19 26 4 15 2 15 20 9 7 1 14 20 6 2 21 9 10 26 27 18 13 9 3 7 11 7 22 17 23 18 12 23 24 27 25
6 3 26 20 9 11 2 19 7 16 27 4 27 26 23 27 9 15 26 25 23 2 2 21 20 5 15 12 27 14 20 13 9 8 9 7 10 24 20 1 2 17 2 10 2 6 8 22 16 18 2 9
23 27 11 26 3 21 15 20 10 11 5 6 10 1 10 18 13 5 13 24 2 25 6 8 5 16 26 17 13 15 15 22 18 4 3 7 22 14 6 2 10 13 8 12 11 3 13 23 10 9 25 19
16 6 4 11 23 17 11 20 16 21 22 5 16 27 8 14 25 18 21 2 14 13 22 4 5 1 7 12 16 24 8 9 8 3 25 7 2 15 8 25 16 8 24 10 2 19 21 23 9 22 9 26
11 21 6 5 16 27 26 7 7 12 6 13 9 24 2 14 16 23 26 9 16 20 4 25 11 18 23 6 27 2 16 8 26 11 22 1 22 3 16 17 18 15 5 4 11 16 11 22 16 10 27 19
14 26 14 22 22 24 24 7 24 11 24 8 7 19 24 15 14 3 3 5 15 25 5 17 22 16 8 20 26 21 16 27 11 23 23 6 23 18 6 1 18 9 6 2 16 4 7 12 17 10 15 13
13 19 26 9 14 18 12 8 24 16 13 22 13 27 10 17 7 3 20 26 4 12 3 1 13 7 13 24 4 20 16 21 17 11 19 6 18 15 6 14 24 4 1 5 6 2 13 25 2 10 20 23
12 10 23 20 22 16 21 24 7 2 23 8 6 25 4 12 9 18 16 19 22 26 16 11 6 3 1 21 1 23 6 13 15 9 6 1 22 7 13 14 12 15 19 27 22 4 6 22 10 17 4 5
24 17 14 15 11 10 2 24 27 18 26 2 11 16 9 8 3 22 16 9 7 20 22 1 11 6 11 19 12 23 1 4 11 26 2 7 11 3 9 5 16 14 17 12 5 21 8 13 20 25 5 27
11 22 1 7 10 8 10 17 12 5 8 4 5 16 10 24 8 26 7 2 8 11 10 18 23 10 6 20 7 3 10 25 8 12 27 14 7 15 6 1 10 27 1 13 6 21 23 6 24 19 26 9
11 15 15 25 25 1 15 22 25 5 11 12 22 9 25 27 5 10 5 23 11 2 22 13 2 20 1 24 12 21 22 14 25 6 10 3 20 7 25 18 3 19 25 16 20 4 7 8 5 17 11 26
12 17 26 4 21 12 12 24 22 25 22 20 1 2 22 26 6 10 17 3 2 15 26 13 2 8 5 27 26 7 7 5 21 23 22 1 22 14 24 18 26 21 13 11 1 6 18 9 25 16 7 19
12 3 16 2 16 15 14 17 3 21 15 24 10 1 12 22 3 13 24 27 21 5 14 8 17 6 2 4 12 25 13 23 16 11 12 19 16 10 26 20 2 14 8 26 15 9 13 18 22 7 12 16
18 17 18 23 17 24 16 4 22 26 1 10 1 13 13 7 22 21 1 18 21 20 4 3 12 2 27 14 18 11 17 19 1 22 23 25 1 9 8 15 24 16 24 27 26 5 21 6 18 12 23 8
14 1 25 24 8 12 4 20 13 8 22 9 20 13 27 5 23 14 22 3 14 15 23 19 24 21 1 11 13 18 23 10 14 22 23 25 25 16 22 17 24 27 4 6 23 26 3 7 9 2 15 4
3 26 26 11 11 20 20 5 26 15 15 13 20 14 20 16 15 27 11 1 16 2 14 4 2 17 3 9 13 12 20 6 11 7 27 8 16 10 14 18 26 19 15 21 14 22 19 23 19 24 26 25
26 27 5 19 26 23 7 8 4 3 23 5 6 25 27 16 18 10 16 15 9 11 11 17 22 18 22 14 22 9 16 6 15 20 22 12 22 26 23 2 9 4 26 21 25 24 27 1 4 13 26 7
3 27 9 3 3 5 9 10 9 1 27 17 3 18 9 24 17 19 10 20 18 14 2 22 17 8 6 7 8 6 3 2 10 15 24 16 20 25 27 23 18 11 15 13 19 4 9 21 20 26 11 12
24 9 3 5 21 4 12 14 21 2 21 12 19 10 17 3 17 1 24 20 7 23 18 25 2 27 11 8 21 24 4 11 13 22 13 15 24 13 17 18 3 19 7 26 24 7 7 16 7 17 4 6
7 11 10 27 2 21 14 23 9 22 26 2 9 20 3 9 26 18 15 5 10 26 1 25 5 1 10 16 10 14 14 15 7 17 7 6 17 19 7 3 13 4 15 8 3 13 27 12 7 10 8 24
14 24 24 2 2 9 2 4 2 10 14 22 14 21 4 6 14 1 21 5 21 23 6 25 6 11 22 26 21 27 21 3 27 7 26 8 14 12 9 20 27 13 8 15 3 16 5 17 12 18 22 19
4 26 17 16 13 1 23 10 5 2 8 7 4 23 8 13 18 12 16 22 17 21 23 18 12 14 18 25 11 9 20 5 4 8 25 15 4 6 17 3 17 4 6 24 17 20 11 19 20 11 14 27
15 24 9 27 22 4 21 25 13 11 7 13 22 19 3 15 22 8 3 16 7 3 3 12 4 21 21 17 20 6 18 1 22 2 4 26 10 9 17 23 22 7 9 20 12 14 7 18 1 5 1 10
11 20 18 9 14 15 12 3 11 26 24 21 20 6 24 13 12 24 14 16 15 19 11 10 11 8 16 2 22 5 15 1 14 12 13 23 1 27 14 25 21 17 11 14 22 7 8 18 8 22 23 4
9 11 17 7 6 13 17 10 13 8 4 12 4 17 13 15 12 16 4 1 3 4 4 23 5 27 17 2 3 24 4 9 26 22 4 20 10 5 13 18 24 6 24 14 6 21 24 25 2 19 17 26
4 27 4 1 1 17 17 21 1 22 27 14 27 18 21 24 17 5 18 26 22 23 23 7 26 13 1 25 4 2 24 3 25 6 14 16 5 8 7 9 2 19 19 20 19 10 9 11 25 12 2 15
24 4 23 6 2 17 24 21 14 27 15 8 27 12 13 10 14 2 21 1 19 25 8 22 13 18 10 15 10 14 8 9 21 19 20 26 13 24 13 11 13 16 5 7 14 3 10 5 9 20 20 23
21 10 27 25 4 3 21 12 21 20 18 8 11 7 24 22 18 23 18 11 1 13 22 16 20 4 27 17 7 15 24 19 24 9 24 26 27 14 24 18 4 1 21 2 24 5 12 27 12 24 2 6
2 25 15 22 15 12 16 8 17 27 16 10 18 11 1 14 24 16 1 9 13 26 15 4 24 6 20 7 6 13 4 24 13 2 18 5 4 1 23 20 22 19 26 21 24 18 24 17 12 23 2 3
11 21 24 22 13 2 12 19 15 26 12 4 26 7 24 18 13 25 11 15 11 10 2 6 11 24 15 13 5 1 22 20 23 8 27 3 26 12 21 27 24 9 2 17 15 5 19 16 21 23 4 14
19 5 5 4 19 12 12 24 4 22 4 20 19 9 4 7 22 15 4 23 20 2 4 6 12 1 12 3 9 8 6 14 12 13 19 18 3 10 4 11 11 16 3 17 7 21 12 26 4 25 22 27
26 9 4 5 26 4 5 1 9 12 19 17 4 25 14 6 12 13 7 15 9 22 23 21 9 2 8 18 21 16 26 20 17 27 4 14 8 19 4 11 21 10 26 23 19 26 7 8 9 24 27 3
1 11 9 15 10 20 23 22 3 12 12 16 1 21 3 17 19 2 10 9 26 1 12 13 26 19 19 24 10 7 1 3 19 23 7 27 8 4 27 6 19 10 19 25 12 5 10 18 18 14 19 8
17 12 16 25 9 3 11 9 26 17 24 19 27 21 11 26 11 20 27 6 17 18 2 4 11 15 23 22 26 8 26 1 6 23 15 2 24 5 15 24 18 14 16 27 21 10 8 13 11 7 26 16
9 27 12 26 9 6 16 20 18 13 6 14 2 11 24 1 21 16 21 22 21 19 17 8 11 10 21 12 9 4 21 9 2 7 17 25 7 24 20 23 4 15 18 3 4 2 16 18 25 5 9 17
18 22 22 20 18 23 18 6 20 12 6 27 6 19 18 7 19 1 1 2 2 24 6 21 20 4 2 14 1 25 21 11 23 26 14 3 12 16 14 10 18 5 1 8 2 9 8 13 1 15 27 17
9 14 10 18 9 6 13 7 10 17 6 24 26 11 3 25 24 12 26 8 19 4 6 26 9 5 22 15 9 13 15 21 8 2 5 3 9 27 6 20 17 19 16 1 16 23 6 10 5 16 17 22
22 19 16 4 26 24 16 23 6 20 21 10 12 1 16 2 19 3 2 25 13 21 23 12 6 16 19 8 9 13 19 9 19 15 6 5 23 7 6 17 26 11 6 22 20 18 4 27 4 26 5 14
27 20 22 18 12 10 18 7 13 24 18 14 21 15 11 25 3 4 13 16 23 22 23 8 3 13 14 12 23 1 9 6 22 9 21 5 19 11 23 3 15 26 23 27 22 2 14 19 4 17 22 21
14 17 22 21 2 12 3 7 10 6 18 8 4 3 14 10 12 4 22 9 14 19 26 1 14 26 18 15 12 13 20 24 15 2 12 16 25 20 16 22 4 11 4 27 4 5 12 14 15 23 2 25
23 19 19 6 23 24 19 12 24 2 12 11 2 7 19 20 7 8 12 15 15 13 24 9 23 16 9 14 15 10 20 17 2 18 2 26 19 21 19 22 2 4 2 25 13 27 10 1 15 5 19 3
13 17 15 25 2 24 14 22 11 8 11 26 10 18 27 21 3 5 23 15 3 16 22 20 23 10 14 1 16 14 2 23 3 11 16 2 16 9 9 6 12 13 22 4 3 12 19 7 12 19 11 27
16 8 8 1 14 4 14 20 25 6 24 15 16 24 27 26 27 25 14 10 22 14 20 19 9 27 16 3 25 12 17 21 1 2 14 13 25 11 22 9 23 18 14 16 16 17 14 23 9 7 9 5
20 8 11 6 7 16 7 26 17 9 9 10 20 14 20 7 15 21 7 3 5 25 5 18 15 27 26 17 26 1 10 19 14 4 20 11 12 2 17 12 27 23 16 24 7 15 11 5 20 22 6 13
