58 20
12 15 15 1 15 8 12 6 1 11 15 16 16 2 11 7 11 13 1 4 6 10 8 3 7 14 16 18 2 17 16 5 4 19 3 20 17 9
7 8 15 3 1 15 15 17 1 4 15 7 17 10 3 12 8 6 3 19 4 20 17 13 14 9 2 14 17 2 12 18 19 16 16 5 19 11
2 3 17 20 1 11 16 4 1 6 12 16 10 9 12 19 19 17 1 8 6 10 19 5 15 18 18 13 3 12 3 15 3 1 2 14 14 7
12 18 10 9 9 8 14 2 1 3 8 20 10 6 8 15 7 11 3 4 17 7 9 17 8 19 3 12 15 14 9 1 6 13 1 16 16 5
4 6 6 13 2 17 4 12 8 7 4 1 11 5 13 16 16 19 20 4 6 15 17 3 10 18 2 14 12 10 1 11 20 8 12 2 6 9
6 20 6 9 6 11 20 7 20 12 9 18 18 2 12 14 11 19 18 13 13 4 11 1 9 15 15 3 19 16 19 5 11 10 15 17 10 8
18 9 20 6 4 11 2 5 15 20 5 10 15 18 10 17 4 19 20 3 15 12 2 15 2 4 11 14 13 1 11 13 19 16 19 8 5 7
3 8 20 9 1 14 17 12 16 11 5 6 19 5 5 18 5 1 2 13 6 17 19 3 1 15 20 10 10 4 14 2 18 20 1 7 18 16
3 18 19 12 6 19 9 11 1 7 17 10 9 14 6 1 6 8 10 20 1 9 7 2 13 3 16 4 17 6 14 15 8 16 19 5 19 13
7 2 13 8 5 16 1 9 12 3 14 20 16 15 5 12 6 14 17 5 17 18 13 10 13 6 5 13 15 19 3 4 7 1 18 11 16 7
20 4 4 16 20 10 16 6 4 15 20 14 10 13 10 17 20 5 17 8 6 18 8 19 5 7 18 1 19 2 2 3 5 12 3 9 20 11
18 14 19 15 16 12 18 19 1 20 16 8 9 17 8 3 12 11 3 10 12 13 5 2 9 16 17 7 14 5 6 1 14 4 16 18 12 6
9 11 9 5 5 8 3 15 8 7 10 12 8 4 12 14 9 18 5 19 13 2 11 13 18 10 18 1 19 16 3 9 7 20 15 17 18 6
14 9 3 6 12 5 12 15 13 12 7 4 18 13 6 1 12 2 13 3 17 19 20 11 3 17 13 7 15 20 19 8 18 14 17 16 4 10
13 2 10 9 7 14 9 16 9 19 13 12 10 11 16 6 19 18 20 15 5 20 13 17 18 4 10 13 17 1 19 3 11 7 5 10 1 8
18 14 14 4 14 15 4 16 14 13 16 9 13 19 9 1 9 2 18 17 14 11 15 6 11 12 18 3 16 20 13 8 9 5 11 7 7 10
6 2 5 20 17 19 13 6 18 7 16 18 2 3 4 12 8 14 13 11 10 8 11 5 15 4 17 10 13 17 15 1 16 13 11 15 17 9
18 4 10 14 4 7 17 15 5 2 16 9 15 10 1 13 16 1 15 6 7 8 17 5 18 16 13 3 11 18 11 19 18 17 19 12 16 20
7 4 5 17 2 1 12 8 6 2 4 11 15 12 10 19 8 5 15 7 10 15 4 18 12 20 7 14 18 3 15 6 19 16 12 9 14 13
18 2 12 15 3 12 19 9 18 10 3 18 2 1 16 6 10 7 15 5 16 14 20 19 3 16 13 4 17 8 8 11 20 3 16 17 2 13
9 17 17 10 9 18 18 7 9 16 16 1 7 12 1 11 12 13 7 14 9 19 16 20 9 4 16 2 13 5 16 3 19 15 18 6 9 8
13 20 9 3 9 14 15 10 9 13 16 19 9 16 8 4 16 7 11 17 16 6 13 11 7 12 16 5 9 15 17 18 9 8 18 1 11 2
16 15 15 4 9 10 17 3 17 14 8 5 7 9 7 2 15 8 2 6 9 16 20 11 12 19 17 13 16 12 18 1 14 18 9 17 10 20
9 14 3 16 9 17 4 5 14 15 16 8 15 20 17 6 13 1 14 11 15 2 13 3 15 7 20 10 10 12 14 13 1 18 11 4 3 19
3 19 20 16 14 12 19 18 12 17 2 20 4 5 9 4 2 14 3 2 11 3 10 1 14 7 18 10 19 8 6 13 11 6 19 15 3 9
19 6 6 20 6 15 20 14 19 1 19 2 2 17 20 7 6 3 14 18 1 12 12 5 15 4 20 8 5 16 4 9 2 13 16 10 1 11
9 6 7 9 10 19 1 4 7 17 5 16 2 15 2 11 13 12 10 8 12 2 8 3 13 7 7 1 9 18 12 10 20 14 20 5 13 20
8 11 20 6 15 14 20 10 2 19 10 12 19 15 16 9 12 7 20 3 2 13 9 5 16 2 13 4 19 8 8 1 2 20 4 18 11 17
13 14 15 8 4 6 15 11 2 3 10 16 4 15 11 18 2 1 6 13 5 10 18 9 4 2 2 5 8 19 11 20 12 7 17 12 17 4
4 8 11 7 10 1 6 20 2 4 12 5 11 12 7 14 9 15 16 6 12 3 16 11 14 17 2 10 5 13 10 9 12 18 11 2 13 19
13 5 13 19 19 17 19 1 5 18 5 8 13 4 13 20 17 6 6 7 7 9 4 2 20 16 8 14 6 3 7 10 4 11 19 12 10 15
12 2 7 4 17 3 14 1 9 8 2 17 5 15 18 16 8 11 16 6 10 12 12 7 7 18 7 13 9 20 12 19 19 9 10 14 19 5
18 10 20 4 16 6 20 5 15 9 14 20 14 16 17 14 17 3 3 11 12 8 14 18 4 12 10 15 1 2 10 13 18 1 6 7 20 19
9 15 2 5 6 20 11 7 6 16 15 1 8 19 13 18 9 2 11 8 7 10 10 14 9 17 10 13 15 12 8 4 7 6 4 3 11 9
7 4 4 5 18 20 7 2 1 16 9 19 4 10 1 18 16 13 11 17 9 7 5 3 3 8 4 6 2 11 7 1 19 12 15 14 16 15
10 11 11 7 7 15 15 8 11 14 14 13 14 1 10 16 13 9 10 20 15 12 9 19 16 17 13 18 8 2 19 3 2 5 1 4 5 6
2 17 15 10 14 11 3 7 7 2 4 1 20 13 9 5 3 6 13 9 20 16 11 3 11 20 14 15 1 8 11 4 7 18 20 19 6 12
3 14 9 10 14 15 5 3 18 8 2 13 4 9 4 5 4 19 17 20 12 7 11 12 12 6 16 17 7 2 13 1 3 18 5 11 14 16
2 18 8 14 18 5 20 10 3 11 17 4 1 17 20 2 16 19 3 1 3 6 7 9 10 15 10 16 20 3 15 12 16 8 7 20 9 13
5 20 19 6 15 2 14 1 6 5 7 16 6 12 14 15 19 14 19 17 2 13 14 11 18 8 7 19 5 4 17 18 12 3 16 10 20 9
17 2 17 13 13 8 17 9 8 6 17 7 6 3 8 12 7 14 8 19 12 10 9 11 6 16 10 5 19 15 5 18 8 20 18 1 14 4
4 18 19 11 5 17 5 10 8 2 17 8 16 4 11 15 7 12 9 5 3 13 12 1 16 9 7 19 9 14 5 20 19 6 9 7 14 3
8 1 14 3 8 9 19 2 12 14 4 5 5 15 13 20 13 4 7 11 13 10 9 6 17 7 12 17 16 12 12 13 3 18 17 8 16 19
15 5 15 3 10 8 18 9 5 10 13 6 10 18 6 14 3 4 5 19 8 12 20 2 15 1 12 16 13 7 8 11 14 20 19 13 16 17
10 9 15 6 3 12 14 2 19 11 15 5 7 20 6 16 15 3 10 8 8 19 10 15 7 13 9 14 6 18 19 17 9 4 8 7 17 1
15 9 9 17 9 8 8 10 8 11 17 12 11 13 15 14 8 16 12 5 14 20 15 7 16 18 18 19 20 4 16 6 6 1 4 3 15 2
20 2 5 11 19 8 3 17 20 3 9 4 17 5 5 6 3 1 7 16 17 15 16 9 7 18 15 14 12 10 20 12 1 7 4 13 6 19
18 19 17 7 18 12 1 5 1 17 20 9 4 11 3 20 9 13 10 14 20 1 20 18 17 8 3 4 18 6 19 10 8 15 13 16 5 2
17 16 16 13 12 5 12 3 5 15 4 11 16 7 17 1 6 17 18 12 19 20 11 9 17 18 14 8 10 2 1 10 18 14 6 19 16 4
11 10 16 12 5 14 2 20 7 13 3 15 4 7 12 5 4 16 9 17 6 9 7 1 3 4 4 6 7 19 12 8 16 2 1 11 15 18
6 4 4 2 6 20 4 3 6 14 20 11 11 17 17 5 20 15 20 16 5 12 16 19 5 18 16 7 20 1 7 8 4 9 9 10 6 13
6 16 19 10 13 7 18 8 6 17 8 2 11 1 16 15 6 11 10 6 17 20 6 9 16 3 19 4 14 12 19 5 5 13 20 18 19 14
17 13 8 2 6 3 8 14 1 15 11 6 14 12 10 7 2 10 19 17 18 16 19 9 8 19 16 5 14 18 9 1 9 20 11 8 14 4
2 12 5 15 12 14 6 4 1 9 18 19 1 13 2 1 20 8 20 16 13 3 1 20 11 10 9 18 9 5 17 11 3 7 18 6 20 17
8 2 6 9 14 10 13 17 20 16 11 6 9 15 8 19 13 12 13 20 11 3 6 14 3 5 19 18 15 7 6 13 10 1 16 4 9 8
13 10 10 3 13 1 3 11 13 6 3 5 5 12 13 9 9 4 12 7 7 8 7 18 18 14 6 15 18 16 5 17 3 19 7 2 4 20
17 7 3 5 16 1 1 19 19 17 19 9 18 20 20 12 5 11 12 14 17 15 1 3 9 8 1 18 2 4 18 13 15 6 18 10 16 2
6 12 10 6 10 19 13 9 3 17 13 14 1 20 3 5 14 4 19 8 12 11 8 18 2 16 3 15 19 13 17 1 10 3 16 7 2 10
