14 44
42 29 42 5 29 37 29 40 5 17 5 44 44 6 44 4 37 11 17 16 37 31 31 1 5 2 40 33 29 18 6 28 28 8 16 27 18 41 29 24 28 3 29 25 44 9 2 23 4 7 8 38 27 19 33 12 16 43 12 30 5 10 19 35 33 39 16 20 8 32 25 13 23 21 43 14 28 15 10 22 35 34 23 26 3 36
41 4 12 18 27 21 12 25 26 34 18 9 14 2 30 20 42 22 41 23 30 36 1 38 30 31 13 1 24 41 2 28 25 33 30 26 35 39 31 13 25 19 36 35 21 42 17 7 36 43 29 11 15 14 9 40 25 27 9 15 19 3 21 10 21 5 5 16 37 12 9 17 37 30 32 44 12 24 13 6 30 32 12 29 5 8
18 26 10 27 12 38 19 2 2 22 10 11 43 41 2 3 21 25 29 12 22 33 21 35 7 10 34 30 13 14 19 21 2 8 34 20 40 9 22 37 29 42 30 39 17 23 3 34 25 40 39 18 29 43 34 5 21 13 22 32 12 4 17 31 21 28 8 15 40 24 31 6 32 29 2 7 37 16 28 36 21 17 9 44 5 1
41 39 39 22 37 10 34 8 43 6 25 2 10 28 6 9 13 27 37 24 38 19 24 13 6 30 10 25 11 7 43 5 8 32 12 16 32 18 36 29 19 26 1 37 13 4 12 40 10 41 40 14 39 42 19 20 43 35 36 31 17 15 35 3 30 44 5 12 37 38 4 23 13 34 43 21 43 17 1 43 39 36 22 33 37 11
2 38 26 24 44 23 8 37 39 1 36 7 18 14 34 31 41 16 8 9 37 10 25 15 24 40 29 32 44 39 24 35 7 11 1 5 13 25 1 27 17 8 41 18 41 17 40 4 30 33 35 21 35 12 26 44 24 20 5 19 8 34 37 42 44 41 24 13 44 3 25 30 23 22 21 6 3 2 24 29 2 28 11 43 1 36
7 31 31 44 31 35 35 8 31 32 35 9 7 13 32 33 32 25 13 1 13 14 31 36 1 22 8 12 25 39 39 23 32 6 8 37 22 40 35 34 31 15 9 24 8 38 33 5 9 41 25 19 36 26 41 42 7 10 14 4 38 43 40 27 15 2 37 3 22 11 36 17 35 16 2 18 32 20 13 21 43 28 7 29 34 30
34 16 5 3 2 21 28 36 1 24 43 41 9 22 4 40 9 7 38 33 7 25 28 38 37 17 37 34 37 4 28 13 2 39 8 31 44 12 4 1 4 9 27 8 1 28 40 26 22 6 13 11 11 32 34 27 4 5 37 29 34 43 39 20 9 30 22 15 1 44 4 35 42 10 40 23 8 42 1 2 3 18 9 19 6 14
9 18 18 29 5 38 5 10 33 27 2 36 33 14 13 9 12 1 5 32 4 33 18 28 38 19 42 44 24 23 16 15 43 11 35 12 11 24 42 4 5 26 5 6 33 41 25 2 37 5 2 39 35 3 28 17 14 30 14 20 10 31 22 34 27 7 44 40 18 43 13 25 13 22 37 13 6 16 6 21 26 35 42 8 13 42
21 32 25 40 10 41 34 7 31 5 30 35 44 4 3 39 35 15 31 17 11 44 14 2 38 10 25 16 43 26 44 6 7 1 34 9 26 24 11 14 35 20 4 37 20 8 26 33 26 31 11 13 35 18 18 28 18 12 5 27 26 42 19 38 31 30 36 23 43 11 33 21 24 25 42 29 21 19 13 34 11 36 21 3 11 22
25 41 29 32 3 9 13 5 11 21 21 1 11 28 5 24 11 13 29 43 21 42 36 35 8 4 26 7 21 22 40 37 29 30 30 8 23 15 6 11 14 25 15 34 25 36 19 27 42 31 29 14 5 12 26 10 18 3 11 23 5 40 10 38 29 19 24 18 6 29 15 2 10 16 43 20 26 44 28 33 30 39 22 26 7 17
1 38 1 42 1 34 38 18 18 35 35 43 42 10 1 12 43 36 36 17 43 26 38 37 18 19 17 31 10 30 12 20 34 44 35 21 26 22 12 32 36 39 17 11 32 23 31 7 20 40 10 24 1 25 34 41 12 2 25 3 43 4 39 13 36 5 25 33 7 27 21 6 43 8 26 9 25 29 26 28 4 14 8 15 28 16
40 11 12 44 15 23 21 37 8 7 44 4 3 10 12 34 40 21 35 15 36 29 18 25 15 6 26 5 4 19 36 27 12 43 14 9 19 1 33 22 41 24 34 17 23 42 21 20 11 16 5 33 42 28 26 18 15 3 33 41 26 31 6 12 26 13 31 2 36 14 13 39 40 38 42 32 15 36 13 8 27 40 35 26 26 30
8 2 13 38 43 6 36 40 44 19 34 4 42 14 43 17 19 31 4 15 34 43 39 41 11 23 39 22 17 10 42 30 35 37 4 32 4 20 21 11 21 16 18 27 21 12 22 28 9 25 20 42 34 26 43 21 43 39 39 29 41 33 34 7 21 8 22 36 22 5 17 3 30 1 39 9 5 13 43 44 8 18 41 35 32 24
4 22 6 44 32 19 4 27 44 34 6 26 1 35 17 1 23 31 41 6 5 12 21 13 37 43 42 5 12 18 42 15 5 10 32 38 11 25 17 40 17 33 42 23 34 28 14 2 7 37 24 30 41 42 15 4 42 14 40 9 6 3 5 8 31 20 31 11 6 24 31 29 8 17 26 16 34 21 6 32 40 39 29 7 19 36
