62 17
5 7 7 1 1 2 1 8 5 16 1 10 5 4 5 9 2 11 2 12 2 17 8 6 17 13 7 14 7 15 4 3
17 1 12 7 6 16 16 15 16 5 12 11 12 17 17 3 12 9 5 13 16 2 6 8 8 14 6 10 17 6 9 4
2 1 5 9 15 6 7 10 11 16 2 13 6 12 1 15 1 8 11 3 2 5 15 14 2 17 15 11 11 7 1 4
13 16 7 12 2 15 7 13 6 11 14 10 12 1 2 5 2 6 12 2 12 17 15 4 7 3 7 9 6 14 6 8
2 9 10 3 4 5 12 1 2 6 12 10 10 2 4 16 5 7 12 17 4 14 6 13 10 8 12 11 2 4 11 15
16 7 16 17 16 3 16 1 16 2 7 8 1 4 17 9 16 5 4 6 7 10 7 13 10 11 16 12 1 14 10 15
7 9 13 11 2 5 4 1 13 12 3 6 12 4 8 15 4 7 12 2 3 8 3 13 13 16 4 10 12 14 3 17
2 16 15 10 2 4 17 14 14 1 17 6 9 17 5 11 15 9 9 3 15 5 12 13 17 2 15 7 2 12 9 8
13 11 16 4 5 7 2 15 13 9 1 2 16 12 16 13 1 5 1 3 13 6 1 8 12 10 2 17 2 16 6 14
10 6 11 7 14 11 11 16 16 12 2 17 2 10 12 5 16 9 14 3 2 14 8 13 11 8 14 4 2 15 16 1
4 6 4 5 5 3 4 1 6 8 8 10 1 7 3 2 7 9 1 11 7 12 5 13 8 15 13 16 11 14 14 17
1 14 13 5 2 16 2 11 14 7 4 17 2 10 13 15 13 1 1 3 1 9 14 4 13 6 14 2 10 12 5 8
17 12 5 4 8 14 8 9 10 3 17 5 1 2 10 11 13 6 17 10 15 7 8 1 10 13 15 17 15 16 8 15
16 14 10 12 10 13 8 15 14 8 12 17 13 2 7 9 16 5 12 1 11 3 16 10 5 11 11 6 14 7 2 4
5 6 15 11 13 9 13 16 10 2 15 4 9 7 6 10 13 17 6 15 5 8 6 1 15 12 13 5 5 3 4 14
6 11 11 7 11 14 6 12 11 9 14 5 14 8 5 3 9 13 9 2 12 1 12 10 8 15 9 16 14 4 5 17
14 4 13 8 13 9 9 11 4 6 13 12 10 1 3 7 9 14 16 15 14 16 13 3 14 5 9 17 4 10 4 2
4 5 13 14 13 15 15 6 17 3 4 2 13 7 13 8 4 10 17 1 17 4 15 11 15 17 1 9 8 12 5 16
2 6 3 12 4 1 14 9 11 3 14 4 14 11 15 7 16 8 16 5 11 10 10 13 1 2 9 16 15 17 4 15
13 3 17 14 4 5 4 12 9 11 9 8 13 7 8 16 17 1 17 13 13 9 5 6 4 17 9 15 4 10 3 2
9 10 9 1 1 4 10 5 5 3 10 6 4 15 15 16 1 2 9 7 7 8 6 17 4 11 16 12 12 13 2 14
10 4 12 3 12 15 7 1 3 7 3 2 7 10 12 9 11 14 12 16 3 8 15 6 1 11 1 13 1 5 7 17
11 4 15 17 4 1 11 12 13 8 4 2 7 3 13 7 11 5 15 14 17 10 13 6 4 15 15 13 11 9 9 16
2 3 5 4 12 16 5 14 15 17 12 10 5 7 11 6 12 15 2 12 2 5 10 1 8 2 15 9 11 13 8 11
14 12 7 13 4 7 4 11 1 6 14 1 1 4 6 3 1 10 7 9 4 17 12 15 6 16 6 5 17 8 12 2
10 6 10 4 6 13 10 17 13 7 13 1 1 9 13 5 9 11 10 2 4 12 9 8 9 14 5 15 7 16 17 3
17 16 11 9 16 2 15 5 6 7 6 8 2 1 16 4 16 12 8 13 17 11 8 3 17 14 6 10 8 17 6 15
16 8 8 12 16 13 2 6 11 2 14 5 14 1 7 15 10 7 7 17 11 10 2 14 6 9 9 3 11 16 13 4
15 5 16 8 15 13 4 10 16 15 15 1 6 9 7 16 5 12 6 7 16 11 7 14 6 4 6 2 7 3 8 17
9 6 1 11 16 17 5 13 15 4 12 3 12 7 9 14 16 15 12 5 16 10 9 16 15 12 4 8 15 2 9 1
1 14 1 5 1 15 15 13 1 2 15 16 15 17 16 11 2 3 16 4 11 6 13 7 2 9 4 8 1 10 1 12
10 15 8 5 8 3 5 10 2 9 10 2 10 7 8 11 3 6 7 14 4 17 8 4 15 16 14 13 14 1 14 12
12 7 6 11 4 13 17 15 9 10 3 16 11 4 12 9 5 3 7 14 11 5 6 12 17 1 6 2 2 17 4 8
5 4 14 12 8 1 5 13 13 10 12 2 14 6 5 7 8 9 14 8 8 3 1 15 1 5 14 17 1 11 11 16
4 6 7 8 13 12 7 13 4 9 1 16 10 2 7 17 13 4 9 15 7 10 13 5 11 3 9 14 4 11 9 1
7 17 7 15 7 10 7 11 15 16 11 2 15 1 15 6 10 12 11 5 16 3 6 8 7 13 16 4 11 14 14 9
17 4 5 14 7 2 1 15 9 8 10 16 3 10 9 11 17 7 15 9 1 17 5 13 3 5 4 6 1 3 16 12
13 10 1 16 7 6 1 17 14 13 17 7 9 8 16 5 9 2 5 12 16 11 17 14 11 15 7 3 1 4 4 9
8 13 3 2 4 1 3 17 1 9 4 5 4 7 3 16 3 8 13 14 8 10 13 15 14 12 13 4 8 6 17 11
10 16 1 9 17 13 10 3 4 11 1 8 15 5 6 10 6 15 7 14 1 4 6 12 10 7 17 2 17 6 1 17
13 6 13 8 6 9 13 3 3 14 8 5 6 17 14 7 6 11 11 15 5 2 13 10 6 16 8 12 9 1 10 4
17 2 17 8 2 13 11 16 16 12 2 14 4 10 17 15 4 9 4 17 14 3 11 4 11 6 15 7 2 1 11 5
15 11 8 9 6 8 17 15 13 14 13 7 17 6 5 3 1 16 16 5 14 10 1 17 1 13 7 12 15 2 5 4
14 15 15 8 5 6 14 16 10 13 3 12 14 7 14 5 8 10 8 4 15 1 10 17 15 11 2 9 8 2 10 3
9 14 7 15 9 3 16 11 13 7 7 1 9 10 7 16 16 9 13 8 16 6 3 12 11 2 4 5 13 17 13 4
5 14 14 4 5 6 14 8 14 7 7 9 5 10 5 16 4 13 4 17 17 11 6 12 16 15 14 2 17 1 17 3
9 10 2 5 2 7 2 11 4 3 4 2 4 13 4 6 8 16 9 17 11 9 14 12 9 14 11 8 11 15 3 1
12 16 12 8 5 15 10 11 17 9 5 4 12 7 10 1 5 12 10 14 16 10 14 13 5 3 16 6 16 17 15 2
9 5 9 11 4 9 10 14 10 17 15 6 4 15 17 12 4 7 9 10 17 3 10 1 4 8 1 2 12 16 17 13
12 7 9 10 11 9 15 8 13 16 10 3 13 12 13 2 9 4 13 11 11 6 10 17 11 15 11 14 10 5 16 1
3 4 3 17 17 14 17 15 3 9 3 8 4 5 14 6 17 16 9 7 9 10 10 11 15 1 3 12 3 13 8 2
15 16 8 10 5 4 11 13 5 11 8 7 15 8 14 12 14 15 14 2 10 1 5 17 16 6 15 3 8 9 5 14
12 10 12 14 13 16 15 17 5 9 15 12 4 1 5 15 13 8 11 13 17 2 5 11 2 7 3 6 9 4 9 3
14 3 1 10 15 8 15 11 12 2 8 9 5 16 14 15 13 4 5 1 15 6 5 7 5 12 1 14 14 13 1 17
9 8 1 3 2 15 16 10 2 16 4 11 12 7 12 6 2 12 1 17 12 9 9 4 2 14 3 13 1 5 9 1
13 9 9 12 9 14 12 1 13 6 14 11 9 10 12 3 14 15 1 4 13 5 10 16 5 17 16 2 11 7 14 8
16 14 6 10 16 17 1 7 17 6 17 13 6 2 16 4 6 5 16 1 17 9 2 15 10 3 2 11 2 8 8 12
3 17 7 1 2 16 3 14 9 7 9 12 11 15 15 4 3 8 9 6 14 5 3 11 3 9 11 13 3 2 12 10
17 5 4 16 4 1 2 6 17 15 8 2 16 17 16 7 8 12 5 11 4 13 16 9 9 14 8 10 8 4 17 3
1 15 10 3 9 13 9 12 9 8 8 16 12 2 10 9 11 17 11 7 11 10 11 6 12 14 12 1 6 5 10 4
1 6 1 17 17 2 2 9 17 3 17 4 6 10 17 15 17 16 16 5 16 7 15 8 5 11 5 12 9 13 6 14
17 16 16 14 10 1 14 15 17 8 14 10 3 7 16 2 4 11 17 5 10 6 17 12 14 3 10 4 16 13 5 9
