21 27
22 23 22 3 3 1 1 20 1 24 20 2 23 4 4 18 2 5 18 13 23 21 18 25 24 26 26 11 13 6 26 7 11 27 23 8 24 19 23 9 25 14 1 10 25 12 26 15 14 16 27 17
3 12 20 9 2 10 5 4 6 8 22 15 6 1 26 6 2 25 9 22 25 16 2 19 25 23 23 27 26 14 7 11 9 7 6 20 6 18 23 24 10 3 13 17 24 13 14 2 22 5 23 21
5 1 26 9 19 22 8 18 4 6 4 23 26 25 24 10 19 15 4 7 26 5 18 4 1 27 6 20 24 14 12 2 19 3 7 26 10 12 20 21 14 17 8 19 19 16 10 11 15 24 7 13
27 14 13 21 6 2 6 9 4 23 13 24 5 17 18 3 21 27 21 11 18 20 10 26 18 16 1 19 26 7 4 6 2 15 3 4 18 8 13 10 17 13 27 1 5 18 19 12 23 25 27 22
14 2 15 22 10 23 10 1 1 20 18 4 11 17 13 14 16 5 11 27 19 13 2 11 17 16 6 21 19 10 2 12 11 7 10 25 9 15 14 24 10 26 18 8 8 3 14 9 20 6 20 18
24 19 19 5 19 10 5 6 19 13 19 12 12 17 6 11 19 20 6 1 12 23 5 16 13 18 16 27 6 14 24 21 18 15 13 2 2 3 27 4 10 7 17 8 8 9 20 22 21 25 22 26
17 12 2 1 12 14 6 16 7 26 7 22 18 5 11 10 16 20 2 17 5 15 22 6 13 27 9 7 13 4 24 25 18 21 7 2 22 13 21 8 9 11 26 24 3 23 7 3 7 18 13 19
14 11 10 25 2 19 4 6 4 9 2 22 16 3 7 23 22 7 14 26 4 18 13 21 11 1 25 14 2 5 26 12 14 17 4 15 11 2 12 8 3 24 3 13 15 16 20 27 10 4 16 20
1 11 7 10 23 21 22 8 16 25 5 16 18 24 26 2 16 13 24 9 19 7 13 19 24 4 22 3 2 18 16 27 5 26 19 22 3 14 2 6 11 17 16 20 21 15 18 12 2 23 24 1
13 10 24 5 7 8 15 6 25 23 26 1 25 18 17 25 21 15 23 16 17 2 18 20 2 19 22 27 16 22 23 7 10 3 7 4 25 21 11 24 13 26 25 12 25 13 12 9 12 11 7 14
10 5 5 15 10 26 5 23 10 25 15 12 5 27 27 7 23 22 23 21 25 11 12 1 25 2 22 3 22 17 1 18 23 20 5 4 20 19 22 16 25 8 4 6 23 9 26 13 19 24 13 14
25 5 21 2 20 15 23 16 1 7 10 22 15 9 23 8 22 4 18 3 18 21 13 26 17 23 27 11 14 13 8 24 17 14 20 17 17 1 16 25 17 10 10 27 8 12 17 18 8 6 2 19
6 27 7 26 3 9 3 24 18 13 24 21 6 20 20 2 3 18 21 4 19 3 25 5 14 11 25 8 10 15 16 12 19 10 3 7 26 17 2 1 25 22 4 23 24 25 7 16 3 6 9 14
8 15 7 11 16 20 19 9 14 27 7 2 2 13 23 17 2 5 26 7 10 16 8 12 23 8 9 4 24 18 8 22 3 24 2 1 26 10 26 21 5 14 8 6 19 3 17 26 3 25 12 19
13 22 21 18 6 13 6 25 24 3 8 5 1 8 24 10 6 27 27 26 6 1 22 16 24 11 13 20 14 6 17 12 14 21 6 17 20 19 12 2 1 24 9 23 25 15 5 7 25 4 4 9
21 2 2 3 21 8 8 22 2 7 21 6 21 11 7 9 21 10 7 27 21 25 9 13 13 16 2 23 21 12 12 1 27 15 25 24 25 14 6 17 25 18 6 4 25 19 8 20 25 26 13 5
27 15 24 21 13 1 3 17 11 12 6 3 23 5 16 9 27 26 10 23 18 22 22 24 25 6 25 27 14 11 3 19 27 18 22 13 1 7 27 4 11 10 13 2 17 16 3 14 11 20 14 8
26 11 26 5 7 15 2 6 5 12 17 19 26 23 26 10 2 4 11 25 26 1 14 18 12 7 18 21 1 17 22 24 10 8 19 13 25 27 2 16 1 2 5 3 23 20 11 22 14 26 20 9
6 24 26 2 23 16 4 26 26 13 12 23 14 18 14 19 4 21 22 6 4 14 19 3 19 25 4 15 17 10 8 27 21 20 22 4 2 11 19 5 18 7 8 12 4 8 13 9 15 17 7 1
26 23 5 3 26 15 10 8 3 12 12 18 19 13 11 27 15 14 27 10 19 9 5 19 19 22 27 25 6 20 19 1 12 17 18 2 8 21 2 16 23 7 27 24 11 4 23 6 13 26 12 11
6 21 21 12 6 24 24 20 21 1 24 2 6 3 1 4 12 11 20 16 4 7 7 9 4 8 7 13 8 25 2 26 21 5 21 10 8 14 4 15 1 17 8 18 8 22 13 27 14 19 2 23
