70 2000
8 43
64 61
36 30
18 46
50 15
36 34
14 30
68 63
59 10
13 44
38 24
15 61
33 16
31 34
37 16
47 4
37 65
37 48
47 23
24 12
61 10
23 55
59 29
10 52
10 39
6 47
56 51
30 19
19 48
8 3
3 17
62 25
42 29
2 51
48 35
18 28
29 21
44 18
43 41
38 4
14 25
26 24
48 57
44 58
38 19
15 17
67 21
17 19
56 24
59 7
3 57
36 26
8 66
49 2
16 24
50 18
39 69
60 51
63 35
54 32
6 62
34 7
25 6
64 62
11 70
43 20
53 54
1 27
1 32
8 32
18 57
48 38
60 44
23 10
7 70
46 15
1 59
34 66
40 35
41 67
39 1
59 6
39 6
31 5
12 53
20 55
32 6
47 33
49 4
67 35
29 26
35 11
42 49
25 59
34 28
43 36
10 4
22 36
9 48
65 44
27 28
22 46
60 58
20 62
47 16
69 35
60 19
50 46
68 28
40 66
43 14
23 37
47 66
65 17
45 23
18 43
17 30
19 46
58 63
9 49
54 60
62 50
10 16
69 27
25 39
4 26
42 3
15 39
50 9
62 45
30 20
1 52
34 57
18 13
11 40
40 67
65 21
10 53
23 35
40 26
57 49
6 64
37 24
11 54
14 69
27 36
70 65
18 23
13 20
7 27
31 49
27 3
20 27
8 39
70 51
9 14
70 27
44 42
6 26
14 42
6 15
41 18
38 44
10 40
67 65
61 67
47 37
54 52
40 6
46 34
52 42
26 28
51 3
24 40
54 57
25 58
51 53
38 67
46 7
60 65
68 43
33 9
36 69
55 50
55 17
65 29
50 59
33 58
69 47
14 39
42 37
1 48
18 40
65 48
61 12
38 43
27 19
39 27
55 6
25 37
44 23
46 52
49 48
30 18
22 5
59 47
39 3
38 59
68 48
59 9
53 31
67 8
62 44
66 10
13 40
67 66
57 30
59 54
18 31
41 42
19 4
16 67
36 52
14 20
3 56
10 26
15 16
5 53
19 7
25 60
44 29
56 67
44 30
46 16
1 40
21 37
29 7
25 16
18 27
50 5
55 40
42 56
22 15
61 19
25 11
60 66
26 34
48 8
13 51
58 16
63 8
55 26
50 40
2 39
6 1
62 37
23 15
65 16
14 36
24 45
48 34
25 45
45 16
33 59
39 43
48 53
37 38
54 2
20 17
41 58
47 7
35 24
63 66
4 51
23 11
30 61
34 6
62 61
16 61
52 5
7 9
56 60
7 36
24 60
54 4
36 31
30 43
1 21
33 54
26 67
50 20
16 70
32 10
48 62
54 39
29 20
68 27
10 45
15 48
66 1
8 5
2 13
30 9
7 52
57 42
22 23
63 1
8 44
51 25
35 39
30 46
34 59
40 5
65 61
33 17
23 6
32 24
22 26
34 27
27 4
24 14
33 35
21 39
44 24
24 59
51 67
9 44
39 22
34 8
35 4
35 28
56 18
13 59
31 61
40 51
28 21
23 8
23 53
52 59
26 68
2 38
6 60
14 16
64 53
49 43
35 38
53 20
20 48
17 68
70 41
47 13
57 27
54 36
60 70
27 37
29 69
29 38
20 16
23 1
6 22
51 34
60 2
40 16
34 61
61 11
27 53
28 38
13 57
9 29
49 29
15 1
50 54
24 9
52 58
44 57
14 40
23 50
43 19
36 13
18 35
2 9
31 44
53 24
22 17
49 59
47 39
21 15
63 30
2 55
8 60
64 68
63 32
10 28
10 65
2 22
46 64
50 56
28 23
19 2
29 17
29 10
9 53
51 15
52 18
65 5
56 28
46 14
40 56
66 54
69 52
33 5
52 15
47 56
51 24
24 33
29 67
38 7
21 51
6 24
10 22
52 4
4 21
66 51
53 38
32 69
11 39
3 10
34 2
60 36
25 13
47 2
62 12
14 38
61 14
50 68
30 38
57 65
7 44
57 47
27 44
24 3
31 21
34 58
67 12
25 35
23 63
30 28
31 41
12 13
66 39
8 68
42 1
17 53
41 32
29 16
24 42
12 39
21 48
3 20
18 17
52 70
37 43
69 51
68 16
37 6
2 11
23 61
14 11
29 53
41 29
40 42
36 9
10 5
31 26
7 26
64 57
23 14
17 24
26 17
32 40
35 9
69 65
50 63
16 44
39 28
58 9
66 5
67 42
8 37
31 68
38 10
19 3
25 26
47 64
31 22
59 26
70 25
55 24
48 27
48 67
22 33
2 70
27 13
26 46
57 61
49 34
51 30
37 9
58 30
28 11
21 60
24 61
52 24
64 9
22 8
47 45
66 57
6 46
24 43
49 10
62 56
38 41
61 25
27 66
16 60
64 17
48 22
63 2
49 22
37 55
4 14
52 53
42 43
39 37
19 52
19 35
41 40
63 7
15 7
68 29
6 19
3 66
62 33
44 48
43 21
58 28
69 17
49 18
4 7
12 5
27 31
59 60
51 28
10 44
61 6
35 13
59 67
45 43
70 21
64 70
10 6
18 47
39 19
68 38
65 66
10 54
40 65
56 5
37 51
49 47
12 17
43 12
9 25
59 51
29 40
39 7
39 26
44 50
42 21
65 4
56 19
20 56
2 33
17 66
3 26
26 15
62 47
4 68
54 55
65 36
36 32
45 34
17 51
66 42
12 66
20 19
61 48
65 32
64 18
67 34
15 58
17 37
4 13
31 3
32 56
2 8
61 9
46 28
50 57
17 5
55 59
19 1
11 48
5 68
62 16
50 49
11 33
7 54
41 26
30 70
16 51
63 39
44 21
4 40
58 62
39 16
27 54
50 51
35 58
69 67
56 69
60 43
64 25
5 25
12 19
32 14
43 23
30 45
68 67
48 29
68 34
54 26
42 62
41 45
34 4
5 32
3 35
3 21
49 62
5 29
40 20
69 30
64 20
23 48
31 13
24 29
35 55
9 6
59 45
49 58
35 27
43 50
7 53
56 2
9 66
55 22
66 18
15 70
63 17
56 63
21 34
36 62
39 20
63 57
63 45
62 38
44 34
60 39
39 56
32 25
11 47
63 16
63 25
64 48
65 63
22 24
40 53
45 7
55 70
49 24
16 8
25 19
54 38
43 2
57 55
62 30
64 30
24 47
23 36
44 61
20 25
56 31
13 26
61 40
8 50
48 40
44 70
36 6
51 19
44 46
33 52
7 17
70 57
65 25
7 33
46 40
46 47
39 31
41 64
8 7
13 55
58 11
37 60
22 14
41 12
60 46
10 27
30 67
55 29
37 29
18 3
65 15
15 41
52 40
14 66
58 40
5 1
18 63
64 39
45 35
50 34
36 38
43 31
17 54
28 2
9 38
36 49
9 39
17 25
13 9
15 29
54 13
25 54
25 4
8 12
15 12
68 7
27 45
1 70
17 6
11 38
1 44
2 53
68 11
15 5
17 49
2 40
8 15
10 46
16 55
58 47
14 52
25 69
13 23
33 68
26 52
59 27
70 6
27 67
54 61
43 64
1 56
50 14
67 11
62 32
39 59
31 52
27 55
46 70
42 53
32 46
38 6
47 3
37 2
39 23
23 67
34 33
63 4
34 15
8 56
38 15
19 24
45 46
2 67
57 31
66 58
34 1
18 21
40 9
19 55
40 33
30 48
63 70
37 15
37 30
3 5
68 65
21 66
54 8
56 54
55 69
25 40
60 34
18 2
47 17
49 39
45 28
70 48
56 4
30 60
64 27
24 31
69 5
61 3
41 17
47 60
53 56
53 55
14 5
44 11
3 2
38 3
36 70
48 26
12 25
61 53
30 27
70 56
28 12
9 21
38 49
40 36
54 35
33 21
33 55
27 40
13 22
15 28
16 17
4 41
65 26
63 42
1 9
56 10
41 28
16 2
49 67
31 38
16 56
49 20
55 25
37 41
22 38
18 26
1 2
49 16
58 67
49 70
9 16
52 57
60 45
17 70
26 20
56 11
22 59
40 28
52 55
34 23
28 65
53 45
68 56
9 43
62 21
42 32
28 32
55 65
26 50
31 30
19 23
42 7
29 22
27 60
55 28
13 33
47 15
2 66
43 25
28 8
29 25
36 29
48 52
41 9
11 20
21 13
41 56
44 6
54 19
20 12
41 16
3 49
4 37
2 58
64 58
14 29
33 41
58 6
38 27
36 28
53 8
3 58
16 4
60 53
67 25
60 22
27 11
58 7
38 60
23 7
33 25
28 16
66 69
32 13
43 53
59 68
65 3
20 1
55 7
40 60
68 35
53 47
16 59
68 58
12 38
35 43
48 45
23 3
32 23
66 70
9 60
64 7
51 1
48 69
60 57
34 24
51 65
36 64
7 32
38 21
64 5
19 15
11 15
19 16
60 28
31 6
52 65
54 14
61 45
65 41
59 41
1 65
48 58
37 33
9 52
56 26
46 1
70 14
57 51
63 3
55 4
54 45
33 26
27 8
70 38
43 13
70 19
32 15
25 47
12 52
31 35
7 10
23 24
45 69
33 48
37 35
20 4
17 27
24 21
10 48
51 10
57 21
20 36
6 13
25 50
18 12
10 67
19 45
3 30
12 58
69 31
15 33
24 36
2 41
67 57
30 1
68 52
6 28
59 63
34 56
68 25
5 35
43 22
68 14
48 42
61 47
57 15
48 43
27 58
65 46
63 44
43 4
50 13
63 47
34 40
44 39
45 11
48 63
34 9
9 15
64 10
46 20
21 17
42 61
5 21
57 8
6 42
28 22
67 54
36 39
7 16
36 66
4 44
43 63
55 45
43 28
49 46
58 18
6 63
1 45
8 24
44 14
48 32
38 1
10 20
24 65
50 19
19 69
62 2
14 53
26 53
58 46
44 54
37 22
19 68
21 35
57 39
7 21
18 6
67 64
52 17
14 49
13 67
13 45
2 21
67 15
45 51
14 17
6 54
14 34
29 33
58 56
31 55
28 9
39 52
27 6
54 51
13 5
31 62
49 7
16 43
60 35
23 68
14 26
55 43
33 20
47 43
63 36
44 36
11 13
57 12
42 16
31 47
55 36
69 58
52 38
53 33
70 20
29 39
5 57
56 6
9 11
12 6
42 18
42 8
42 25
31 59
66 11
12 65
9 54
65 42
30 26
70 5
19 14
4 62
12 21
14 15
4 42
69 59
68 41
61 37
45 65
47 40
70 29
11 32
32 58
31 15
28 5
5 2
27 24
29 23
14 55
51 26
70 23
61 66
11 64
17 9
45 12
33 64
45 33
47 28
56 45
51 32
43 33
24 39
2 65
5 67
32 38
64 14
8 29
45 21
18 55
42 36
51 48
7 13
34 41
4 36
36 68
27 61
3 41
12 55
68 30
51 11
46 29
62 54
8 69
49 8
17 35
57 22
48 36
5 19
5 43
58 5
66 19
32 27
57 7
28 14
16 66
50 67
33 8
2 46
30 15
63 40
3 48
67 17
46 69
20 67
69 50
28 33
25 46
15 55
5 34
67 14
23 60
9 5
54 29
69 53
12 36
7 31
39 55
50 6
57 1
28 3
67 36
58 65
51 47
9 23
7 2
3 60
11 7
20 44
62 70
64 63
3 70
20 54
41 10
3 34
42 19
33 1
44 35
10 15
3 67
50 11
60 31
65 49
10 70
66 23
1 37
50 61
9 62
33 14
6 3
1 41
52 37
18 61
28 57
39 51
26 11
59 61
33 44
39 53
69 64
51 12
48 46
44 19
35 1
53 30
57 19
64 19
7 37
68 51
29 18
40 43
56 17
14 48
67 4
45 6
2 36
69 57
25 7
59 15
60 42
62 34
51 63
41 14
35 64
54 31
16 57
50 37
18 45
58 61
22 35
15 45
64 31
11 34
17 50
60 48
9 45
35 32
38 65
59 62
29 45
5 7
23 4
52 64
55 5
10 14
61 68
32 59
45 68
11 22
25 15
40 62
8 45
2 30
9 26
15 60
37 59
25 24
19 21
7 6
54 70
3 12
60 62
57 32
4 69
17 11
8 38
62 24
19 67
17 1
4 15
67 52
12 37
68 70
69 68
35 59
30 6
14 2
67 62
56 66
28 37
47 65
56 7
46 3
37 63
21 46
43 15
65 18
68 22
3 68
4 61
51 49
30 16
41 47
2 64
53 58
62 15
59 64
46 33
4 66
42 55
19 13
29 61
66 28
3 43
63 22
11 63
24 50
20 24
42 47
2 4
53 34
21 64
25 34
47 12
44 32
18 8
2 59
9 18
8 41
41 51
70 18
1 58
38 20
23 49
10 33
53 32
46 36
41 63
10 1
26 32
61 32
5 45
32 45
52 50
26 58
51 7
51 18
21 26
4 53
34 43
66 15
8 9
51 6
49 12
70 67
30 39
43 56
52 35
5 62
1 25
35 70
53 49
33 60
48 54
39 5
19 18
21 25
45 52
29 4
23 40
67 31
22 18
63 62
1 14
23 30
10 11
69 11
4 5
4 46
29 35
38 18
34 18
62 28
21 20
14 60
18 5
26 44
14 65
35 57
13 65
36 47
31 17
4 18
42 45
39 46
3 40
7 14
55 8
47 14
38 64
67 24
22 56
23 38
8 4
54 21
21 22
60 5
53 46
69 42
54 34
25 49
16 35
27 16
9 68
1 55
21 61
40 19
38 58
39 61
52 6
33 56
17 40
60 49
60 29
22 20
22 1
59 11
20 65
41 46
5 44
1 50
40 39
51 62
1 16
38 33
30 13
50 4
50 38
36 1
25 41
50 35
59 23
37 13
20 63
26 49
36 21
67 53
61 35
67 18
9 46
49 63
59 44
36 56
34 38
22 12
1 13
54 63
30 40
31 63
67 39
62 43
45 17
62 17
60 4
63 29
63 12
47 70
46 57
23 57
3 45
50 58
7 35
33 4
33 69
3 25
32 50
63 33
30 24
41 30
18 62
26 63
4 48
59 40
47 20
66 33
8 70
17 57
56 14
3 54
48 41
58 54
43 61
5 11
20 6
63 46
13 10
37 34
31 29
56 35
17 61
10 50
42 5
30 47
30 32
7 12
21 41
50 7
58 17
23 27
29 12
42 9
69 9
19 47
48 12
6 48
24 68
26 19
68 12
15 68
66 59
57 53
19 10
31 46
54 41
20 9
32 17
13 41
49 41
1 18
27 26
11 8
63 60
51 42
40 64
50 16
24 7
37 46
56 23
65 43
66 49
19 28
47 34
49 11
53 35
55 32
60 18
57 2
65 30
13 68
25 28
31 1
30 52
46 55
59 21
13 39
37 10
35 30
66 35
11 16
43 6
30 54
20 69
41 50
24 4
59 19
35 62
29 27
47 68
59 5
23 46
52 13
27 33
22 53
2 68
61 55
30 59
6 11
42 17
30 66
28 20
64 1
57 9
22 54
38 55
2 12
26 23
37 68
33 23
35 41
69 28
28 49
4 17
30 56
35 8
69 16
11 55
13 8
1 49
1 62
49 33
52 43
16 12
7 30
32 12
66 44
69 40
27 41
3 37
19 8
64 26
60 17
53 3
9 3
55 58
41 20
41 44
56 29
69 41
55 56
62 3
36 11
20 15
37 54
63 5
8 65
56 37
38 51
63 69
69 23
35 49
12 54
24 10
51 36
11 31
21 50
52 63
51 55
62 55
57 41
55 47
36 50
27 9
28 13
31 50
37 31
10 60
8 10
32 67
59 36
25 31
32 16
44 22
64 60
50 42
58 14
45 50
6 49
1 8
42 31
65 64
4 6
62 41
35 12
2 45
11 21
5 51
10 9
23 16
68 44
22 41
52 3
50 64
64 22
34 55
46 24
33 36
69 61
44 52
66 43
43 11
57 40
19 58
55 3
56 48
34 52
28 50
21 56
27 2
15 54
4 64
3 36
31 70
18 11
23 54
66 26
66 45
41 53
37 19
2 42
25 53
44 40
24 69
22 19
20 31
69 15
28 42
8 26
1 11
15 56
18 37
46 11
13 70
36 35
57 38
42 13
20 59
16 5
65 56
60 11
45 37
34 39
53 15
5 37
55 48
45 38
65 50
3 29
43 54
68 66
34 17
64 34
62 27
61 52
1 47
25 27
50 47
59 46
52 25
20 23
3 59
52 27
43 1
32 31
67 44
1 3
29 28
18 68
27 15
60 69
34 22
1 60
20 7
40 45
42 10
21 30
17 13
40 49
62 69
24 2
29 51
69 7
61 63
26 69
29 11
28 17
22 16
23 42
17 59
3 7
14 21
5 26
26 57
53 19
34 20
65 34
41 11
44 2
29 6
55 49
26 47
13 53
41 7
21 16
38 39
12 42
61 7
39 41
15 18
38 42
47 5
26 42
48 13
17 43
8 62
65 62
65 23
16 31
20 57
34 70
44 43
14 8
68 46
6 65
67 46
6 41
13 24
49 69
36 16
30 42
12 4
45 14
36 58
58 10
67 45
60 67
61 13
61 49
3 64
44 12
58 8
10 25
70 39
35 14
36 53
25 57
22 52
23 2
55 10
46 66
58 51
53 59
13 58
27 63
61 38
36 19
51 43
29 32
34 19
69 18
3 50
70 58
21 10
68 6
8 64
27 65
21 27
66 31
58 39
57 56
7 66
66 13
59 4
9 47
69 37
38 5
36 25
65 54
33 67
29 43
41 55
47 8
23 17
8 51
5 30
13 64
21 32
46 8
47 38
61 46
52 2
60 68
52 29
36 45
68 20
63 21
38 56
6 2
63 15
50 33
21 58
56 49
20 58
36 41
5 20
61 33
21 47
38 26
24 57
66 64
5 23
25 48
40 70
9 31
12 26
34 30
22 45
8 31
66 48
70 4
21 23
24 48
54 69
70 53
46 56
40 12
10 31
36 15
25 44
34 16
62 26
68 40
69 34
37 57
28 1
68 54
28 48
12 9
41 5
19 49
56 27
22 4
25 18
61 51
66 53
7 28
62 68
57 29
58 42
24 54
55 9
40 54
51 46
69 13
58 31
18 32
10 57
12 11
52 23
46 27
34 32
