100 3000
74 93
42 83
12 8
87 14
69 23
59 29
77 50
15 42
44 41
13 52
7 55
48 86
46 9
20 57
46 16
59 52
36 53
10 18
42 36
18 55
58 100
33 39
1 57
77 95
62 83
59 97
15 50
55 31
19 33
8 39
64 71
50 14
75 52
87 64
90 44
15 90
61 45
33 59
12 74
95 96
36 72
77 40
65 10
54 29
51 32
62 72
49 11
66 85
38 56
19 67
94 27
83 98
5 86
51 41
45 41
94 79
17 59
3 38
100 3
28 22
89 35
76 38
56 1
62 64
57 61
82 2
55 22
7 44
56 16
13 56
83 81
9 20
58 43
60 59
1 82
24 19
99 14
29 85
87 62
50 41
73 50
90 75
14 23
86 75
62 53
55 81
49 89
89 88
44 16
14 75
60 66
3 36
87 3
6 53
6 60
63 17
83 97
12 40
36 61
15 29
95 33
21 71
67 58
21 85
87 1
45 3
50 64
61 2
26 11
46 83
93 45
5 35
13 48
39 45
99 89
31 60
95 31
46 14
41 61
94 98
58 22
21 40
73 24
57 78
14 2
13 53
55 51
21 47
88 32
33 11
66 57
90 87
92 33
43 52
12 99
81 40
47 42
52 18
15 84
33 75
72 78
97 98
33 48
67 7
16 87
70 43
80 57
70 65
22 25
73 21
10 47
33 58
78 38
3 44
80 52
35 62
29 87
39 38
71 38
34 86
5 84
62 17
80 36
32 20
65 44
55 75
84 48
97 92
59 44
58 87
11 3
80 74
30 4
56 47
50 60
100 90
9 89
61 5
71 27
7 13
82 98
83 79
80 79
95 63
50 38
28 56
22 83
29 27
58 75
67 28
67 73
9 31
29 30
92 23
41 74
58 41
63 20
40 59
66 28
52 95
40 51
42 97
78 7
53 59
78 79
8 64
67 4
72 91
27 33
67 91
91 87
13 92
6 30
89 39
20 94
64 79
39 12
1 62
47 62
12 52
70 32
10 4
5 60
89 55
67 8
11 47
37 100
54 32
47 16
54 83
20 49
52 64
29 94
69 2
43 25
57 96
50 46
57 45
50 93
97 46
73 98
65 29
80 37
87 43
87 59
71 99
85 97
59 61
20 53
71 33
61 3
39 76
28 44
30 91
35 2
3 78
69 27
22 32
14 31
8 65
68 20
95 98
1 43
15 70
19 99
75 63
28 69
55 46
17 90
9 17
68 82
5 29
40 57
68 45
100 67
94 13
91 39
43 51
85 67
3 4
97 44
84 67
54 12
4 72
89 68
74 70
87 61
92 98
83 8
79 59
48 58
82 59
10 79
54 11
37 57
73 78
42 45
64 90
49 58
3 56
70 89
82 25
7 100
30 76
57 74
96 36
59 91
70 49
81 67
34 12
84 19
3 6
16 82
74 99
85 86
41 40
40 95
65 82
52 3
22 26
48 30
66 44
96 30
79 48
96 35
87 12
10 64
74 86
85 63
32 17
15 14
98 99
93 92
86 26
73 36
90 86
69 95
74 58
79 82
19 85
53 8
3 55
18 3
22 50
32 71
29 13
85 31
38 29
98 76
35 6
55 8
93 70
84 78
93 5
41 77
16 6
30 19
75 30
21 9
36 87
58 96
20 66
45 6
33 8
4 46
36 71
85 22
62 90
85 64
28 68
68 78
83 15
93 6
8 82
24 61
99 22
6 23
31 49
53 33
92 24
72 56
1 71
30 15
48 68
98 49
34 59
25 56
84 64
20 81
60 41
89 69
94 21
59 84
64 56
61 9
55 47
83 77
67 20
35 82
10 73
26 79
91 19
37 46
78 80
38 59
90 92
32 66
30 95
46 38
48 95
75 65
43 11
42 24
90 22
2 51
75 15
3 77
44 36
72 48
14 21
18 8
88 11
61 27
40 23
42 25
33 26
14 41
28 90
55 59
64 4
13 55
69 32
17 97
22 74
58 12
54 26
76 31
35 86
3 33
57 87
55 34
11 56
14 3
52 70
60 47
87 74
83 87
32 41
8 88
5 36
51 24
93 80
88 90
10 3
68 35
20 24
81 11
52 58
85 78
35 87
41 99
50 27
30 74
11 20
95 71
42 29
77 100
42 98
1 53
97 56
41 72
67 98
35 27
5 72
90 8
65 91
61 74
88 41
5 57
39 94
38 19
72 33
38 58
58 65
13 83
83 36
31 89
88 51
3 19
27 84
84 13
32 37
69 87
87 84
73 89
62 93
54 93
46 99
78 13
81 54
44 79
92 54
68 75
76 84
24 68
98 1
82 92
91 40
7 54
7 76
3 70
22 67
12 68
29 91
36 90
98 91
29 71
8 95
4 9
7 14
28 27
78 18
35 37
26 66
84 40
45 24
100 72
58 2
28 73
61 84
14 48
20 42
47 68
77 42
39 18
62 31
31 22
82 17
91 16
9 70
67 10
89 40
8 23
7 22
93 19
32 81
48 11
70 13
73 85
18 7
90 24
21 93
51 31
21 86
22 87
42 88
20 96
5 38
57 94
90 55
73 79
68 63
57 93
10 11
88 26
50 20
90 70
84 49
82 37
60 48
88 96
71 25
57 91
72 80
48 47
61 89
44 21
59 72
48 6
37 24
22 98
83 32
7 83
41 23
34 8
49 17
51 44
44 32
13 64
33 69
76 17
55 80
86 52
10 91
26 59
58 26
92 68
47 83
92 52
53 31
99 91
48 78
60 27
66 39
76 41
27 80
55 82
38 10
38 4
91 14
9 96
20 95
86 93
86 4
95 70
98 50
38 70
75 1
53 64
45 87
46 2
65 52
17 6
15 60
82 61
65 12
79 41
53 17
44 48
30 24
91 63
90 82
36 11
64 60
28 17
100 12
23 10
66 89
50 78
24 18
35 23
60 67
88 64
42 64
99 65
82 76
29 47
56 78
88 69
37 21
19 47
88 91
57 92
50 31
87 68
34 65
54 41
83 96
78 2
2 55
33 62
16 80
52 60
52 1
18 11
69 18
19 81
97 89
41 22
67 63
2 7
44 63
24 71
72 64
68 49
44 20
49 12
59 8
87 60
78 15
87 27
65 80
90 96
75 18
9 52
54 76
98 72
19 79
80 66
84 23
23 61
13 28
18 59
90 48
71 54
94 35
26 95
37 31
95 17
24 75
93 97
60 55
94 10
16 33
84 56
30 68
27 24
18 32
33 94
30 73
13 58
61 73
3 90
28 36
99 44
28 92
10 61
97 60
61 77
7 95
51 89
26 31
74 18
95 36
39 34
75 61
10 85
56 52
61 6
28 4
88 6
8 52
10 9
40 86
16 13
21 45
80 98
70 51
17 26
55 67
17 47
32 10
1 85
57 16
68 76
30 28
46 95
32 90
96 14
99 10
52 36
33 34
100 27
38 14
54 17
96 11
17 14
42 5
11 37
8 3
1 60
53 43
84 26
7 11
96 46
49 5
8 4
73 46
22 15
71 84
63 66
88 46
71 67
98 54
47 73
34 2
55 11
52 99
64 67
32 56
85 41
57 73
17 13
12 5
34 62
61 100
75 54
29 88
58 7
88 14
98 7
12 10
98 39
57 95
30 78
41 100
72 85
91 35
36 43
80 46
9 66
96 44
40 94
51 92
7 46
54 22
82 70
21 64
4 81
70 58
98 11
75 3
21 36
23 7
29 7
32 28
74 98
60 96
89 86
6 8
77 25
96 40
79 12
40 74
26 90
55 73
48 80
44 45
44 70
23 77
92 10
10 98
64 99
4 79
99 36
61 38
45 1
44 43
91 25
97 70
45 31
82 36
29 82
20 37
14 35
24 43
96 72
24 14
12 88
73 37
9 16
21 41
61 22
14 43
39 36
78 41
11 87
35 9
9 18
40 72
74 39
83 14
32 27
6 47
68 55
1 42
23 97
71 68
76 97
71 48
75 20
48 62
24 66
77 47
45 73
1 25
54 65
86 94
16 75
98 51
47 81
98 29
95 12
13 93
52 21
4 50
13 86
99 43
75 57
36 2
41 96
96 24
91 76
43 61
56 42
29 35
50 10
92 6
84 39
59 78
3 48
26 76
31 94
19 92
8 7
86 36
94 12
15 85
43 28
48 54
92 15
58 95
7 96
9 2
69 25
76 53
16 61
28 16
8 45
18 92
84 80
93 78
93 39
91 54
67 39
8 100
38 57
56 35
67 33
1 48
60 2
14 10
39 52
24 29
47 33
63 28
25 49
9 19
16 50
90 53
96 50
65 61
26 48
90 14
93 42
50 37
69 84
65 98
93 23
31 65
34 25
12 67
66 91
4 20
88 58
75 43
68 21
37 84
63 26
42 78
51 33
92 53
94 9
9 100
94 80
45 38
64 89
2 38
33 86
42 68
18 70
1 13
31 71
51 15
22 91
11 85
93 64
29 49
33 64
88 33
14 6
43 49
9 13
50 9
89 50
93 35
65 17
30 64
46 69
26 14
88 74
56 2
6 49
47 36
71 78
50 63
29 64
10 46
55 52
59 45
90 74
98 14
66 51
37 53
46 89
78 31
75 88
48 40
42 65
36 46
9 90
44 24
17 10
91 1
22 38
51 60
100 4
52 63
52 50
28 5
43 47
35 41
62 80
87 92
95 59
37 75
9 39
55 54
49 4
47 92
68 8
18 85
2 27
23 21
86 66
26 13
37 64
36 10
99 84
80 82
30 5
34 79
8 78
5 53
83 93
86 53
99 34
60 23
41 11
95 15
49 95
62 24
27 53
44 38
63 45
49 36
1 76
85 26
1 12
14 92
89 8
22 72
21 61
99 24
89 24
88 73
29 32
75 41
85 44
10 48
37 58
15 11
77 81
99 6
6 7
52 90
80 43
84 68
95 88
48 56
68 46
94 50
57 31
38 42
96 43
59 6
35 98
7 16
62 27
42 69
68 25
73 16
90 34
6 77
45 46
52 84
30 59
17 67
49 86
22 5
93 89
21 3
33 68
17 86
21 18
3 97
25 9
72 31
34 48
23 26
2 11
24 64
16 35
63 37
23 78
73 56
35 7
80 19
77 20
56 89
31 80
32 72
60 18
47 26
57 71
35 95
63 24
48 41
13 95
84 20
21 24
61 56
8 21
55 96
51 80
92 62
46 32
93 99
95 72
21 84
49 66
62 21
35 43
46 18
65 76
24 91
94 2
39 7
66 73
42 58
34 18
85 27
7 87
84 91
24 81
69 26
1 14
14 77
84 1
59 23
84 46
65 33
19 44
52 30
36 75
17 79
10 86
24 54
59 71
35 20
18 40
29 84
22 75
72 50
90 25
83 28
98 6
59 81
60 7
80 59
17 12
50 79
63 25
41 39
1 3
14 65
66 1
91 74
16 48
52 5
35 38
50 3
97 78
86 58
58 98
19 40
63 22
34 28
94 16
31 83
29 79
36 24
28 23
70 96
15 56
20 34
87 15
48 74
74 27
43 92
33 20
79 93
30 77
82 88
81 16
44 15
69 22
70 29
91 52
52 35
63 19
55 36
36 29
100 64
33 99
15 47
92 55
30 67
1 20
48 43
96 97
8 73
82 86
42 95
58 56
10 2
19 73
94 69
95 27
4 71
69 20
28 20
5 78
27 14
58 8
4 78
48 5
29 90
49 13
94 43
52 41
96 80
71 100
85 48
58 47
5 13
38 21
36 9
64 96
58 60
16 55
13 99
49 77
23 27
11 92
7 51
1 31
79 62
39 31
58 28
25 38
24 32
40 73
88 65
15 82
2 85
7 20
8 86
90 23
88 92
14 13
98 2
14 95
76 77
66 2
75 89
68 86
43 23
85 6
23 1
66 4
100 83
32 61
59 69
75 39
89 63
79 99
75 17
19 88
16 12
21 22
50 2
75 49
11 99
32 77
8 54
61 80
87 8
18 94
47 57
96 1
24 49
91 75
80 29
98 17
82 26
7 72
11 93
72 89
65 6
7 1
49 90
35 49
50 23
9 45
1 49
72 63
47 37
65 84
13 91
4 45
71 13
66 3
75 21
47 66
58 57
61 8
27 5
97 52
35 25
50 17
12 90
63 80
15 38
28 80
9 85
38 49
19 41
20 70
98 45
2 70
72 53
91 26
13 30
38 77
78 45
19 16
87 23
88 77
60 72
23 30
32 40
18 90
39 88
52 40
72 10
93 22
79 11
94 82
13 22
84 8
92 12
6 96
68 44
11 29
37 42
92 61
31 64
68 94
9 26
59 63
87 17
13 66
15 21
55 83
92 26
20 31
23 75
19 17
82 52
61 94
80 20
76 99
89 4
3 82
84 33
100 89
56 59
18 4
8 36
8 56
16 32
74 11
86 28
44 25
95 21
4 32
94 47
24 53
5 80
95 50
57 97
73 4
90 20
27 81
43 17
76 67
61 15
53 95
18 86
23 48
63 46
81 26
92 37
66 14
56 90
41 10
56 67
100 6
100 26
74 84
14 19
68 34
29 58
65 41
71 60
95 84
11 72
74 43
48 31
4 7
68 50
76 21
58 36
35 92
75 64
55 88
99 54
29 48
83 43
25 13
92 49
52 57
89 76
85 7
43 9
3 22
7 80
86 57
99 30
11 24
66 25
60 38
50 54
4 90
77 44
74 69
6 87
44 8
26 64
7 47
6 50
83 75
17 89
16 25
98 25
21 30
5 16
27 49
27 43
61 39
49 3
84 17
77 80
7 91
62 7
49 53
62 29
47 45
16 76
99 96
65 81
98 66
31 79
69 75
65 89
54 80
74 29
21 59
23 12
1 2
91 58
95 73
90 98
44 94
9 93
33 54
68 37
83 70
50 21
69 82
71 96
82 77
80 15
46 29
84 45
75 66
13 27
25 59
11 90
14 47
68 29
43 55
61 67
96 67
81 35
81 18
11 84
47 91
25 50
71 73
36 35
84 94
38 74
60 35
62 3
25 55
32 8
7 38
24 13
83 73
53 34
79 53
42 35
99 48
92 65
67 65
29 77
60 37
40 24
60 28
59 94
2 6
13 36
22 84
9 92
75 28
72 74
98 86
97 71
85 69
1 69
24 94
53 28
54 31
10 42
58 34
9 3
82 75
8 93
55 38
86 97
74 24
43 6
54 1
48 89
18 67
36 38
89 29
83 35
5 100
49 28
28 72
56 66
82 73
10 20
7 45
7 27
36 14
78 53
79 97
44 54
91 45
62 51
51 87
39 44
37 1
27 44
92 42
5 20
28 12
23 99
52 53
26 60
26 80
18 62
49 71
89 32
61 96
87 75
51 45
83 91
5 97
58 63
91 70
88 25
87 88
86 67
53 45
40 22
13 100
39 32
100 79
41 56
70 1
19 35
88 24
53 68
57 72
49 37
40 55
63 1
10 8
63 84
93 47
87 89
70 78
46 6
90 10
76 96
56 29
25 26
84 82
55 41
36 16
20 100
52 79
57 36
20 86
53 99
48 82
97 34
48 61
81 70
52 94
75 11
51 10
15 8
79 14
42 50
80 4
20 60
92 29
97 90
100 48
40 44
59 83
50 35
68 81
5 1
33 5
74 28
92 96
59 93
67 53
17 69
94 83
22 56
88 9
56 96
2 5
39 85
4 22
96 59
98 33
19 21
34 92
2 80
73 52
34 49
2 49
88 72
27 34
56 5
39 28
91 77
37 70
61 62
69 44
23 64
40 34
85 70
11 25
79 66
81 39
39 69
20 55
44 49
28 6
67 95
57 82
23 18
54 18
59 76
39 58
65 57
4 54
30 49
79 40
53 58
68 73
95 34
6 68
45 89
71 61
82 100
23 19
25 62
49 94
52 37
43 21
80 53
76 24
23 25
21 57
20 56
58 20
39 63
92 67
55 32
84 50
28 99
1 51
61 79
96 45
69 71
26 32
88 61
48 93
35 70
95 38
71 55
97 67
84 43
80 42
80 41
1 41
89 82
46 53
54 97
88 67
79 45
53 18
67 59
47 59
76 36
87 79
26 37
22 42
57 17
77 86
26 97
100 66
51 99
81 96
77 96
33 66
62 11
65 2
1 81
60 61
19 95
94 53
49 10
15 54
67 89
23 42
96 23
11 73
47 50
14 34
37 3
66 50
55 12
69 97
48 38
35 73
89 18
40 62
75 50
27 21
26 67
38 28
84 34
14 59
27 4
20 48
4 34
79 60
13 87
85 36
61 51
82 44
7 77
30 79
40 97
59 28
32 97
51 71
34 77
63 11
5 70
93 82
66 8
20 40
94 17
73 59
43 69
59 66
83 48
96 66
87 66
69 79
44 1
85 53
41 26
99 59
92 60
42 51
9 87
6 91
53 93
86 73
21 63
30 89
60 82
16 15
33 45
24 85
92 70
94 23
64 95
94 1
94 51
90 58
99 9
19 43
67 42
73 70
33 83
96 86
75 10
22 27
81 62
50 82
41 71
94 87
70 7
54 89
94 62
34 21
44 89
92 99
15 86
42 99
57 67
92 79
46 94
26 96
28 7
26 30
93 17
91 92
56 100
29 16
80 12
87 52
39 60
28 82
60 44
11 50
21 46
56 39
96 65
47 82
6 73
69 56
95 45
21 33
28 64
100 96
9 77
18 63
44 56
76 35
27 88
31 81
44 14
61 40
54 94
63 40
41 57
87 48
96 48
15 12
77 60
54 88
63 60
46 40
83 6
72 51
62 16
88 66
6 12
18 25
71 76
30 40
32 36
3 20
71 93
68 57
74 71
1 46
96 28
3 71
58 40
11 16
27 41
81 75
61 29
93 36
39 19
9 44
65 93
26 29
58 45
83 52
90 78
62 59
20 23
90 21
84 36
11 13
60 4
31 73
50 59
52 14
10 6
31 90
56 86
37 5
12 22
21 82
82 41
39 22
70 25
12 21
8 22
86 76
79 2
2 81
59 35
2 40
28 61
25 41
48 2
14 61
65 32
23 46
77 65
54 5
55 30
28 35
46 71
41 31
19 57
12 45
32 52
9 73
2 72
49 19
18 6
47 30
74 17
57 89
57 48
88 94
27 51
72 54
20 73
41 36
97 37
90 84
36 64
89 52
44 26
16 4
30 39
18 30
37 44
67 9
19 11
97 64
56 99
29 99
82 18
76 3
62 77
94 32
20 72
13 69
64 15
78 52
70 21
39 43
41 87
81 84
74 53
99 57
66 77
68 59
19 75
82 11
44 75
53 97
58 5
26 65
27 47
42 100
62 73
77 52
66 41
25 52
73 25
68 51
47 46
26 56
45 2
40 49
47 18
88 56
81 80
38 41
33 35
12 98
59 49
69 100
43 54
68 74
76 19
27 31
35 72
76 13
78 47
3 88
50 62
97 19
79 89
47 96
49 88
57 6
95 89
20 18
81 60
15 35
61 76
46 77
73 29
47 61
31 68
79 18
11 97
52 17
92 100
23 2
40 35
24 97
90 76
6 64
2 77
21 13
87 44
2 95
58 93
68 77
20 93
66 68
24 34
98 89
15 36
9 37
36 33
30 42
60 33
47 24
33 80
82 20
41 47
79 96
79 85
9 81
35 53
9 51
61 53
57 29
80 92
83 19
41 67
8 80
7 31
76 8
19 31
14 20
31 67
70 60
28 87
53 7
19 55
37 4
95 9
29 52
6 25
25 48
47 2
83 51
34 60
86 27
91 82
9 83
32 25
82 31
55 95
94 96
69 48
63 87
15 99
13 75
75 35
48 52
45 83
6 75
16 63
30 87
30 69
55 99
18 73
17 100
78 27
5 74
43 8
57 8
56 98
49 26
29 28
94 48
74 96
71 10
76 42
76 11
74 21
93 85
68 56
36 59
5 45
52 88
76 85
30 44
55 74
4 70
81 38
66 72
47 90
29 31
97 72
85 65
23 45
45 72
7 41
65 68
44 84
70 75
60 57
84 86
50 51
53 63
29 10
31 47
40 25
4 29
36 27
29 97
98 48
59 3
62 14
19 18
22 48
13 46
33 49
91 80
31 21
35 78
71 5
71 19
100 81
41 3
100 84
7 81
42 87
5 82
97 100
61 20
15 67
18 96
82 40
12 47
47 89
39 62
96 3
39 26
62 98
83 89
80 24
26 61
14 8
58 30
22 82
72 82
97 27
36 74
69 35
96 68
34 35
37 15
39 100
7 97
81 8
64 1
40 37
26 10
91 69
92 84
95 51
76 93
42 81
20 16
30 45
51 82
80 83
100 31
57 76
94 55
89 26
97 55
3 93
62 56
41 53
88 10
24 3
67 62
97 58
69 9
1 29
95 62
6 67
80 99
1 21
38 64
19 98
50 74
32 49
82 83
28 54
60 75
38 65
99 7
49 99
91 9
97 16
93 56
49 62
27 72
14 64
60 42
37 94
57 15
63 88
47 69
2 8
63 38
86 37
45 56
43 67
33 46
72 55
87 46
85 34
40 69
3 98
2 22
46 31
88 50
64 82
32 92
33 22
88 31
76 70
76 48
40 4
17 1
90 63
96 82
43 31
16 85
15 89
45 67
55 10
43 90
41 2
2 20
15 25
13 90
91 4
82 53
66 65
93 34
71 18
37 41
36 81
84 83
50 53
3 15
27 90
3 60
76 60
12 24
3 79
47 98
31 61
97 4
100 30
12 7
79 46
7 17
11 6
57 51
14 42
89 25
77 45
55 15
34 50
63 10
12 77
4 77
67 14
35 11
61 33
74 78
66 16
75 46
28 50
99 26
39 48
74 6
26 94
74 60
51 8
17 8
7 52
63 71
6 13
96 21
81 58
99 8
93 98
70 98
74 75
56 81
59 51
92 86
54 61
59 37
18 80
80 70
4 14
17 48
70 17
80 21
20 64
83 3
42 32
3 46
67 69
77 63
68 88
55 33
46 17
38 32
63 62
19 66
2 12
86 100
45 97
5 14
94 30
22 68
4 33
61 42
19 4
39 5
34 80
93 30
36 45
57 50
25 100
32 11
11 83
5 50
50 81
63 97
97 39
23 9
64 63
44 100
40 85
37 14
27 11
93 51
17 5
84 31
3 2
14 49
79 68
77 28
65 19
12 36
34 82
30 82
13 33
25 5
35 45
6 94
7 65
74 1
74 9
66 46
20 71
57 63
10 77
95 91
55 17
44 55
23 13
63 23
42 72
56 54
74 10
47 51
47 34
7 26
18 31
12 75
63 2
60 86
51 52
63 49
62 30
23 82
15 2
4 63
94 63
82 33
2 74
38 23
12 84
29 8
78 44
36 7
73 97
27 77
14 55
90 77
61 46
60 91
82 24
86 39
21 29
95 90
10 27
81 29
12 57
2 53
93 7
69 99
86 11
96 75
20 76
75 29
87 47
43 86
16 95
63 9
93 16
83 24
5 40
42 46
15 74
53 83
24 56
5 24
16 41
73 17
45 34
46 90
32 6
33 87
17 15
52 47
91 85
56 71
35 97
2 57
27 83
25 8
24 17
37 66
54 64
22 23
25 84
50 61
30 60
45 28
65 20
51 58
55 37
77 75
34 88
51 74
6 40
57 64
73 12
40 15
28 18
36 22
95 83
71 81
94 70
93 61
31 40
31 38
69 65
48 45
43 13
65 13
53 98
58 78
94 71
21 7
83 17
56 4
27 19
35 3
97 77
47 74
96 12
60 95
57 34
39 65
80 76
88 22
3 86
31 44
74 92
69 73
70 67
40 9
70 99
14 80
56 9
19 29
83 57
5 23
31 32
100 1
97 61
87 21
32 64
31 6
30 36
8 97
16 70
46 85
46 93
63 43
93 84
37 79
32 47
38 90
85 89
20 98
31 70
78 60
65 78
77 73
85 68
55 35
5 95
20 38
80 40
2 33
81 64
94 81
6 38
80 13
66 23
73 27
59 19
79 63
75 71
76 63
43 91
86 69
75 76
86 61
24 8
40 26
81 53
85 98
45 85
25 33
49 54
77 64
38 1
48 24
67 54
78 26
21 55
57 7
34 52
25 12
70 88
80 47
25 78
93 55
81 14
73 7
25 99
13 60
43 32
53 21
30 80
75 56
11 23
97 36
14 60
30 72
10 89
65 23
62 43
22 14
65 86
92 58
77 43
5 3
62 70
30 71
88 1
36 65
90 66
76 73
23 49
23 39
93 38
40 78
83 78
64 59
35 64
52 71
18 37
22 9
89 74
68 10
56 49
20 8
68 32
92 50
90 33
87 71
46 60
59 16
82 63
21 83
86 1
90 54
31 5
9 55
73 63
92 45
95 68
78 94
49 78
94 67
16 26
50 85
49 60
80 73
92 64
22 62
78 64
34 64
7 32
30 35
49 42
21 72
65 94
12 82
5 79
73 75
35 1
93 14
44 52
66 52
54 35
89 36
76 9
9 75
81 66
11 66
54 27
62 38
66 29
39 13
78 100
36 91
34 41
43 93
40 50
16 71
77 54
20 26
15 31
69 16
68 9
3 30
18 22
54 78
51 53
98 87
73 54
100 35
67 13
97 82
72 19
3 92
59 1
68 67
99 87
90 85
78 77
90 40
51 69
6 95
59 46
76 46
14 82
38 68
13 89
10 43
34 38
89 37
34 31
21 54
41 5
95 61
33 70
66 64
58 80
37 56
46 43
39 6
27 25
65 56
35 90
31 87
39 78
46 26
83 4
31 42
77 67
15 98
14 94
81 72
91 86
43 2
23 54
24 9
59 41
65 50
27 63
100 22
68 11
27 18
2 42
17 11
67 47
49 21
53 14
71 77
83 85
97 22
90 67
76 64
72 76
88 57
73 93
42 70
79 88
13 79
96 31
6 90
8 35
54 66
27 92
38 67
97 95
73 60
45 70
92 72
82 45
76 32
48 67
84 32
20 74
71 79
97 94
72 39
34 76
53 23
96 19
72 58
20 36
56 14
30 97
38 96
16 37
89 16
49 15
79 24
68 91
62 57
10 97
43 16
50 71
40 17
78 19
2 26
40 33
45 20
51 19
94 3
69 78
38 13
42 3
92 44
100 18
34 44
71 14
85 77
63 55
34 3
79 77
63 33
99 97
55 50
30 65
26 51
4 62
28 93
9 72
8 91
93 49
100 24
28 31
81 10
24 33
70 27
77 99
5 92
31 16
39 29
35 79
64 80
27 48
71 26
13 85
100 70
90 57
77 31
7 59
29 44
1 19
12 35
68 43
4 39
13 45
48 42
31 93
81 33
36 92
55 98
54 16
88 4
46 52
39 54
56 74
18 15
21 48
67 24
75 95
21 66
85 37
54 100
52 61
21 78
18 51
70 57
40 53
41 90
10 82
63 96
26 24
49 67
42 8
54 38
68 40
1 15
42 39
63 12
17 42
99 82
97 47
62 97
74 63
65 74
79 21
21 98
19 54
83 34
56 18
65 35
44 35
88 93
79 98
25 60
55 64
100 11
11 89
85 14
42 55
49 76
79 43
23 34
69 52
50 30
83 92
15 41
57 85
36 26
21 5
78 17
3 47
88 71
51 13
34 16
56 17
80 88
28 91
19 48
4 1
23 24
43 89
86 54
15 94
72 84
63 83
73 100
85 94
46 48
6 71
2 96
87 50
