40 100
40 7
8 7
10 24
3 4
28 9
16 7
29 25
34 33
27 38
34 28
28 30
37 11
22 19
12 15
10 22
2 1
9 24
27 14
32 9
16 19
23 22
28 26
27 17
14 4
32 7
7 6
20 36
13 38
37 21
22 31
9 4
6 30
34 10
18 1
12 25
36 12
19 5
19 23
5 28
28 8
35 36
15 17
12 23
37 29
36 1
21 1
30 27
6 5
24 11
6 27
38 18
27 31
17 31
32 15
26 10
18 14
34 11
20 3
19 28
23 7
12 28
38 15
9 14
25 31
10 33
39 40
5 9
18 10
30 14
38 22
38 11
19 21
11 29
28 14
21 6
7 33
19 15
17 7
40 10
34 39
1 38
9 2
37 9
17 38
29 15
1 39
13 31
23 11
36 22
37 33
18 29
15 13
3 22
30 13
32 35
34 27
37 27
35 11
17 20
33 4
