20
2 3 4 5 6 7 8 9 10 11 12 13 14 15 17 18 19 20 0
1 3 4 5 7 8 9 10 11 12 13 14 15 16 17 18 19 20 0
1 2 6 7 8 9 10 11 12 13 14 15 17 19 20 0
1 2 5 6 7 9 11 14 16 17 18 19 0
1 4 6 7 8 9 11 12 13 14 16 17 18 19 20 0
1 2 4 5 9 10 11 12 13 14 16 17 18 19 0
1 2 3 4 5 6 8 9 10 11 12 13 14 15 16 18 19 20 0
1 2 3 4 5 6 7 9 10 11 12 13 14 15 16 17 18 19 20 0
1 2 3 4 5 6 7 8 10 12 13 14 15 17 18 19 20 0
1 2 3 4 5 7 8 9 11 12 13 14 15 17 18 19 20 0
3 4 5 6 10 12 14 15 16 17 18 19 0
1 2 3 4 5 6 7 8 9 10 11 13 14 15 16 17 18 19 20 0
1 2 3 6 7 8 9 10 11 12 14 15 16 17 19 20 0
1 2 3 4 5 6 7 8 9 10 11 12 13 15 16 17 19 20 0
1 2 3 6 7 8 9 10 11 12 13 14 16 17 18 19 20 0
2 3 4 5 6 7 8 10 11 12 14 15 17 18 19 0
1 3 4 5 6 7 11 13 14 16 18 0
1 2 3 4 5 6 7 10 11 12 13 14 16 17 19 20 0
1 2 3 7 8 9 10 11 12 13 14 15 20 0
1 2 3 5 6 7 8 9 10 12 13 14 15 16 17 19 0
