1500 762180
9191 9502 1503 -4970
-633 -8732 -5615 2160
511 -4447 -6697 -7863
845 -1666 1794 -281
-7873 2413 -5558 -9750
-1544 -5523 4265 -1985
-4910 7816 -6457 4820
-5756 -9888 -8010 -4632
9443 -630 -545 5774
5581 -2405 -1253 41
-6877 5731 -9305 -7399
-7720 5624 5940 -4454
-1209 -4076 1756 967
-6231 8577 9465 -8024
-153 4244 -8201 2146
-1138 3576 -821 -492
4386 1163 8094 -3869
-8877 8015 2892 2386
5132 -719 -7674 7855
871 -7565 1697 -5111
-2098 6007 2531 -7836
-3552 794 -4938 -6137
-2825 -9548 -6733 -6138
-7893 1580 -2779 8290
-670 -6519 9385 757
-9027 -6573 -2816 -2762
9267 -5934 -2370 5872
582 7957 -7708 -4938
-6256 -6473 9677 895
-6715 -2309 -9035 7559
5409 -1741 -4676 986
9346 7923 -1033 -9199
4725 -1949 294 -6910
1592 5675 -2816 1983
-3692 -389 -7105 2676
-9596 1721 -3717 -7074
-7709 -6462 -8405 8949
1977 -7310 8939 -9593
-1621 8481 -9887 -8520
8953 -147 -4572 8977
6883 -7622 9596 -8493
-853 3064 4166 -6485
3008 -4827 -4968 4523
216 3346 -1170 2100
-6720 -4119 8058 187
-942 7663 -7009 5092
-9180 -7706 -7228 -9614
-8728 1400 -93 -5502
-9743 1775 -8799 8404
-4789 -1617 6578 -7886
-8664 -8786 -5327 4232
-8686 1843 -5856 -2919
-6798 -6517 8 9284
-9633 -1595 4324 -5504
3589 8729 -5199 -1891
-3098 -3594 -7145 8869
-9180 -7260 823 -80
317 3096 8569 3992
-1660 -7540 -5477 -6933
-5453 1221 5834 5664
-3297 6542 -2934 -6677
5103 -9341 5145 -7983
-1810 4055 -8396 7361
-5795 6959 2167 7002
-5714 -7123 5355 -4111
-4785 1876 2714 -6251
5624 -6666 9052 4603
1237 5780 -4316 5627
-3508 113 -3774 -286
-4263 -6405 9686 -3346
-4168 6388 7363 -5695
-7955 -2014 -1648 -4895
5748 319 -3486 -8101
4671 -1892 3958 -2913
-3754 -2036 -9495 1410
-6615 -6800 -4799 5451
-4992 3973 -6594 -6262
1451 -351 -7928 2155
577 -3751 1524 -1168
-6105 1574 -4766 -4936
-7440 -6389 7205 6022
-4372 -7077 -4866 1890
-679 -2860 -1164 983
-5456 -2116 -2461 6230
-1282 1114 1987 -3934
-4158 -7679 -7630 1067
159 2201 6525 2321
-1296 -5392 -3131 4539
1452 6861 -5349 -3479
-3703 2812 -2187 400
5766 -698 -1410 -672
6216 -7339 -9325 8344
-4215 -1035 -5594 1533
-4726 -5183 -8557 -9858
-5143 -7108 -104 -2707
-209 1691 -9399 1239
-9991 8596 5168 558
-7439 3045 3332 -4482
-8172 -4298 -3239 -5186
-2345 -4157 4405 -2772
6639 7601 -8116 8650
-9619 -4398 9826 1544
-7000 -8614 2110 -360
8912 -2679 -4371 -8897
-803 -4638 7772 851
-1336 -1980 7795 -3962
-6623 3906 4511 -7621
-6049 -3666 -1511 -8731
-948 -432 -8147 1287
-9871 -5741 -3345 -1949
-6661 -4287 -1450 6989
3772 2534 6931 6169
9651 -9422 -9284 5101
-9538 -4584 -9743 -345
2098 -2613 2846 -5276
-1940 -9206 9441 -6943
260 5179 -4205 -5535
-3873 -3820 3553 1327
653 -546 -9124 -8794
2643 -5475 -8206 -7509
-5040 -1686 -3841 -7193
-6848 -8929 -7755 -2491
-8553 2610 1338 -6425
9818 -7125 -5940 2515
-7927 -9742 -1685 -5602
-8447 3025 426 3893
-8469 -3985 9847 -9358
-3144 8365 -9783 5874
1068 -9561 1538 -4907
630 602 5611 -8808
-1410 9679 -2048 -2218
5059 -7268 208 1663
4844 -3414 -5107 -260
-8200 -1674 7155 -4977
-9828 -1449 -1530 -20
8125 -6099 8676 -9317
-9705 -1234 9203 8311
-6269 -1473 534 1321
6525 -5340 -7343 -9263
1459 -5841 -6358 4959
8100 -3630 -6738 -2090
-7368 -1233 -6024 1829
-7047 2279 -5302 5889
5934 5704 -1336 -2133
-7836 9759 -9481 9633
-2853 -1763 5431 2615
-2727 -7111 -8883 -4600
-461 8558 4044 -3460
-8837 -8514 -7254 -1091
2190 -1563 -5965 -6598
-4608 1285 1404 3954
-1112 1549 214 -4315
-2953 -4758 -677 -4799
173 -3583 -4995 -1650
-6913 4659 1459 7373
6620 2028 2547 -995
-6190 -9551 -6197 -5588
9351 -5916 -5960 3081
-8954 -365 -9367 -2340
-1449 -9131 -2490 2589
-6476 161 -1924 -3620
7283 -4716 2132 2207
-8118 -6429 -9367 -5009
5871 40 -2085 -778
1906 1587 3196 -2569
-2326 -2742 3060 400
-6826 -5984 8038 800
-7217 -525 -5196 3074
4505 9148 -3284 -2404
181 -5887 -8445 -5628
4680 2580 -8839 -9162
-4890 -1001 1011 -7840
8418 2574 847 -55
-515 8423 -6106 -5732
-1332 -2371 8507 -4195
-4243 -3290 1081 6031
6179 1016 5514 -9359
-1162 -7352 -4380 -3839
509 -5600 -1144 9929
4498 -6099 1833 -870
-2690 -8551 -690 8078
-9951 1120 -6414 -6341
-7820 -2215 2117 -821
-1177 -2642 1812 -1213
-9374 -4106 918 1273
-1265 -4702 -579 -4257
-869 -8021 -2922 -6415
-6989 -2413 6059 -3597
-7482 -6722 7987 9132
-9242 6579 -1939 44
592 -3189 -7 -2104
-35 1199 -9796 -3621
-4808 1755 -7945 -475
-4094 4175 -3486 2451
6402 -4205 6984 -1695
5471 1040 7703 -6336
-9406 -8815 5877 2507
4616 -4893 -9286 -2100
2902 -34 1176 2661
-481 8024 -6975 -410
-3091 6848 -6826 2178
517 5125 -3161 -3837
-9191 -9733 -6424 4947
8563 5000 -7775 -8899
-6594 7967 -8347 -1461
-4860 6313 5906 -4663
-421 -7570 -1555 -6354
529 9424 5236 1247
-5551 -6374 -465 -7848
-1058 -6407 -7128 -6136
1361 -4275 -6358 -1902
2346 -5272 -4697 -371
3403 309 2453 -2241
749 -2190 4523 7620
8284 -4040 -7226 -7353
2972 -1149 6346 -2866
9161 -3121 -4977 1791
-4442 5215 1949 3775
-9258 3300 -6927 -137
-9496 -8420 -1727 1021
-4335 1945 -4791 -1649
6022 -5377 3228 -4290
-8410 -4930 6885 -7271
5264 5246 18 3379
105 -1942 -2260 -3196
-75 -6848 -8081 -9240
8409 -3154 4959 2479
-6651 5182 2569 -6816
-1806 -6020 -3093 2152
-1850 -699 2333 -8734
-5251 138 -8072 6496
707 -4167 -4345 -9541
-2325 -3667 -1236 -1912
-260 -7589 9430 5419
-5479 9788 -3540 -9959
-7739 1374 -245 -365
-1829 9586 -1222 -9428
-1116 -4926 -9883 -1073
-6987 -7882 -7707 2353
402 3543 -2163 264
2789 -134 -6036 -7922
9947 -9660 -8752 -2104
573 -1769 -2873 -1344
260 6885 -6887 -7453
-9633 -8660 8018 5198
-7908 -1769 417 1832
9763 649 -7038 4860
7761 -1623 -9685 -4020
6848 -9861 1169 -5722
-7047 2567 3199 3273
233 -4002 -53 -6636
-3906 1508 7974 -552
4090 -5957 -3921 -7429
-1500 1681 2382 -4556
-8176 -9525 2899 -472
-3817 -8981 9671 5816
397 -6723 709 -5737
-9569 1496 -380 1431
-1460 9936 -1556 -9241
-7967 -7843 5335 -4937
-2966 2485 -6511 -3658
-9243 6079 -2159 -1042
724 7247 -6612 -2862
-1743 -370 -9508 5242
-4036 -3340 -9440 -1355
5591 4161 800 636
-7028 -7156 1522 2501
-6058 -5379 -4133 -5038
-9892 -1605 9395 5912
-8353 -5257 7535 -5837
9161 2632 -8934 -3451
-2776 8351 469 -1914
622 2740 1299 2294
-8990 9930 3199 781
-825 -3644 8019 -7636
-7869 104 -2908 -297
-4939 1345 -8080 -1696
-1330 -5069 -2148 1520
-5779 -2880 2882 3642
-5211 -578 -8918 884
-2578 174 -4751 3034
6989 9224 -5261 -4783
-9627 6380 -2981 -7143
-8347 2372 -598 -3873
1032 -4488 6270 -3489
-7919 1353 -6458 -4532
-1531 -7441 8911 7647
-1261 -5720 -6891 -2208
8697 -4047 1074 1026
-1889 2481 -5988 -2463
-6582 4510 -9073 -1051
-9610 8401 8672 -3218
2750 -3022 -326 -287
-4242 4146 -1145 5274
-8639 8051 -8557 615
-2218 -4679 -6223 -9613
1111 1752 138 -6547
-7579 -2396 1070 2702
-4907 -3668 9177 -9719
-6415 8234 -8100 -3837
-3630 -2048 1970 -6064
7554 -7248 -1860 1727
-8940 -8242 -3585 -5057
3564 7153 6690 3261
-9854 -8103 3785 1459
-3919 -5071 -3089 -1303
-3411 -8100 -6798 4784
-1734 -8340 9403 174
-4551 -1909 -9876 -5583
848 7428 -5371 -1850
3279 -3443 -5309 -8155
2986 -6481 2655 -6080
3822 -1017 -5783 2336
-4454 1348 -4396 1795
-495 2175 -6495 2080
8124 1989 -876 6395
-6274 -1915 -1882 -2354
-5020 -3194 -2783 -5025
72 6812 -64 743
326 924 5234 -5897
-9076 -9719 9860 -813
9417 -5127 12 8402
7034 -6129 -8526 -3796
-1987 7073 -5621 564
-1874 -3982 -4698 -2955
-2224 280 -1879 -2892
7698 -5080 -6720 -782
-9016 -6062 -3205 3224
2482 -4400 -2839 5049
7301 -8201 -4002 -59
2121 -5364 -7081 -3576
-6054 -5541 8344 2266
-549 -7133 -1660 -1016
-113 -1579 -6521 -677
1227 -7282 -5196 7333
1792 -3147 3919 -9276
6737 -4878 7184 8610
-4834 4736 -5441 -7898
-4406 -8797 -5155 -54
-9374 5904 -5124 1989
-400 -4046 3148 -145
2410 4959 -1659 1579
-5781 -8049 -2691 -3181
-3966 363 -936 1104
9696 6505 -2659 1474
-1859 2662 2104 2415
-9282 3726 -3182 7198
-5145 -4173 -9083 -1953
-7601 5100 -6147 -2203
-4797 -5891 -4185 -8184
-4668 -7797 -16 1410
-3729 2734 -1041 -2845
5693 -6693 8715 -9243
223 -5238 -6534 7907
-2613 -583 -2176 -3428
1581 2588 8086 3649
-6178 8899 6416 9294
3151 -1395 -7009 -8106
-1995 9504 -647 -7918
-9419 -6401 -5203 -7278
-4340 -7745 -1038 353
-3965 -6470 -6696 7596
-1969 -549 -6269 -196
-1454 1660 6481 -5943
-6226 -5298 -5888 -3048
-8149 2373 -4243 6949
859 -8791 7424 9970
-6422 1942 -1487 -3478
1842 -5220 -7267 -1231
-5655 4257 -1824 -6209
9323 5038 -3140 -6657
-7250 -1131 -844 -6078
-660 2237 -8146 -8347
1631 1075 -9820 -8027
-125 -654 -1493 -8856
-7107 -5069 -8807 -8533
1493 1154 8457 -7076
-6659 -6281 4 -2118
-2260 5132 -488 1799
-6431 -6135 2032 2732
-1176 -9717 -8988 7807
-6512 -191 -1962 -4727
-1356 -8708 -6533 -3872
7192 8212 -4090 6511
2734 753 -5452 -3312
-4314 -4806 5954 5492
-4401 -8511 -3264 -5803
-484 -898 -9889 4664
-7054 -3040 3240 7691
-2268 866 -4829 -8005
-9855 4422 8492 -2872
-8705 765 3437 -3736
-4257 5642 1557 -9234
-4183 7952 4546 -6455
8173 188 -5680 -1372
-7856 -7469 -486 -2655
-7343 -1681 -315 -6656
8550 2405 -1860 9123
-7602 3330 6865 -6797
7911 1930 -8868 -291
2975 -2403 -8437 4370
-3001 -5258 2 3884
-7666 -1996 -2301 -4326
329 -9183 3861 1397
-6922 -8989 -6692 7739
-6099 -2227 -1500 -788
7582 -4711 -1804 -3342
8282 -6069 -9785 4532
-8281 -4798 -8259 -9118
2688 -5151 -7892 -281
-9952 1737 59 -2064
-3968 -4609 -1190 5299
5893 -1977 475 -2722
281 8860 -6997 1764
9005 1161 3329 -127
4002 976 -6328 -6740
-5353 5988 -1258 3198
408 -1074 3243 -1757
-6183 -1561 570 -2375
-1201 -9125 9577 5427
7682 -7611 8226 -984
-6513 -4831 -1707 402
-1305 7468 5 6816
491 938 -116 1248
-9461 -2605 -7450 8629
3173 -4052 6016 -5251
1174 1270 2735 -3298
-3281 5658 1458 -2774
-5360 -5730 3345 -3384
-6328 -6850 1871 4532
1132 6788 8389 -5020
-8704 -1991 -171 1859
-1469 -6328 -9053 6508
-8655 2371 -387 2552
-6842 -2638 -1842 -176
-6668 -2499 -5781 -5950
-6533 -5943 -1050 -4720
6722 6745 5675 3681
752 -4833 -1877 1161
-9456 -3016 2684 -9912
-7516 -9920 -7573 7891
-1863 1439 -6059 -6291
-5439 349 1468 -821
7675 -3262 -4851 -3948
-3868 2063 -5676 -5226
-9196 -6680 -461 -784
-7959 -4072 198 5657
1551 1798 -4259 -9038
4296 -7431 -2345 718
-2316 3460 -6336 2784
-9928 -7204 -4370 -208
9216 -1361 -6826 6443
-7200 5666 4356 -8351
-140 -1059 7459 -8316
-5248 8778 3058 -2337
-3995 -3950 8216 -1079
2467 -8870 2628 -9432
-9998 -5787 -8194 840
-1739 -6182 7409 -7242
-3210 -4586 6764 -4781
9144 -1936 -9667 -4155
-6136 -5957 740 -1800
-7642 2645 -3041 -8287
9077 -2308 -2703 -5603
-3599 -3427 -2839 -4700
-5133 566 -6333 -6870
909 -7811 6281 8175
-8373 -1079 -7889 -8236
-2702 2024 -8291 647
-4106 -6383 -3299 -8337
-1620 -5686 2412 1161
-7964 -1763 -807 1002
-1978 -1188 9203 -7925
-4762 -3494 -9177 2995
7562 5022 -3642 -6923
-2339 4658 1629 -5713
9401 -8936 -9209 -2806
-320 -7987 1227 9039
-5834 1416 -9568 -2217
313 -2030 -5786 -6595
1289 4434 -6146 8109
209 -1634 4250 -6094
-9987 -2417 6831 4993
-7225 304 761 8578
1128 -7775 -6715 -487
5342 -3243 1156 7879
-8760 7725 -7181 283
-5167 -2632 -5301 5125
-426 7764 -6605 1825
-6165 -6879 7883 -4234
-2107 9870 8149 4360
9825 -2463 -3905 -6539
-6012 8756 -4111 1708
-54 -6472 6639 -9457
8854 337 -2390 -7832
-8737 3333 -3780 -7702
-2307 -2808 2264 -7329
134 2614 -6415 -7047
-9017 -5127 -5833 1652
-7641 -8023 5506 5323
-45 -3225 -6014 3738
-4786 -1364 -3407 9106
-5812 -1097 -4010 2667
-6638 -7183 4741 -7772
-8050 8975 2650 -6618
-2056 2313 -955 -5078
-7244 2713 -6494 -9809
-7361 -509 3365 -4975
-1237 -2353 4816 -5477
874 -96 -7011 1722
8286 6176 906 -246
3804 3044 -7458 2280
9996 -9230 -9350 7359
2480 -8948 251 -2478
4619 -7748 1580 -1990
-4811 -4979 4158 6936
3858 2347 -1672 3769
-2571 2708 5311 -9292
-3853 -692 -896 -7017
-6874 -1212 -2597 2607
2461 -8933 -7276 -137
-3175 661 -6576 5413
6013 -7527 -8257 -6870
2300 540 -2904 8697
-1411 9000 -803 7910
-652 -6661 -428 -5908
-7952 2671 -629 -6150
-6615 4661 3394 -1123
7321 -2020 4612 1383
3601 -6466 -308 6991
-5401 -364 -6907 -6380
-8557 -8722 -8237 -6961
1728 6780 -7873 -5621
7160 -5587 -1622 -1848
-8027 -8474 7846 -8855
-6812 -9223 1816 -3354
-5106 1143 -1431 -1758
-3533 -122 -5973 -6225
-4281 7724 -6093 3654
-5103 -2744 9059 8682
2266 1099 -4763 -9185
-9906 2621 -5332 -8011
-9865 1499 513 -2068
-7941 -9518 2351 -2504
-8836 -4762 -3601 -407
-9841 -6574 1209 -4240
-4921 7303 44 -6787
-2936 -1275 -9471 -3991
-6797 -6190 2624 8352
-5846 -8350 -2882 -6477
-6459 6313 -3627 -7187
36 -6267 -8890 -4495
-295 -4011 -9648 -4546
-6653 -9187 1479 -2193
6504 -6539 -7281 9928
-5321 2445 -9524 -7227
-5073 1963 5893 7592
3275 -8348 -4615 7935
-8009 -7494 -413 5738
1221 -5383 -5577 7738
2722 8712 -7346 -3798
-9552 -4092 -5750 -702
8361 -2800 -1253 -1786
1104 -3142 7798 -8723
-2765 -546 -3122 -7548
4162 -2992 -2619 982
-5110 -2719 337 1177
-6427 -9769 -5807 -8276
-4115 1023 1925 -6995
-535 -2381 -7280 6442
8555 4724 -9544 -1507
-6119 -3444 -3956 -7833
9121 5185 -3798 773
-9950 2042 -8731 6624
2351 -4420 -6502 9772
-1207 -5400 1225 -6182
-3042 2685 -1969 604
-5115 6125 -1929 -471
1542 -5649 -8707 2948
-9300 3061 5925 -6516
-274 -2391 2166 -7062
9604 -6449 -40 5873
-4765 -2079 6098 8260
456 1661 7354 -2842
-708 -8599 -164 -3361
-9125 602 -8184 -1689
-8998 -9898 9439 8668
-1603 9016 1718 -9590
1873 -8539 -925 -3126
-5862 -8445 1072 -7155
-7041 6145 6042 -5025
210 -616 3708 -215
109 -8152 -602 -330
3162 -2152 -8382 -8351
-5498 -470 -2634 -5312
-2721 -6187 -5517 5547
-5981 -6488 -5798 5913
7358 4020 -6066 -1480
-7334 -2109 1483 2522
9246 -3465 -7876 2537
-6932 -5325 494 -7485
-5754 3559 6519 -7016
-3596 5395 -2642 -3037
-9119 3212 4582 -7660
4134 6193 2300 4384
-810 -3297 8358 -3421
-1742 2455 -4133 -8367
-8653 7233 -3413 -7463
-5334 -4358 -3306 5947
-1167 9661 -6640 3255
-4948 -1734 -9340 -3968
-578 -637 -4076 -3661
5133 -8755 -4936 153
6114 -9550 -6920 -3622
-4123 -8914 335 -5448
-4409 9643 -6546 -7439
-6836 -2558 -929 -7751
-2820 -3901 -3226 6280
-6386 -3235 8824 -9817
-7379 944 -9032 -640
-5134 -2243 9208 -8318
2464 6053 8152 -3249
-1338 594 -8786 -9722
-2166 9463 -363 -8136
3896 -568 -6549 -8716
5790 -6264 3224 8942
-7220 -7348 -969 2540
-1852 -572 -4646 1354
6419 -9251 -6758 -4800
8348 7733 -3912 3218
3740 1289 730 -1877
5505 -1808 -8764 5071
-1840 -555 -436 -4543
-3123 1310 3684 -7565
-9432 -1405 -3392 4455
7043 4992 -6590 1696
515 2470 -9724 -2812
-1557 2327 8808 7693
-1603 -8849 -2320 -2403
-9454 8142 2486 2467
5266 -3173 1746 -1530
650 -297 -8239 -7643
986 -1449 -7773 9322
-5682 -2475 -5282 -1959
2421 1479 -7482 828
91 -3774 -5455 -6329
-2927 652 -4692 -1398
-5289 -5929 -9503 4207
-9410 -1527 -2424 -4099
-9626 -9384 -6524 8164
5651 -7404 -6066 -3118
1059 -4239 3117 1681
1428 5774 -5499 -7866
-859 -4167 871 6191
-1112 -7782 -5526 4384
-382 -3824 4784 -1365
-7837 -22 -3855 -8803
-3063 -1696 -2398 -7729
2564 -4473 -2138 -5765
-9838 -1016 -931 -225
-887 -4169 -5383 -2210
4880 -2584 -9746 -1028
2328 -3000 -1309 -9145
-1037 -3277 -6136 -1857
2630 1985 3664 -4335
-4000 4310 -1712 -3974
-7024 8157 -1841 -7996
-8434 -8873 7454 669
-2643 982 -7943 -8694
-8316 -3360 6642 -1508
2165 -7114 -8457 2576
-2307 -5872 1954 318
-6836 -308 4151 -1848
-7338 2391 2112 -7087
783 1356 -486 5388
3612 8401 -2159 -1020
-2465 -853 -3913 3156
6447 7375 -9766 2024
-2256 7567 -8763 -5733
-9709 -8317 7127 1725
-1147 -5828 -8327 -5616
9568 3432 -1177 -3733
-9130 -6772 -2996 2737
-7358 8940 -4843 -9702
-5393 5812 -5392 -2290
-1355 452 -2466 -9531
7720 6000 -8045 2056
-3429 5396 -5690 7077
2809 -7772 -7748 -3440
-4967 -1136 -8147 2438
268 5592 -9001 -5630
-283 -1887 -6433 -8553
9532 -6598 4309 2485
-3192 -6020 -4632 668
-1225 -3752 -9698 -2528
3275 -9962 -943 1434
-5355 -5255 736 -9029
587 -4281 -6051 -3641
-169 -9754 -7913 1750
-3596 -4159 -5221 3222
-9550 -3706 6770 -5531
-4131 601 496 2842
-6909 -8470 -9350 1130
5255 230 -5230 -9443
707 6032 -6247 -2268
-3309 -4635 4365 3750
-9056 -1487 -9809 1485
-8231 -1821 2110 -752
4452 -3776 1231 -4182
-659 -2291 -2926 -3329
-7134 -9037 198 -1737
7443 6853 -6835 -4400
-4860 -4356 134 -8472
-8265 9806 814 -6731
-8568 6428 -9600 2539
710 -7752 -8085 9731
500 4053 -756 7368
-8290 -5357 6051 -7233
-9537 -3891 2098 -7776
-6871 -8213 276 1851
-9723 7351 4385 -3021
-8792 -7957 556 -2090
-7983 -9302 1572 2802
2145 -2052 -7355 -9457
210 2286 -7238 7186
-9452 -2076 895 1539
-1297 358 -8452 -3649
-1283 2491 -8322 -210
5501 -2080 976 -9575
-3558 -979 -8730 -3115
1154 379 5088 3511
-9668 -6594 194 4619
1948 -5764 5318 -3907
-1001 -5788 -2486 -1957
-6052 -2395 -8486 -1479
1832 709 -5846 -6563
-1690 -4675 -4268 6056
3245 -76 -6774 -2382
-563 -3834 9613 -6887
-3330 8146 -7587 -7220
-4746 -699 2576 -2092
-2453 -3324 4945 2584
-3883 8983 -5439 2792
-5704 -11 3228 3611
-5833 -7231 -2654 8557
9603 -1437 2345 -7053
-9608 -7491 -3919 -2184
-833 2675 -5946 -6788
-1390 -3485 -9892 -2692
-8845 -6811 -6300 -6083
-5475 714 904 -371
3995 -4841 -6057 1251
-2091 -199 -9545 -5808
-5632 9555 -1245 -4029
-9407 1656 -8000 -8468
-8708 -6546 -6326 -948
-3824 4369 9844 4406
-6951 -5259 9205 -5883
-1606 3769 9017 -3311
-780 -5225 -4369 -1893
2292 2580 -8960 -8726
2065 -7033 -205 -6096
2993 -5880 -3095 -3072
-2530 -1309 -6905 -4362
-8080 8865 2791 -8360
-9577 -5986 9171 -575
-7916 875 -1289 -1656
8982 4907 1390 -5299
5629 1554 445 8078
-8439 4286 -7831 -4573
-2158 -7296 1774 3181
-3089 -132 -6331 5257
-6045 -6054 9536 3874
8500 4846 1357 -3112
1814 1650 -3783 -254
-9946 671 -5101 -4910
8694 -771 -1352 4265
-8021 2541 6038 4714
990 3699 178 -7692
-388 1116 -864 -5440
5511 -8062 300 9641
-1115 -5801 4439 -7633
-2169 3306 -3971 -5957
-4323 2324 1162 1031
1570 2479 -4159 -330
-5198 -858 -2609 -624
5121 -8352 -4595 6961
-4998 -825 -3846 1699
-7062 -5599 2287 -390
8896 -2807 -8455 -1037
-4656 -3056 -9596 8659
-2392 4183 -932 -1174
-6496 696 -9417 5662
-6286 3110 -5334 -4051
-769 -2037 -4493 -5457
722 -9750 -6542 985
-5708 4075 -5383 265
9809 -9177 -3154 4582
-3290 26 -3419 -7014
1098 -9432 -2394 -6148
-1105 2529 -7314 -214
-407 -4796 -4030 6160
5952 -6206 1191 2178
1517 34 4023 -7386
-4044 1089 5011 -4380
-2834 -376 -1563 -8584
-5171 6804 5930 -6762
-6632 -4834 6554 -5101
-1217 8952 98 -3710
-7148 9079 7853 -2331
-8230 -4061 4827 -1332
-6444 -6304 -7591 -7443
-1376 -4795 -550 129
-5938 4770 -2776 421
877 5088 -7178 -4898
-2037 -1808 -4917 -9743
-1787 3971 -8461 -6148
-2599 -5111 -5987 8898
1555 -8278 -8045 788
682 2619 -8932 257
-7660 -4512 4375 3758
-754 -3324 -7425 5478
-6157 -2171 -5564 2208
-2262 5917 -8956 -8662
-3129 9462 -2710 -6112
-7463 -566 812 -9613
-8374 -5282 -2326 5433
-1507 1228 -9126 -2182
-3022 -9467 -3663 -851
-6495 50 -9600 7709
-5465 2472 3583 -7556
-8936 -4335 6254 -3463
-3130 1435 7426 4102
-9778 -6697 -8191 4545
-1953 -707 -2000 505
-3574 -3915 -5134 -7722
-6664 -3709 3811 -6952
-257 -4344 -605 -8153
1501 5752 -7242 -6328
-7645 -2834 6038 -7110
4751 -9479 -2088 -8399
-5647 5651 -5302 -8931
4717 -3442 -979 -455
-3653 -1495 2665 -7080
-1865 833 9205 4248
-3768 -4271 -5097 -8945
2011 -7585 -4695 1307
-4668 -3631 3168 8367
-9719 -1621 7319 339
6145 2437 -4528 -5362
-3966 -1902 752 -5696
-9515 -6141 -2839 -1493
-459 -3970 -231 -2951
2605 -871 -1873 -4790
391 -2303 80 -5190
1490 -1325 6141 -4762
-3168 -2052 -3334 -2631
8870 -4974 -5009 -1319
-3443 -5356 5540 529
-9694 -9158 -898 3102
1904 989 9933 -9973
48 7685 -3605 -3500
-7043 -1273 -1591 1876
-6013 -4471 -542 2018
-4487 -7885 -9597 3431
7172 -6960 -3788 4597
3860 -8198 1596 -6134
-5982 -8352 1988 -1867
-8116 1808 -5950 516
-2628 -5945 -6742 6666
-107 1955 -2371 -2536
-9933 -702 -2800 -8883
305 -8960 -8750 -4944
-8091 -4730 1368 -3531
-1840 -293 -9513 2425
-4669 1497 6367 4992
48 -197 -1954 -2184
-5857 -6851 -3629 7728
-6703 -1900 -2685 -542
1914 6477 -9085 -8544
-6579 7697 7164 -3960
-5959 -3009 -1549 -47
-9538 -6608 2038 1889
-7252 -6741 -5970 -5430
-8648 -853 470 -425
-2141 -4440 -6329 -5293
-1852 -2432 -8980 -6858
2425 1991 -3931 -8897
-8201 -7477 7988 -2594
2332 5277 7492 -1298
-2527 3013 5137 -1424
-1857 7172 78 -7948
-7840 -449 3326 2425
1871 7429 3449 5193
-3965 -8635 571 -3632
-7543 -4158 -8145 5424
-6438 3469 -9542 -8359
7506 3671 -1977 -90
-7830 2588 8912 5228
8148 -7498 -2532 -5328
2803 -1671 5293 -3248
3275 -560 1037 -7678
-4508 1380 4497 4918
-8527 -8966 7423 4671
3167 -5536 -4412 -2223
-8150 -3473 -5512 -3762
-8695 778 2438 1257
6145 2122 -523 -114
-7191 -892 -3460 -2486
-3777 -3571 -1490 -8587
-5132 -6878 -3254 2519
-5192 -2791 -4405 -1786
-513 6960 -7116 -5705
511 -8614 3075 -347
-9880 -471 -2186 -3372
3666 -2867 -6273 -4636
-5232 -9301 5882 1179
-9540 -2659 5475 -5392
-542 -241 2338 9522
-8431 7654 -5344 -4043
-1608 -5262 -4881 9475
-2205 3125 -2000 2570
-4328 -8872 -4066 -9942
-1405 -9947 634 -4674
892 7622 -9399 -8202
147 -5644 -1246 6069
-329 2483 -8029 -8389
-4175 6564 -371 -3206
-8766 4349 6961 507
22 -4994 -6046 -2768
4532 398 -6772 -587
561 583 -5269 -6817
-7560 6808 -5935 586
-9644 4517 -2170 -717
1228 -9202 -6863 8180
404 9697 -5452 -4862
2750 2371 -9226 -700
-5505 -3936 -4831 -4128
491 -2913 2991 -593
-4743 -9366 -2064 -4280
-6874 7735 6587 8188
6293 -8821 -6826 8058
5539 -3240 -2293 773
1415 9374 -7398 -2088
-8753 -3376 775 -1156
6799 -4220 -2349 -6744
7231 6926 -6450 -4104
-4020 -161 -4149 -7580
7933 4802 -9754 -1519
234 -4503 10 -6890
-7427 -2419 -4551 1308
3112 333 -5097 -4962
-8774 2691 7630 -9046
-8366 4296 9628 -98
5024 4016 -7786 -5000
-297 3719 -4424 2396
-6132 -8332 -2683 -4854
-7861 -1446 -4909 9985
-5770 -1256 -5824 1732
-2095 1486 -9075 8823
-8994 -9570 7401 -1952
143 -5050 -9011 -6790
-2076 2607 -4369 1622
5783 -9663 2405 -6181
5097 -1431 -5420 -8424
-6873 1302 -537 1704
56 6401 1050 5220
-8861 -4957 -9925 -6055
-569 -7640 58 -1796
-3705 -5143 -9156 3054
-7045 -326 -9956 4008
2339 -418 -4096 -5574
3589 1578 -6806 -7571
-4514 340 -4535 -907
623 3560 -6754 2370
3766 -4792 444 363
813 -8689 -5954 -6489
373 -1828 -4948 -5051
-3022 4255 -1540 2337
1562 4560 -5651 -7138
-4120 -2530 -2070 -8148
9126 -3098 -7815 -5133
-141 -9700 -4257 -1464
-7862 -6519 -1610 -156
2434 8043 -6602 -836
4931 2769 -5901 -1969
2472 9037 8223 855
-6185 -435 -7238 6899
-6178 -5582 2676 7950
2033 671 -2307 2719
9434 5972 -3304 -4001
-5346 1551 -5180 -8289
-4107 1343 -6880 -5529
-4058 -553 1489 2227
-9745 -161 9992 7386
-1769 5120 -7771 1677
-3044 -4020 -2999 -5635
487 9637 -3214 -5612
-2201 8650 -2282 -768
-8360 -412 -3297 -2357
-3877 -3011 8451 5288
-148 3952 -3513 3429
-4143 47 -8103 -7070
-4129 -5456 666 84
5271 -5755 -1596 3641
-5102 119 -5624 -2461
-4284 -2467 9035 -4923
-3270 -9811 -5083 -5263
1249 -2130 -9873 -9010
-151 4291 -6101 -1907
1076 -2751 -3593 4401
8448 -6228 -4277 753
-1158 -2264 -9580 -8576
-73 8269 5816 -2042
-8726 -4679 6103 5782
-9128 -1903 7886 6893
6799 -8823 -3753 -441
363 2194 -3072 806
-5008 6624 -1334 -9850
-2156 7986 -1848 -304
-219 -8002 3473 3528
-4132 -6192 5518 -6597
9546 9517 -3312 -4368
-4061 -4299 1450 9730
6381 -2890 -9731 -1516
597 -9797 -853 4231
256 1671 9476 3182
6338 2448 -1985 -1005
2618 9619 -2022 7871
-3515 -8443 -7224 -183
-1609 -1202 -2390 8524
-9524 -9879 441 799
-6749 -4818 -8737 -9027
-3531 -7572 2823 1649
7687 -3911 2140 3114
6860 3971 -867 2683
-8629 7844 -4446 860
-5881 -1765 -2706 -5318
-2222 -3309 -3393 -7298
1106 126 -4616 1542
-8990 8824 -459 -2390
-2787 757 1647 -3340
2423 1210 3676 -6415
-5229 -4702 -782 2438
-7390 7132 -4718 -6688
-7295 6126 -518 -4147
8237 -6107 -7424 -1712
-9363 7425 -2623 2809
-2313 -7977 -1319 832
-3483 -7643 -3194 -5270
2466 -6488 -6739 -1333
6296 -9950 -8693 6306
-586 -730 -7931 1865
-5680 -4824 7321 -6483
-6262 -3727 -2226 856
-8074 1910 -1114 2034
-7838 5255 174 -4112
-3091 3312 8094 -8130
-1084 9249 -383 1782
-3209 -2860 -2908 3721
4044 -7111 9179 -7381
-1622 -579 5555 1838
-3174 -3811 -9856 -8162
735 -1739 -5167 1759
-152 258 -7556 -7136
-6145 -2664 6220 -5312
-1043 -738 7202 9735
8290 6869 3430 -9019
4358 -5276 618 -4543
-561 1031 327 -6628
-6003 7762 -5076 -8554
-9527 -4694 9308 -5311
-5877 3758 -3814 -729
-2285 2436 580 990
-1958 1273 7725 -8839
-8515 -2832 -876 -8256
-4687 -5131 1883 -7964
5181 -7058 -2757 3226
-1912 -4722 543 -600
-2072 56 -8751 -7596
-3180 3847 -4712 628
8186 6333 -8765 -9202
-7847 2190 -2800 -8391
3756 -4353 -6903 2129
-6596 -473 -5070 -3880
2250 -5432 1378 -2604
-5561 -5730 2913 8885
-5282 -3925 -8758 -7865
1982 -5704 2725 4103
-1132 277 -428 4454
-9867 -5838 -223 -6248
-5300 2124 -5155 -6550
-4940 -3338 -9727 8540
2289 9046 2613 7097
7673 -8930 -9628 -5311
9666 -6468 -4293 -5950
2617 -1536 177 -8576
-1820 -5640 -2179 -3204
2037 -1210 -582 -8079
2213 -1025 -5471 -9154
-875 -4712 -9211 -2352
-3174 -2723 -7460 6430
-3514 -942 659 9351
1281 -8682 -7643 -268
1808 2024 -2121 -9839
695 972 6363 5459
-4512 -4563 8100 -2289
-3539 2839 3664 -4648
-7200 -6611 -828 -6835
7292 325 -8134 -8114
6171 -7964 -2296 -4080
-2807 -6523 -8898 -6270
-6785 9872 -2250 -4307
-7516 -7135 2701 3211
5533 6936 -8477 -9227
-728 -9157 2735 1906
-9466 -7144 -402 2328
-5256 -877 1356 -1454
-9090 4592 1934 -1849
-8003 9291 -3418 2007
-1914 -6932 7274 3227
4518 6948 -8631 6468
4312 -508 -3326 -1209
1875 -2102 -3488 -4962
6099 -8764 -3339 -7298
4633 2136 -7931 -4088
-8840 -9185 -3654 1737
-7728 -1720 194 1474
-2002 -3398 9332 5702
-7973 -6716 6814 1288
-2800 4824 1396 -8395
-9351 -2627 -1248 220
-6471 -9914 -4725 2827
-7939 -7614 2368 -5622
-1002 -402 -4934 -6557
-4292 -7252 -425 -3153
6752 2736 -3213 -4620
-4417 299 6964 -7605
-7224 -7087 -4617 -4354
-9743 9967 -1893 418
-168 -7358 -4243 1440
-2529 -4554 -4302 9991
1896 -138 -4988 6859
-6281 -5867 5310 -8240
55 -5162 -5634 -1981
9835 -1930 -7542 -5062
-6884 -6915 -2938 -4767
-9720 -8478 -6207 -408
2435 911 -8111 -7063
4686 2663 -4949 -616
-6370 -8307 8375 2657
-3698 -1904 7157 -2031
-9901 3834 -699 -481
3294 -3235 -7631 -5201
-7126 3219 8044 -7275
1622 -7104 -2320 -5954
-3331 -3001 4443 -6405
-2339 -7598 -7388 -3452
-8919 -5623 2736 -41
5228 -6193 -3152 -5954
-5655 -9816 -506 2734
-4809 6242 318 217
1095 -9519 -3419 6366
-1259 1839 4230 4227
1905 1189 -714 -5553
6564 8567 -4412 -3234
-503 -8957 327 -257
-5816 -233 -9377 -8400
4367 -4411 -5719 -3463
2606 -1032 -122 350
-1662 1023 8964 -8468
-8151 6203 -7836 1044
-8072 2795 503 -4145
2900 2439 -6183 -1202
-2419 261 6724 -9857
9801 -8364 -8249 -7908
-4033 1852 -8038 9159
-9637 -7859 -9682 -8102
-5163 -4401 -5392 5080
-8027 -8457 -2990 2635
5752 962 -1426 4377
-3229 5866 -8706 -3859
6267 1774 -6168 -8338
3152 1440 -5150 -6066
-5695 -4232 -7375 -28
-3405 -5037 -1444 3953
-55 -5464 -7410 -4259
3793 8092 -7846 4273
5621 -7602 -1278 -7280
1495 -2186 -9700 907
7832 -1966 -534 3511
4771 -9468 -6878 1101
-523 -1528 -3800 726
-4635 -5723 5928 2088
-8586 -211 9633 -7863
-19 -1224 9476 7503
1454 6746 -1739 281
-252 -4358 -5934 7309
-3437 -3335 1131 2529
-6102 -2628 -1582 -6157
-4949 1743 3657 -5436
2217 1601 -8005 -8838
2506 309 -5263 -5583
-4529 -1673 381 -6554
-4660 -5261 150 -6638
-8489 -7019 -1885 2953
2252 -6042 -9543 -2381
-9134 -9433 7267 -645
-6370 -9872 -7491 7672
-1983 1871 -8118 -30
-2293 678 712 -6155
-8772 -2861 -7401 -6073
5806 -8899 -7965 -2620
505 -6329 -3653 -36
-8217 -2995 -18 384
-1852 -4958 -9127 -2892
4074 -6015 -5841 -74
-7567 2153 4922 -2736
-7530 -1702 9978 799
4998 -3739 -9024 6841
-3105 -6256 -6401 8721
-1203 2085 -5162 -719
-5686 5287 -272 2666
-1460 -4251 -7938 6554
1058 4385 -4679 2888
-7996 -5761 3084 9699
1369 -3691 -2877 -3289
7005 -9672 -5698 -2633
-3691 6077 -381 -6028
1553 -3867 7768 1984
-7158 4617 -6275 33
-6008 -5519 -4200 -1138
-1180 2149 9736 -6069
6198 6790 -5104 -4657
-6985 2627 -5236 -5793
-2677 235 6854 -2054
-4059 1186 -8104 -3900
-9983 -8410 -279 -4
-7935 -7796 189 6464
-4879 -2178 -1504 -2230
-7174 470 6663 -4871
2734 -1472 -2835 1742
-2538 5395 1984 -7689
2454 -3620 -4991 4115
-9816 1998 -752 -5496
-5076 4046 -4676 -3232
2105 6960 -6385 -1249
-8921 6711 2477 -3001
-1503 -4624 3813 9466
-4128 -4436 4746 1346
9117 -9762 3737 -6792
-6688 -6886 1108 5496
3666 -2292 4904 -6270
-7705 9957 -195 -4505
-6840 3125 3882 9263
-1445 -7081 -5905 -5098
-7065 -6519 3930 -6860
8291 -3284 1363 8781
-9922 -6191 -7686 2121
-8743 2850 7984 -5863
-2853 4305 -9764 -7875
-9064 9435 -5419 -752
-299 -6589 -5833 -621
2264 1298 -3552 -5001
-6186 1032 1654 -794
-6910 -9639 1357 -2383
1984 9813 -5102 -4424
-5245 -9912 -2905 -1619
-7437 -8846 -6124 -6463
-2910 -8269 -8881 -2472
-2597 7180 1950 -5044
-7361 3175 3407 -6509
9738 -1585 123 -2895
503 -2848 2653 -3030
-72 4128 2496 8096
-858 -196 -3499 3839
-8455 -1327 5743 -7506
-1377 2845 -8405 -7785
-59 -3163 -8767 -8536
-4648 -9252 7142 9789
-1971 6571 -8330 -7036
-5609 366 1940 -921
649 -4248 -1005 -2655
-2301 1111 -1308 1424
6509 -442 2201 5371
-2398 6054 8532 -2246
-6466 -4885 2069 3224
-6379 -562 -5541 -2680
-7998 7456 6236 705
-4707 -1770 -3297 -2653
1403 9964 -7342 -2034
-96 -5297 -6408 -63
-3274 -4415 -7799 -8127
-6068 -5045 -6104 -305
-6125 -8890 443 1445
-8518 -1065 -6413 -937
-4326 -514 3130 -3394
-8670 8393 2179 -2720
768 -1408 1910 9083
9435 -4584 -3606 -6971
-9652 -1714 6232 -6182
1222 -4162 -6744 1384
-8909 -2341 6433 -6871
-4271 2426 -3235 -9948
-9277 -6094 1569 1365
-2740 1735 7162 4865
5317 -2989 -4393 2726
-3422 -5761 8295 1827
-2435 -6529 2737 -2561
6603 6983 139 -2458
-110 -4415 -2507 6085
-8774 -7573 -7422 -6702
-8183 2755 -2487 -1204
-4369 574 -3668 -2362
-487 -1281 3857 2439
8160 -652 -4228 8608
-567 -5715 3767 -2971
-7719 -9896 -709 -3527
-6699 -6105 -3965 -5365
-9475 356 7772 4825
688 1808 7003 -5649
-1374 -2139 929 -2381
-735 9363 -4716 -4481
-3486 1093 9626 4433
-2126 2979 -5255 -2483
-7983 838 4724 -4009
-1937 -5257 -1399 -769
-5634 -326 -4405 -6601
-724 -9600 366 2321
9390 5436 -2956 -4242
-2049 2602 -2117 -6457
-7411 4626 -4324 -7942
-1614 -6627 -7800 6798
-5062 582 -8764 -7334
-1509 1687 3668 4378
-2285 6403 -5602 -2822
229 -1280 -3078 -3456
-3237 -1601 -5764 -7652
751 -980 -989 -8253
-8281 -1287 8950 7642
4012 -2117 -5303 2612
-6650 -8404 -4084 -5237
89 254 1872 334
-4283 -1415 1792 -3084
2172 -4433 -5278 2645
-9565 -5207 635 -6387
-5758 7120 2532 -1633
4709 -2939 -5500 -5037
2479 4107 -3386 -6843
-8843 -5238 -363 -3744
-7906 -7708 -6076 -5849
7590 -3325 8297 -3793
-4746 -5506 -7082 6114
-6777 -3611 -6961 8686
-5059 8050 8452 -594
-6897 165 8945 -4656
-5562 -9559 9322 1846
1949 2161 -259 -3878
222 2833 -409 -8091
-4929 -355 1939 3151
-2521 6302 -2366 9898
7906 6545 -8642 7672
2586 -3326 -4264 2237
-8067 -7261 2015 -5103
1111 -4762 -9858 -3282
671 -5425 6272 -4195
-8963 -1188 5958 506
1197 4776 3945 9255
9185 -5580 853 -663
-1530 -5175 8239 992
-4244 -8724 -6722 -5920
-2200 5629 179 -2650
-5668 6781 8960 -2974
-1529 -3594 -2453 2576
1754 -1349 4775 1070
646 -3186 8225 3968
-7660 616 529 -5145
-7122 2384 -1518 3782
-4227 -3762 -6462 731
-9189 -2113 -1618 -2786
-323 -6608 4619 -8857
-4635 -2552 -586 -4017
-2100 1258 -2675 -9731
-642 -742 225 -8013
-6353 -4647 -9075 -4244
-1277 -4509 8095 -5532
-9036 -5528 -4839 3211
-7059 914 6643 -2730
-6192 7334 5799 7690
2706 -5281 -203 -4753
-7043 6708 345 -5066
-1 846 -6482 -8244
7649 1095 -1981 3511
1104 6680 667 2220
1034 404 7687 -4531
-1018 -8615 -3722 8944
-6943 2400 -6621 -4948
-6290 5992 -2007 2333
9510 -3046 -8863 -7030
4397 4444 -4972 -4977
1748 -4285 -473 -3359
-3771 -2168 -5673 -8973
2525 -5291 -8531 -2948
-7993 -1691 2731 755
-653 -3653 428 6507
-1101 -9411 -9759 3616
-7656 1659 -8490 -1627
194 -5166 -7660 -3996
-1778 5664 7220 3380
-7852 -8300 7101 5441
-8226 6275 1843 -3400
1077 9011 -9587 2931
-7458 -8758 -1825 1503
-8927 -8028 -711 -5556
-7962 -1724 3561 9545
-5584 1915 9601 2087
-2291 -388 4240 -4892
338 2238 -288 7571
-1184 382 6938 -1545
-5504 4726 -4182 2531
-7596 2446 489 -3164
-9111 -3546 369 1025
-3121 576 -541 1738
214 -2986 8783 969
1853 1954 -1723 4303
676 -3683 -9137 9848
7700 9528 -4624 -8570
-6372 -2471 -775 9613
-3750 5080 -8261 -5339
-4127 -5604 -5177 6816
-506 1081 -8756 -9864
3540 2668 9173 1392
-127 -2540 7465 -1487
-3134 -308 -1576 2080
-4802 -2261 -3200 -3852
-9099 -9721 -5471 -5996
6658 -1608 -3815 5303
2710 -275 6294 2371
-5764 -6736 -1940 964
-6986 7620 -3724 -7391
3867 -5475 460 -247
-7088 4077 -3860 -9020
-1569 -9802 -4563 -6358
-1203 -8375 -6111 -3772
-2498 1505 1626 5436
-415 -1255 -7916 -8692
3096 -4179 -3955 8289
3145 2171 2272 -7755
-8424 -6089 6704 -6738
-3199 -6976 -3550 5461
-1872 -7575 -4337 8181
-3329 -308 -5843 -3633
-3188 -5835 -9725 -7107
2386 -2991 -7828 -2070
-7802 5663 6080 -7540
-4735 -4829 -5230 4091
487 -7487 -1017 -5214
2086 454 -4649 -704
1270 -6187 2147 -7349
-5132 -465 -8890 -4977
-755 -8736 -803 -9234
-7244 1422 -3065 -2404
4038 -7388 -890 9594
-2530 2526 -6264 -3043
-5819 -186 9471 3729
-6337 -5515 -328 1293
2077 -257 7058 -9219
-7927 -6950 5117 1638
-1749 1528 -9889 5647
-5185 -9347 -4791 -1082
9141 6558 -7673 -1966
-8487 4091 -555 -2221
830 2392 -7123 -704
-4386 -1910 -3417 -6888
-2209 5028 -7268 -4691
-9460 -3103 -3394 -1728
5794 -2835 -3214 7833
-2809 2205 1420 -7469
268 -8720 -5827 -3978
-7355 -3490 2761 -4767
689 -4085 3825 1148
-4888 -2675 2655 -6862
8185 5611 -144 -1761
-9675 -234 1287 266
1776 -691 6868 -3370
-143 -2924 -4128 -5077
8760 -5125 -7787 -2035
-2097 1828 -6801 -3804
2347 2958 -4066 654
-3230 -1167 -9888 104
2853 8572 -955 4039
1410 -2571 8701 -4787
-3625 -1462 -421 3748
-3272 -5522 -3783 -384
8563 23 707 641
344 -1553 -7235 -7294
-2376 -6514 -2599 -5045
3763 -8070 5878 -9733
-7575 -6132 2453 -6408
2114 6595 -7213 2610
