2500 1689681
-258 9592 -5700 5519
-1496 -4775 9310 -6974
-5146 -7115 -8242 5065
1016 -103 9588 -6825
-4794 -5633 -6599 5861
-7965 -870 8110 -5228
-7918 2229 -408 2222
1545 -4741 -4084 1621
3734 -6825 7539 -8396
-4096 -162 4327 569
6769 -3444 6155 -5304
-304 1292 -2301 3656
786 -1251 -941 -5920
-9612 2642 -8223 -7351
-3101 -4521 4225 -3014
-8228 1181 7409 -1689
1626 4398 1345 -1263
-3185 -511 2616 3766
-2999 -8876 -334 2633
5889 -6696 3439 -376
-1808 -8281 -8153 -5014
6752 -7141 9730 -2761
-7130 -319 -2776 6396
2669 2346 1428 8191
-2347 -3389 -7217 80
-2822 -1622 -230 -3201
2265 -3657 2924 1333
1042 -222 -7173 2272
-7960 388 -8608 -7642
1806 -9604 8312 -2297
-4827 4728 -4602 4381
-4896 9866 63 2112
-3189 -7614 9574 -1035
-4820 -930 -7116 -3425
-3798 1181 -2785 6197
-7318 -910 -4908 -6186
9409 -4450 -4794 -3680
-3225 1470 2602 -3009
8680 -8571 -1023 -4957
-2271 -5082 5207 -6346
-2807 -3727 -8213 -2162
7854 5897 -4976 -6211
7681 -3412 -3821 -9970
-3884 7986 960 4726
3235 2747 -1313 7168
4498 6827 9186 -6454
-4810 -4656 -4990 -5639
-7498 -189 1958 2953
-2350 -3495 -8151 -5155
-8569 9965 -6958 -2486
-41 3273 -4571 -7965
1687 5670 -3181 2603
55 -8888 614 -7633
231 8621 -8618 -8835
-6407 -1827 -1078 -7729
-9820 -7607 -8317 -2030
-1095 126 -6065 8266
-2626 -8195 3710 6710
4595 -6240 2068 2674
-3268 9322 7115 -5057
109 1615 -2580 2471
-7486 2470 8334 3659
-4573 1019 -8285 -272
-8527 5502 880 1255
5393 917 1268 -9147
-1634 -2815 462 -9742
-6609 9039 -6623 -177
-9089 -7100 -3320 -1704
-1923 -5976 -24 -6243
-1751 -5828 -4857 -4152
-8107 -5644 -2417 -7130
-3650 4490 -6337 -5788
-6893 5852 4234 -4190
5658 -7161 6192 -6378
-9584 -1654 -6871 -1287
6066 -5145 7963 -9452
-2030 2566 -1547 9089
-8826 -3743 -1725 4086
1986 -6435 1690 -363
-7297 5857 -4568 7065
9349 5339 -7304 5623
-5037 -4380 -7310 -970
5334 -6037 1568 -2512
1628 473 -7133 1365
3076 -3426 9834 -7708
687 -8401 -6663 10
7105 -9579 1405 -5568
1911 2687 2262 -7628
-6177 -3109 -3094 9027
-2637 423 -3509 -1141
1311 -7666 -7437 2183
75 2700 2450 -9029
-1568 -2001 -8355 -2216
-2099 2446 5631 -5733
6340 4254 268 -936
-5955 -881 2535 -9477
375 -4893 -3815 2101
-6721 -1902 4015 -9873
-8959 7362 106 -952
-3183 -3970 -7044 3175
3668 1109 -9486 -5461
-4949 1061 223 -2297
-4566 7579 -8822 -9339
-4023 -4682 2100 -4454
-6027 1772 5307 -5366
-6600 838 -6122 7948
-721 -4238 -4143 -3011
1518 -7050 -5111 -8617
2114 827 -6263 -637
-5328 -1238 2030 961
-8298 3544 -3960 -6803
-686 -9350 451 -2190
7267 -9663 7813 3148
-5999 -7199 3962 3085
3539 -3951 -3218 346
-6650 3403 -3772 181
-2244 -4278 5314 -9776
-3471 3539 -931 -4678
-6561 -9242 -127 -8524
-4748 -8544 -1329 2994
-343 539 -1457 872
-6090 -8255 2124 1655
-6747 1091 6012 -6670
-8289 2845 -9759 -1946
-2987 -7871 -3143 3406
-1381 -6603 2364 -9681
-5595 -4598 4502 -1635
9716 7772 -825 2769
9286 3802 -6856 -7971
-649 5980 -8277 4853
-9277 4705 983 -6853
-4181 9148 -4363 -3489
-7084 2409 -9353 -9334
3022 -8378 -7328 7000
-9492 6190 6142 -5843
6962 3610 -4757 -4466
-1969 -6623 -7022 9901
1001 -3427 7354 9391
-9526 -485 -770 -8054
-429 665 2338 -4997
6948 -664 -7891 9294
-8268 -6057 -5159 1126
-8519 -5235 -6414 -3865
2164 -4356 773 -3658
6178 2833 -215 -3225
-3728 757 -9651 -2849
-2671 -5862 -2410 -1269
-1440 -4945 -4864 -3575
6411 -4115 4754 -662
-5278 -7806 -8454 -2732
-8470 -8270 -2896 -3415
-7289 -5412 -7205 7597
-446 -1203 7607 -1103
-4965 8367 1427 -578
-8100 -5935 -739 2030
3532 -35 7915 -8761
6581 5141 4971 7997
7862 -6134 -3556 -8853
6886 3977 -6024 -937
-9431 -525 -1251 -9038
-8527 -92 9587 8410
5060 1625 7311 -8133
926 6474 -5322 1588
-6598 -9731 -58 -7708
-4594 -1475 -5580 -9479
2645 -792 1486 -8239
-4110 -3385 -6260 -9535
-7759 -5564 -1245 4365
7153 8249 376 -4478
-6978 -636 -2345 7396
-9405 2593 7137 -5569
-7978 -3913 3143 -9127
-1675 -1402 -7208 -5823
-636 5876 -4406 1858
2390 -8165 989 -8048
-3588 2266 -8757 -7797
8452 -774 -1726 -2123
2503 8367 -6801 5876
627 1724 3860 -6847
-1391 260 -3254 967
-3118 -1830 -709 2816
4142 -2806 -6352 -2886
3479 -2493 -1173 -7264
-1942 -2946 -6330 -1004
7621 8411 -2791 -9147
2136 2090 327 7060
5958 5230 -4385 -7843
-8323 4899 -8437 -6698
-4127 -1267 -379 -8108
-3378 7460 -9742 -987
440 3955 -3979 8034
-1291 7033 -5034 -2642
-5045 -710 9738 -9009
-2194 2500 -3316 -2427
3479 1436 -3410 1662
-1183 2357 8033 3099
-8320 -3677 -336 8917
4748 -6479 -6737 2101
-352 2648 521 -7237
6026 1833 -7562 -7238
-3523 -5045 -1456 8972
3347 -1094 -8738 -9585
-2707 1457 1374 -1317
-9645 -7670 -2195 5797
-6072 -1577 -1391 -4968
-207 3631 2443 9675
3459 -9083 -1719 -3476
-4348 350 -632 8375
-9834 -703 1938 -5460
-6708 1694 -4952 -7885
-8668 543 6412 6617
-8234 326 2172 7022
-5873 -5728 -7074 9053
-6050 2908 939 3904
-2743 -2368 -3989 3976
-1528 7136 -6847 -2700
2744 -6047 9153 -159
110 -4207 -9664 -9346
-2274 -5636 5585 8250
-3261 5688 923 481
6195 -6563 -1112 -3181
162 9178 -8712 -1152
-9812 2955 -330 271
-4296 6708 -3276 2503
9148 -5849 -6529 -4489
-9180 -4333 7251 -6537
-5589 -8029 -8145 -8093
1170 -2989 -5773 -4172
6293 -629 -2170 6448
9941 428 4802 -6725
-6163 2120 -9376 2316
4498 -3628 1934 -2739
-7126 -125 -3281 2614
-739 -3261 -3939 6272
569 -9535 -8193 -3084
670 2105 -6523 9174
6559 -9307 2250 -5788
-8937 -2802 -347 1181
7973 -5801 4654 -9171
-8133 7326 449 -6235
-5304 -8103 -6582 624
-9092 -9387 -5136 -3109
-716 -7707 -1786 -9029
-2377 3174 234 -1215
472 -30 1118 426
-750 -7227 928 3008
679 7781 2246 2271
-7283 -1244 -7029 8646
-5736 6861 -1411 7693
-7419 -4098 -9735 -1616
1825 -3430 -5672 1884
8420 -455 -5950 -8038
-6582 998 -1432 9478
-1581 3239 -3580 -6755
-6546 -84 9711 3362
4932 -242 -3573 -3120
9440 6212 -4786 2466
-6188 -2758 -9872 -8536
-7331 -1921 -6919 -8930
1666 -2990 3082 -3213
-1961 -1126 1996 9466
-971 -16 9162 2792
-5821 -7639 4656 2595
-3196 2206 2400 -967
-4088 -8064 2328 5283
1403 22 -7894 -7155
1475 -6535 -7790 -1112
-1317 -5280 2767 -1863
576 -1390 -7567 -2417
-1561 -5672 1913 6852
-3517 1245 6491 -4010
-5073 -6365 1280 -3702
-1070 -3121 9050 8998
-2280 756 825 9739
2582 -8573 -3093 -1198
-7176 5765 -5484 -5458
3429 786 -7797 -2092
-9710 822 -1246 -2175
1840 -3112 -8761 -9095
-7177 -784 1486 -4947
-1166 -4734 1322 -9766
-6303 -127 -1549 -3695
6214 -2576 -2643 -139
-383 1496 1380 -60
-2135 9407 -233 -8880
4592 -6272 -8685 -1733
-8238 -7792 -1252 -5040
1095 5850 -2239 2276
-7226 828 -9600 -9957
-3329 429 3576 6375
796 4883 -551 -8522
-2339 -3527 6719 -7364
5261 -8369 -9965 -595
-1202 6412 -1512 -2945
-9258 2575 -8665 2114
7612 3127 -6402 2411
-5562 4041 -7400 -1872
5179 -7223 -3305 -3733
-5000 5551 -8907 8531
6237 -4419 -6127 -5174
5827 -91 676 -7486
220 -9536 -4221 4254
-5109 1950 -1213 7981
6814 -8866 -4608 7336
-4743 -9417 -9039 -2055
-2550 -3958 -504 -6721
-7311 -4432 2861 2228
-4364 9815 -4228 -5029
1701 -1695 -3755 -6511
-1408 4604 -2023 7105
6868 -9386 -5487 -4918
-5189 -622 607 -6597
8403 -7850 -9834 -3191
-2465 -7509 2589 -9482
-916 7805 -9464 6239
-1754 -6001 -9350 -8752
-8845 941 1154 -3508
-4313 -9674 7783 1479
9346 -1728 -2005 1996
8576 -4949 -1697 -7479
-3825 2183 -4020 -8154
1324 -5097 9899 5818
-8761 -9055 2274 -5571
643 729 -657 -8724
-6288 -3506 2045 9692
-5608 4491 5543 1796
-5847 738 -9684 1110
7289 -9480 -4622 -4502
-8999 -4661 9822 -8678
-8342 -8601 6391 -3190
-1661 -1669 -7076 -172
-3226 4263 -9822 683
-2216 -3282 -9028 -7063
-8876 -49 502 -4146
-1936 2239 978 9703
4498 1913 -9465 3427
1676 -546 -5026 7754
-8230 9183 899 -8436
9761 -9592 -5973 9475
-154 -299 1685 2455
-4964 -9450 -1090 -4591
-337 -7559 5984 1301
7042 -4885 -8008 2630
4687 -4455 6760 -8513
-8956 5641 79 -4122
1610 -2895 -7483 -3204
-5173 -646 -3142 -4543
1799 -7285 -7520 -8215
-4600 -8264 36 -3805
3689 -3927 -1887 -575
6556 6893 -3072 994
-3760 -6135 -2324 -182
-7922 -7963 -1633 -8479
-3847 -4806 2437 7685
6618 2164 2759 -7179
6661 -323 -6877 -5128
-2731 2227 -469 -4861
-5344 -5612 -1012 2614
911 7127 -3080 -3909
3724 5515 -3721 6016
-7305 -7522 -7083 -5057
1203 7747 4457 1926
9339 -7474 -799 -1613
912 173 9763 2666
-8381 -8394 -9259 5858
1132 -7563 -9424 5939
-1869 -5838 -7056 2067
-196 -8950 -6044 -554
7486 -579 -5210 -2717
-4237 62 -1860 -7691
-6840 1416 -4184 -6683
1154 -5828 -8505 -4209
3434 946 253 3132
-5620 1577 -3143 -597
-1885 -5569 -8246 6365
-4680 -3191 -1806 9037
-6513 1871 -7160 -1443
2702 7715 179 1704
-5824 -8342 -4247 4379
-721 -4020 -4649 -5214
-4922 8733 7908 -1444
-1323 -2452 -2239 -214
2690 1868 -8701 -6187
-214 337 -3752 -8415
-2210 -6244 -8369 1724
-564 -2516 2500 1802
-5476 8748 -2877 -8131
1981 -5865 -4084 184
-1919 1589 9219 270
-8674 2317 -8919 -1461
-3967 -7570 -3842 -8573
-4008 8276 696 -1642
1703 640 -4736 2226
-1704 -5543 -3282 1628
-5052 -9474 4484 -2803
5104 27 -7398 -1020
-3912 8119 -2591 1093
1500 6041 -1031 -8929
-377 -184 1066 -4376
-1140 -6119 3778 6920
9278 -4178 -7421 449
5686 7845 -6842 -56
5230 -1608 6800 -2128
-556 2538 -6482 -2130
-9814 -3982 -5838 9117
928 8831 6508 -5610
5774 -4880 -30 1938
23 9228 2697 -6552
-133 -6563 -3645 -6113
-7700 -4763 7185 2713
-3310 -936 -414 -2647
-7104 -2095 -1055 4505
4130 9512 1318 1799
1282 -5418 6148 883
-4757 2266 2016 -6772
71 -4206 -5901 -9451
-4107 3430 72 -6354
7719 -4608 -6206 -2781
-8185 -7933 8378 8129
-7399 -9761 -3627 -1683
9839 -4921 -3084 -903
9070 6803 -8518 -2669
-4192 -9467 9044 2532
-4459 -4513 7691 2233
3226 -7679 -3977 1851
-4056 -4422 -1147 -1361
7773 -9189 -2690 2281
-1582 -9751 -1825 4353
637 1177 -4831 302
-4014 -9843 6255 260
-9343 -1262 -4802 -4237
-1056 -2773 -6976 -8026
104 5281 -9713 -2804
9306 -3685 -2915 -1840
7578 455 -6195 -7652
-5838 -2613 -3692 -7719
-1799 -8468 -2342 -4024
-9300 8915 254 -2257
5698 4905 223 -762
4621 134 -6586 6055
4813 -5823 -3510 -852
-70 -8779 -418 5922
-7336 2303 -3791 -781
2845 -5741 1092 -4151
-7293 8027 -1532 3623
-8286 1002 5998 1696
-8495 3306 5967 -6073
3096 -6377 -3619 -4114
-8217 6736 -8825 -2879
-5005 854 -1556 4646
-654 -2349 1097 -4691
8284 -2560 2116 -3949
-847 8370 -2762 -8625
742 -1082 2638 -5779
2392 6516 -7562 153
-6256 -1741 6277 4365
-3480 5879 -3406 -8289
234 -5244 -5066 -6962
8404 -1900 5712 -4615
-49 -1141 -3874 -5926
1556 -5738 -5203 5559
-5176 -2435 8366 -7808
842 -1090 -9711 5427
-6373 6014 -805 -7066
-2385 5833 -4055 -2288
-5002 -9536 2268 1323
-3118 -191 -4769 9970
-9281 -8547 -7450 147
-2975 3362 5711 -7539
-8646 -8609 -3617 -483
-5638 -1905 -6530 -6659
2180 -628 -8265 -7686
-8444 712 6259 -2626
5916 4686 9972 -6781
-9460 3555 4746 -5572
8452 -2735 -8199 -9218
1060 -9406 -8970 4220
-3594 -5509 3835 7702
-1941 -6522 -9130 -7366
6816 -3349 1215 3409
4834 1658 1399 1788
-2372 -8748 5121 2067
5209 -3542 -1398 -7038
2366 -1422 -2876 -6558
799 -4287 -6143 -4743
-6372 -2343 -5580 -615
8757 2419 2127 -3578
1057 -8116 -3950 2580
-5835 7399 -3424 -6035
-3171 9883 -1311 3199
-5692 9034 -8827 -5421
3672 1271 -7548 -7384
100 9843 -9518 2588
9687 -5338 949 -2275
-2670 3937 9202 7076
3884 -4077 -5306 -6750
-9905 9947 -2156 -4864
6661 -8458 -11 8467
-1935 -8478 7228 -7473
7762 -3773 -7826 5145
-1587 -5816 -1955 -6082
-252 -4673 -771 -1536
-9695 -5380 -3175 2238
821 1111 -7271 -9843
2195 9393 -3950 -9814
-8189 382 -3980 -9718
-1853 -1139 -8483 2063
4232 -7040 696 -2941
7535 -2515 -5003 420
1679 -3194 -5323 -3674
-7269 -1891 1219 -422
1430 -8429 -3736 -965
-1546 -590 -2140 5294
-253 -7711 8248 2749
5045 5121 2497 -9439
1183 -9655 -9195 9641
2670 935 -5231 -7413
7286 -8894 -8662 -72
-3582 -2662 6101 8420
4625 1068 -8979 1443
-3580 -4893 -7570 -8354
-3351 -4297 9162 1737
9237 -8188 -846 842
-6504 1163 5862 -1046
9620 5821 449 -2365
-7517 -5877 1032 -2278
-6503 3492 2721 -2938
-1264 -9739 -2255 -4499
1635 4708 2513 -4663
267 -259 -628 -1530
1753 400 729 -6126
-2946 1023 -4200 1069
2316 -3638 8622 925
-7159 -1249 605 -2425
-5943 -3083 -1605 4792
-5819 -4794 2025 96
7546 8775 -3437 -7733
-3813 838 -1311 3443
-8798 -5345 5075 1540
2852 1115 -5149 -6443
-2944 -6622 -2958 -365
9223 -251 -2356 954
5684 -7500 -4430 -3603
-7242 2521 2458 -2897
-1111 -3298 881 -9894
-5760 -8282 -2000 -6030
-9788 -7829 701 3657
875 -1863 2115 675
-3252 -3633 -1390 -8137
8864 -3579 -5047 9813
-5400 -6374 1184 5389
-1518 -7380 4084 -74
-3473 -6101 -7155 1877
-294 9180 -8365 -8186
-3550 8805 -230 -3352
-4467 664 815 -9065
916 6638 1969 -2676
-6194 6075 -2941 2282
8011 5465 365 -1307
-4058 -2978 793 -7948
8459 -8197 477 -1720
6580 -8320 -7017 4461
1306 1842 -5396 2144
-2732 4310 -5944 536
-226 -5730 -155 -9018
-1202 -5003 -4985 -8208
-2733 1768 -8412 -6895
-1939 1931 -6846 2085
69 162 -5146 -3054
-6082 5685 536 -5342
149 6963 5678 -7945
-146 -4558 -2832 -4668
-2975 -4447 -1641 -5437
-2481 7642 356 -2695
-2673 -2308 -5734 -1729
-3492 -9750 2313 2076
-8320 2398 -3666 5925
-4960 -2306 -1050 2938
2255 9543 -6582 -7530
-301 8887 -5807 -6937
1442 -9417 -6295 2450
-3611 1533 -6899 -4091
-7124 -8377 4566 -6982
7825 -4031 1088 -4293
-3778 -593 2351 -7544
6125 -5854 -1665 -2695
8175 1463 -4013 -1686
9981 3571 1590 1800
-1291 -689 977 681
2294 -5501 -3525 -6104
1512 -7433 492 1688
-5141 -7824 -5128 -3978
-2548 -734 -4377 2748
1275 2078 1881 485
-239 -69 292 -4675
-6430 6263 7781 -6927
-396 -6551 409 -6898
2048 -4665 -8642 9987
-8708 1020 -5675 6581
-1983 415 -1935 872
-3121 -5488 -9673 -2374
-513 -8915 -893 9228
-9021 -946 -2231 946
2728 -8461 -1401 -3392
-5723 -6922 5875 2398
-5930 -1271 -9377 9710
6921 -3162 -1746 2175
-3845 4512 4210 -1588
-2641 4827 -8064 2338
1197 -8255 1468 -9186
-6516 -987 16 -4551
2687 -6732 -6136 -5502
-2580 2817 1432 6105
-3617 -80 -4088 -1424
3709 -6854 -7613 -1635
-4141 -7589 -5350 -2976
-7661 -8123 -7746 -6854
-4090 225 7770 -8276
-4430 2027 -8335 2715
-6123 -9149 -5287 -6212
-6610 -2408 -2599 -6485
1023 -5565 -2607 -7672
-3385 -7714 -3669 -5357
1095 -411 -1873 7185
-7073 -3057 374 616
4029 -2911 -6245 -924
3169 -9083 -1569 2566
-540 -2247 -6291 -6145
5876 -5970 -2053 -2100
-4593 -7954 775 -6238
-403 -9443 -1481 -6110
-1088 -8834 681 9253
-3462 -7516 7134 -4135
-7718 2269 2597 -630
-6592 6099 -6602 -194
-1391 -3131 5989 -4314
1389 -5924 -7355 1691
-4376 -893 -4159 9769
2003 -4131 -7829 5614
-3591 1201 2640 -2383
-5350 -4091 4178 -1998
-7722 -591 -5385 422
-9839 -3429 2530 -2588
-7703 -4595 -2464 3415
-1751 -4619 -7950 6757
-6948 2238 -5998 -9648
5020 -4816 -9140 3834
7983 5825 -7207 -4263
-7767 773 2644 -5740
-2435 -739 -1683 -7812
-7685 1857 191 1862
2889 -7125 -6218 -4718
-9805 -7038 -3037 204
4776 -4308 -5320 -4908
2668 9276 6928 -2857
-9590 2216 -2114 -2469
-5682 -4119 5011 -1069
-9512 -9070 1185 -7867
-4598 4859 -3638 1706
-1938 946 372 -3531
-838 -4479 -3344 2853
-4862 -5432 -9287 -9294
-6871 -1375 2726 -5463
9055 4065 -7317 -4697
-781 -4608 -6695 2214
1368 7264 -3965 -7743
-4669 -4368 4557 -557
2372 1687 -9931 2200
-6777 -7921 8576 -2230
-2739 -5790 3675 -6367
-5491 -6953 -6168 -9103
-3273 613 -4754 -9787
55 6766 -905 -2555
-9158 -3556 2681 -3133
1829 1631 -2980 -8006
-4166 -7184 -4710 -2839
-6916 -8209 3496 9506
-7896 -5893 -9483 -8062
5783 -1074 9955 1414
-3205 -9546 -657 -4433
-2702 1372 -5248 -9772
5258 -7580 -4107 -6037
-8315 -4480 9065 -8201
-3239 4844 -6440 -9384
2047 1603 -7680 -7882
-6141 1183 9159 -8297
-627 -2705 2516 -5153
-4796 2823 -3143 -7964
2587 -3336 -7652 424
-1927 -4619 2297 -1098
5150 -5290 -8590 -8443
-1438 -3575 -8050 5088
4189 -1549 -4784 -2394
9283 6234 1808 -468
6849 -9448 3306 -3585
-9528 4605 -8636 -9097
3541 -6005 -3553 9830
-150 8293 -3225 -4583
-9500 -6945 -4331 1530
-7448 247 -9996 -5146
-7969 -5094 -3606 2025
-1318 -2968 9447 -9023
-4851 -3237 4927 251
-3831 -3070 9341 -5969
412 -2665 6524 -4841
2682 -7148 9428 -6972
-7617 -947 6914 -1775
7870 1626 4792 1204
6485 1057 -3104 -2209
-5171 -165 -1614 3543
3679 -5936 -1813 1366
667 -2078 -6199 4368
1580 -9193 1012 8625
-5734 -7882 -1744 -4084
-9271 1065 853 -5409
6320 9371 -5486 -8464
-4286 -9728 -951 -476
1693 4079 -8531 -4733
3145 -3298 -8932 -8427
-9292 -8002 23 1019
5786 -3117 -5646 323
-6675 -3167 -6308 1496
-4210 -1622 6921 5640
-4822 7955 -2982 -3441
-9986 2446 -479 3883
-1177 -4331 2679 3587
-5731 4260 203 -2260
-4958 -5237 5841 2092
-2112 -1642 8902 -2734
-6737 -9806 -4583 1788
-4791 4762 -707 -231
-5471 -1822 5034 -6421
-8835 2408 -4827 -2771
-52 -124 -5862 1609
9757 60 -3497 1607
-5600 -1132 2188 7889
1726 6660 -5064 -7364
8293 -4196 -8342 6860
8314 -9011 -8526 6037
251 -9477 3668 -4502
-8694 2429 -1935 -3363
-9088 -306 1363 4605
-5592 -9045 -948 4415
1098 -3391 -7960 -8736
7016 -47 -8841 -1514
-4194 -4780 -6536 -4154
-8147 310 5924 239
-603 -7484 1941 -1816
4375 -852 -6426 1279
3559 -7314 -4693 2182
-5730 -1303 6655 -8026
-8023 -9072 1843 -7953
5896 556 -7143 -6230
-3739 -6163 -9686 -99
-3911 -2474 8903 2764
6064 6241 -6353 -7541
-2175 -1515 7158 -4531
-8252 125 -4462 7094
-2059 -6544 -8440 2101
-5309 4695 3877 -9518
-9516 1211 937 -3924
-2874 -9211 -7221 7707
6766 -6631 -4012 8480
6840 -9558 -7533 -1111
1697 -1617 -7592 -6336
-9923 2185 9642 -157
-3911 -4183 3913 -7484
-7304 -8247 2159 270
-9487 -4169 -3359 -1668
-952 -4086 -6278 1716
-1375 1164 -4753 8748
-2227 3583 -4941 454
-620 1396 538 -4251
-6773 8635 -1381 739
-7659 136 -8352 -7823
5681 -1047 1971 -2138
5926 -5388 -8750 8324
9412 8024 1298 -2160
5671 -5787 -1365 8032
-4552 1786 8197 -9019
-5144 4988 7693 -6452
2981 -6040 -6782 5592
794 4992 -5773 -155
6175 -4738 -105 277
9157 8974 4425 3718
-6433 5805 6883 -3434
-9360 -8331 -388 -4976
-3654 -1434 -1862 -4323
-9921 4204 -4285 5077
6714 985 3685 -2889
1664 4704 -4742 -8557
1550 -3689 9494 -4835
-2975 -9425 -6273 7701
2029 -3532 -9129 1326
7566 -8103 -567 -3532
-6247 -7155 2063 8633
3656 -5240 -723 -6604
578 -4445 3839 -2619
-5692 -807 -6993 1654
-7463 -6966 -6204 -3694
-3259 -2475 -3143 -3853
-3800 3352 2052 3267
-6618 -115 -8389 960
-4409 -9555 8077 -503
-236 -8876 -8862 6910
-6882 2153 951 -5268
6658 1171 -5891 -5766
-2134 9604 -4619 -7499
7432 -8798 -7885 -1677
-4221 -9110 2143 6867
1686 -6653 -1187 7611
273 -9032 -7950 6158
-4951 -9930 -5590 -843
-2717 -5426 -1685 -4720
6748 -1884 -9429 -7899
-8337 -7934 -5468 7071
-4280 -8536 -8941 9308
-2377 4158 1510 -7349
426 -379 165 6886
-1848 974 1841 -4171
3308 -6579 -6354 -9557
-6218 -7347 -7926 4635
-9747 7645 -3942 -270
-3005 2031 -3316 -3582
-7995 -8505 1771 -3378
599 8135 5900 -5231
4819 -2845 -6614 -1156
2176 1482 -6485 -2247
-303 100 9957 -8531
1923 -4298 -9252 -6809
-9414 3739 597 -6332
-9035 -1410 5110 -4568
8597 660 -9942 -6984
-1190 1329 -5962 -9804
53 -2819 -64 -1484
2568 2432 -300 8399
-7234 2782 3749 -3067
8279 4910 -3577 -3608
-302 1557 -2301 -3526
-2300 1359 -5301 -3634
-6339 7786 -8735 -3563
-1803 -5490 7971 4152
4730 -1608 8038 240
-91 -5821 5673 -956
1601 7030 -2855 -5355
1760 -3122 1264 2288
2447 -643 -6257 -3627
-9306 -8416 593 7022
-6385 8732 -5098 -8708
-1375 3831 4951 -3776
-8673 -2571 596 -4068
-3460 629 -9275 6170
-9782 -8048 -6233 6276
7034 -4567 -4573 -3034
-1244 -2943 -9611 -4025
8252 3135 -6094 -1673
-9070 -1894 9412 -9294
-7381 -5970 -7029 7398
-8251 -9322 -4557 -2977
-6516 -1363 -1658 -8683
1412 -5307 -9826 6637
-1642 -3017 -5109 965
-3812 -7324 -3384 -6927
1291 -5296 -3521 1801
8244 -6943 5810 -318
5683 2643 -4918 -7924
5337 -7532 -4471 -6204
-7755 -5111 -2745 4666
1521 1269 3560 1032
96 -8189 -5115 -3694
1712 6537 -8991 -1955
609 -190 -3854 -4010
-1388 9855 5724 -9192
-6615 -8983 1537 6713
-1984 2398 2348 -6492
-1465 -960 -639 -1275
-5612 -7152 -9338 -7235
-5629 -768 5306 3957
1284 1554 8780 1232
-5511 -1441 2912 7736
-1607 -2108 9706 1715
1670 -1507 -4698 -6097
2030 4079 -3031 -1231
1057 -9342 -9208 1292
-6935 5390 1890 -2679
-8913 -205 -4163 -1197
6702 6443 -1941 -973
-9265 -3170 1629 3470
-8378 2855 1670 -4368
-5150 233 4082 -9258
3120 -1597 962 -8238
-4798 -9664 -3674 -8546
1117 -6074 -8102 -1083
-1155 -1910 -502 -5633
-4363 -6373 825 -2842
-1983 1211 1270 -944
315 1742 -2973 -7224
1533 5511 845 -8153
8135 -8218 -514 -3490
-8907 2689 199 -5116
-2288 -7066 -2425 1870
-7593 -1337 -3543 503
3891 -8437 -3663 -2338
4275 -7104 -4624 -7286
-7584 5897 -2670 -3335
-530 6905 -3467 -4464
-6346 -1429 -5642 8651
-7333 -1223 -8749 -7844
5203 -2184 -9614 -2350
-8441 -7540 -6512 8642
-2059 -3463 19 -6136
-5045 755 6094 1277
7962 3582 -7640 -4772
8868 541 -4937 -7615
-1767 -1754 -3005 -181
64 7931 217 1192
-3477 -2513 6248 -4030
757 -244 -416 -4284
-3457 2651 -3393 -7450
2640 5865 -7937 -5587
8823 3644 -1206 -5482
9446 341 -5235 1883
-6463 -5598 5933 -1135
7264 4252 -6398 -2413
-1936 2070 -7581 9145
-9613 4126 -2305 -5303
-6297 1489 -2986 2933
-1438 -4323 -2899 -6171
-4525 -1906 -9163 616
2503 -155 -7989 1116
6089 -9204 1577 -6866
-8898 -104 3149 -5864
-2253 -5045 1844 9648
2177 9318 6516 -2745
-606 -5021 -5980 1765
-8925 -775 4143 1042
-8753 -2637 -8016 -8152
2511 -466 9571 -4485
-2042 2542 9424 -6986
7070 5157 -1319 -1811
-51 -3710 -8198 1116
2388 -6454 -5363 900
4211 -7346 -6045 -3264
3749 -7288 -1875 6749
3423 3654 -2169 1046
895 5948 1934 -155
19 1622 3798 -7134
7095 866 -9718 -7637
1828 3020 -7727 -2783
-683 -2673 -7616 5390
9369 -2650 -5185 2142
4534 -1780 9626 -4087
9484 569 -7139 -934
-7171 -6384 -3274 -4746
-3834 1128 -9733 6467
3995 -7493 -9430 8507
9973 9249 -3074 -7213
-1936 7072 -1681 572
1834 -3331 -7281 1546
-9496 -6850 -710 -956
-2456 -3450 -3763 2512
1822 -1126 -3184 3772
-156 4884 -2172 -149
-2218 -9607 9540 -2913
2102 7788 -9520 -7862
-3601 234 -2281 2764
-9698 -8478 -23 8204
-9167 2257 478 -4705
-4563 -6490 -6290 -30
7410 -2962 -7700 -9268
895 7933 3366 2286
-9773 2496 -8387 2434
-4496 -5758 2464 2625
-9559 -7141 8529 6754
9928 -4449 -3269 5588
-8087 3777 8909 -7809
6981 -3319 -839 -3396
-8586 -4415 8483 1346
-229 2566 2589 5796
1619 7206 1294 5262
-5786 -1903 -1927 2232
2165 -2748 -2235 -3000
-4464 8128 -6644 -562
6752 -4237 -8492 1133
-4772 1903 8835 8023
-7308 -5634 -7196 -6387
4840 -3655 -887 -2463
-2155 -8224 -2587 1663
9232 3556 5985 2866
-4846 -2253 -3222 934
-4631 -6676 -8152 -8742
9261 2007 -6169 2202
2869 -1522 -2993 -3625
1155 -1967 -8669 -8706
-4632 -6805 5674 5644
2507 -6310 7831 9500
2305 -6216 -3982 -844
6168 3585 2407 -1310
-307 9148 -8241 -8066
6228 -4777 -9592 7441
297 -4654 3448 -1640
681 -7142 -4293 9543
6418 -1344 6305 -4082
-6037 6740 1281 -8108
419 -1222 1265 -920
-8529 2736 2201 -4832
2276 -5179 -7117 1419
6110 8745 -2106 -127
-2716 -6413 -347 -6737
-8086 3713 -3382 -6537
4401 8995 -5887 -4999
-5278 9569 -4084 -4797
-6456 -9145 -1069 -6362
339 749 -5014 8353
-3651 2351 -5559 -4393
-5922 1574 -9932 2789
1637 167 4124 2531
-7953 -3631 8656 -1476
1112 -1718 -5236 7595
-2336 -3968 -8997 -1329
5082 3744 -5320 -1217
7621 -8381 -8158 998
8506 3180 916 -3476
-111 -3052 -9943 4956
-1234 -8263 -7155 2791
-158 -328 -5222 4213
-7300 -2053 -946 7702
4070 -888 -5960 -6474
209 -3735 -2906 -3052
-8262 -6662 -1562 -178
-1314 -9306 -3186 -6464
64 -9671 -2804 -644
5719 -2400 -9870 7976
1551 -3021 842 -7612
-8334 -6471 -1594 -1811
5867 -3230 -5903 7733
6227 -3717 -7792 -8009
-1938 -800 -925 9753
-6319 4903 2199 -8532
-7668 3676 529 -2674
-1744 -2284 2036 2217
8121 -3606 -7188 942
2255 -6062 -2956 -9061
-1274 -3894 -7691 4754
1767 -7491 -1681 -4527
-504 2202 -8620 8590
-2991 -5199 -413 1291
5146 -369 -4965 6594
-4229 -126 -8188 4317
-9426 -2173 -8823 -6730
-2517 -965 4917 -5701
222 -5990 -7078 -4120
7608 -5490 -3977 137
562 -5096 -3286 -2210
-6995 -1521 -6055 -1702
-2090 2858 249 -573
568 -4013 -9103 724
-2551 -2877 -894 -3863
-1236 -1458 -7046 -5305
3737 -4109 -4915 -1619
-1198 -4676 64 2973
7506 -5562 -7834 -9353
-5006 2632 -8186 608
-1492 -1320 -7452 4958
-788 -6945 -4351 -5412
571 7206 -7512 -5487
9239 2396 -5176 382
-2144 -3245 -4944 -799
-3299 -5037 4942 -7244
1022 -1859 -3926 1174
9567 1056 -7478 -500
-6957 9174 -3785 -420
-9406 -6360 8082 2552
-4657 -2301 1514 62
7157 -3947 1544 -9662
-773 -4532 -1272 494
5718 593 -3022 -2493
-3826 -3607 -4083 -2287
-233 8644 -3847 -2814
-9107 -3919 -923 9201
-8961 -7105 -5590 -1629
405 -6155 -2372 6656
-4082 -1339 -2812 882
-3459 -1018 -7571 -920
-6310 -9375 -2668 -2475
3192 2105 -2244 -2961
-3494 1149 2080 5730
6630 4829 -993 -173
7678 2435 -562 2958
-6474 -1045 -725 -9786
5413 711 -9713 -6570
-1212 -6900 -9934 -9612
-9490 4630 -2871 -1387
-9511 7719 -6759 3515
-1402 -1409 -8588 -997
-3322 -4536 -494 -6096
-3956 -3460 226 -4518
-9424 -2860 1378 373
-5163 -1907 8653 -7989
-2509 -6555 -8997 -8928
-6603 -2198 -1759 944
-1740 -4841 -5761 -9753
626 -3378 -6017 7445
-8628 -251 4695 -6080
-6638 -5922 -8242 -7317
-4100 -8790 -1003 2011
-9422 3376 803 950
-9989 -1445 -2756 -280
-9681 -2657 4383 -8201
-5908 -1828 -9401 -7517
2536 2021 -6213 -8541
1621 -1669 -1313 6139
3355 -4992 2451 -1848
2173 731 -4583 1424
-8703 -8598 -2923 -8012
-2381 -548 -7278 2287
3855 8925 -8722 954
3627 -6557 2508 -3636
-4331 -615 -5369 -8952
-8261 -944 -600 -2408
5846 -6247 -5850 -9018
6593 -2314 -7173 -9428
-5597 4010 265 -2657
-2498 -56 808 1978
3410 -9578 -8359 5429
3079 6230 -3614 3169
-7940 -7050 -5031 -2067
-295 1737 353 277
-8342 -5144 7392 -8532
-7686 -5300 3513 120
9517 -8349 -5602 -5116
-8299 -8381 7614 -2579
-4092 -9909 4728 829
4837 -5620 6185 -8725
2622 -7607 -3583 -4387
-9409 -8565 -6838 -4400
1305 4012 7733 9264
-1333 -4618 -6957 3542
1562 7865 -7297 -2605
9981 -4441 4342 1008
869 -330 -435 -546
-3648 5080 -7599 -9991
-749 -4485 -4083 -8469
-2651 -3727 781 -5630
-5926 7015 -2058 -2092
3186 -5089 1291 -4222
9536 -3612 -3594 -7725
-2669 -2830 1132 259
882 4301 4086 -4100
-6716 -1457 8860 -67
9322 2254 -4783 2274
-473 1178 5529 6795
-3767 7765 5367 -3631
8054 -8960 -9958 8812
1073 -5355 -4470 1660
-4699 229 -2135 -1112
9346 -6820 -4633 -1146
3658 -3793 201 -5134
9951 -6217 3039 -4059
-3723 1312 3515 -9243
475 1358 1269 -5736
-1256 9299 3843 -805
1967 -1251 2356 1017
-3304 -3888 -5664 8801
1903 -3217 -9184 -3294
-2284 -9942 3094 -3875
2492 -6038 380 4071
9470 -4982 -6726 -2508
-3582 -3530 775 -5753
-8337 -2421 -2863 -4769
-6373 5524 -5516 76
-8502 2798 -1894 -4003
824 -2944 -5529 -1668
2672 -8905 -8210 5427
9807 -9548 -3514 -2311
7751 -3001 -7393 -7399
5248 4037 -6167 -9806
4599 712 -4862 -8741
-1356 310 -1943 6003
-833 -618 -1034 9594
6564 4075 -1151 -5975
-325 -3721 1000 -9291
-40 -8521 6690 151
-1622 -3347 6422 3872
-9867 -7084 2669 717
-5918 -209 1786 -5706
-4697 1717 -3881 -9028
-7854 -9839 -4588 4800
-6866 -9262 1644 1342
-8188 5716 -1755 -6107
-9769 -1664 -9958 -2282
-5221 -8432 941 9364
-5351 -1660 358 -897
-3795 5873 2475 -7467
-6345 3374 -2597 -1669
9954 646 1774 -1435
5939 768 -1030 795
-5833 -7408 -7944 -8195
5760 -3478 -7993 3372
-2922 -3323 -104 -4654
-7258 -5059 702 7321
3378 -7863 3024 4358
-1710 5289 1375 -1085
3607 -7606 6139 -6992
-3809 -3846 8398 -6925
-6455 385 -9853 505
-227 -6565 -293 -4777
-8075 1186 -3632 -1063
-1865 -9394 735 -7891
-4146 -2177 711 -9878
-3975 -5825 -5210 -6548
-4812 -2311 -5611 -9681
4657 9758 -807 50
-6925 8365 9901 -8146
4279 -9658 -4749 143
-355 1846 -4884 -2408
-3152 6951 -5201 -1445
-1659 1789 -2625 -6857
2830 -7992 -4904 -4323
-844 803 7454 -7396
-1014 -5180 2453 -9897
257 -3427 -5112 -6441
7353 -1108 -6157 -9108
-2339 -24 7399 -9757
-7834 -8649 -7783 -2526
-5085 8148 5098 -4478
2718 334 4130 268
575 6868 1145 -9277
-3751 -3246 -977 -4977
-2758 1260 -7912 5977
2388 -6138 -3298 -6241
-3436 -2359 -7242 -2378
-8275 439 -4772 2009
1797 -1281 -6557 1099
-7840 929 5488 -3802
-793 426 3561 -602
1384 -4936 -7131 5873
6019 -3617 -7156 -7858
3127 1348 -2945 -7237
3610 9889 408 1080
-451 5430 -7899 -9001
2269 -5848 -699 -1464
-6265 6140 117 -4642
392 -2096 -3814 -9207
-6858 2348 1205 2273
-7124 -7463 4517 -1422
5837 -9065 3845 -7165
1701 7348 7172 -5174
-7961 2213 -5854 907
8165 -3234 -5594 -7590
-1912 4233 -502 -3833
-9320 6111 -7828 2897
1120 -3624 -7211 -5512
3206 -5340 -6350 9499
-5726 -9690 -7803 5020
-4421 -4444 -5032 -605
1607 8558 -1837 -3166
5557 -6546 -7088 -2003
-7341 350 9857 -5215
-2402 -6150 -2317 -4582
1362 -2486 -5020 -1244
-2544 -1265 -6952 -5384
-4927 -7420 -6951 -7660
-6083 -5507 -7113 -7476
-3764 -2458 -1672 -4781
-521 -6395 -4781 -9977
1502 1704 -2585 -5155
5525 902 -2527 1815
-3209 -5182 -6757 2523
-1433 -4524 -3907 9449
8608 648 -3330 -1760
6709 3805 -6727 -5191
-6429 6958 -8524 6559
8360 2125 -4185 -6427
5776 -4959 -1487 107
-6538 -6136 -5456 6862
-5544 590 -9711 1417
1714 -7234 -1619 9418
3996 -9487 -1278 1292
-1375 1031 -3609 2912
4324 5733 7593 -3401
-4218 -519 -4810 390
604 -4622 -3631 3999
-4265 957 -8062 -8931
3203 -7824 -7416 717
5069 -2769 9210 -5132
-5507 -8556 -6969 9503
-6918 -2731 1850 7548
-9426 -8530 7766 -2281
2381 -489 -4156 -4914
181 4682 -8468 -780
-1928 556 -9986 5490
6096 -7756 -5947 8841
5715 -8159 -2284 -2990
-7995 8016 2748 -3746
9654 1390 -8573 1368
-1518 3835 7321 -4341
-1751 7150 -8539 2004
213 -4329 1839 -9820
-8622 2588 -680 -2205
2048 -1849 -6881 -194
292 -2441 4305 -7681
-7054 5834 -4702 2771
-5951 -9584 -7528 1490
1278 3751 -1563 -1003
8755 580 -8473 -3157
-622 2586 -5849 -7778
2173 -8369 -9670 1804
192 -8532 -3464 3869
-9111 792 -2948 -1358
-4723 -5986 -3 -364
-9406 -2851 2459 6927
-3343 -7081 -4517 235
-6406 -4756 2574 -7063
6093 1252 -8498 -1141
1322 -3237 -6399 4029
1473 -4002 -8307 765
7256 -8334 -5665 7157
2243 9209 1074 1867
1128 -6290 -6335 -7191
-8052 836 4797 -6371
-7475 5973 2214 -6351
8226 -216 -4159 -5352
-1042 -8340 1011 -7852
-1029 -9095 -7209 196
-2213 -2330 -5496 1326
-4854 1212 -8796 6274
-5610 1533 7141 -9652
3216 2572 -4687 -6997
-9705 -9223 -6447 5918
-9392 1817 2271 -6703
-3177 2263 926 -9756
-7262 -721 -4392 -1707
8558 -7702 -7283 2281
-2087 2047 -5275 8828
-3245 -2532 -5275 754
7106 616 -412 1484
-1583 -6617 7641 -1127
270 -3995 -3321 -7549
-4253 -7491 2034 -3103
-2367 -209 -4873 8131
-122 -6807 -7339 649
1544 -5787 -3950 -7061
133 141 -9797 -7916
-883 6822 -5657 -1486
-7593 -7040 3058 165
-9995 1348 7012 -3404
-3314 8978 4912 -7502
-847 8020 -3986 -916
2639 -5698 -2724 -1132
-1817 -705 -5762 -1052
945 -920 -1060 1922
-5948 -7230 -5751 8256
-8226 -6083 3396 1138
-752 -3743 495 -5384
8831 -6543 1837 -3984
-8530 -7569 1766 2424
8688 -8949 4875 1733
-6516 1496 1469 -2078
-9169 910 5711 -3455
-7463 5768 4532 -6250
-3480 1809 -5432 5766
-8361 -8877 -6399 7491
8996 -4469 -6847 -2007
-7702 345 -2828 3483
3319 9837 -2522 535
-9897 -2996 -7573 -3898
6128 153 2359 -1182
-7994 -2425 5094 -5130
1311 -2552 -2282 -1858
-4120 9763 -3901 -9313
-9678 -7669 -622 -7492
-1213 -2937 -7184 6761
-4609 -910 -871 -299
5981 -9002 -1185 -689
-3733 -316 3175 -8794
-9274 -8755 -5761 7395
1665 163 2539 2103
7461 4202 855 -2326
-1094 -7385 -1303 4324
-4210 -8785 7855 -5961
-3054 -499 5100 -5417
-9346 4462 926 -1719
-2307 -4484 2234 8188
1591 -8182 -1043 808
-2309 524 2819 150
785 8677 -724 5784
4676 1560 -9581 -7828
6374 2754 -456 -3360
-4071 1160 -3993 -9868
-8259 -3516 7061 2283
9580 9847 -4593 933
-5680 -3880 -4318 -4888
-7385 -7262 -3213 8493
-7364 -1992 -421 88
2411 7352 -4074 -4939
861 3514 -4769 -21
-3287 2577 -5696 -5033
-2426 -923 4086 -3094
-9700 -5861 -8005 -6305
-1623 -7950 -6294 -6735
-7520 3119 -9953 4819
899 -3913 2708 -1856
-3622 -5573 -4019 -403
1170 -9368 -110 -1667
9368 -3837 -3844 8940
-7557 -8622 9797 -3021
-8773 -18 6492 -8912
-917 2166 1178 -1916
542 -5102 -7460 3716
-5338 5916 2532 -266
2695 2372 9098 3737
-2483 5576 4899 -7748
1146 -529 -2514 -3987
84 2120 -4423 6109
-1704 -5261 6712 2388
7892 -8139 -7089 -2024
-3858 -1580 8970 -6392
-3403 -5836 -9915 4033
-2556 -3409 5953 2207
-6394 2889 -5039 -1446
-1214 -517 373 3233
1646 2633 -6751 4660
-5075 518 -8673 -5443
4095 -3830 -4248 7929
945 3114 -184 5
-1942 -3739 2162 -8354
2595 -5204 6292 -8886
-3048 -882 9814 -9170
9735 4768 -1783 -6301
-6259 -9462 -1298 3214
-5507 -6692 -6066 372
2432 -7159 -6873 2966
7896 4041 -7045 -7967
6876 -1505 -6265 2694
4778 3519 -2346 2495
3464 -6069 -6723 -7165
-5711 -6750 1763 -1714
-2300 8814 -5199 -5395
1698 -3789 -2670 8852
9930 -7502 -4193 -2449
8595 8657 -8359 -4735
-9274 -2052 9830 -6223
-8893 -5581 3392 8624
8854 -6025 1459 -2446
-4482 -9715 -1251 -5615
-8182 -2779 -2930 3411
-215 -5535 -3479 -4235
-7630 9425 -2096 -7210
-9660 1555 2952 1466
3902 4865 1430 1355
-9546 -8103 -278 -7117
-1792 -5623 -9836 2602
-1658 6860 -5881 -444
-488 -638 1981 5620
-6431 2013 -9973 5031
-8680 -8448 -733 4219
3400 6091 1466 1464
-4735 -1972 -4790 4905
-3206 -1630 -5183 -9322
-8651 4813 125 -3180
-6385 2694 8282 -1826
-6565 1032 -9859 1794
-4798 2237 -938 2121
-5489 -2237 -120 6129
-3053 -128 1325 -1507
-8509 6996 4042 -2493
-1366 -4985 -4460 8916
4626 -5067 37 351
501 1893 4617 885
-7592 1287 769 -7475
2340 7109 -5537 976
-201 838 -5290 -9732
-6768 1054 4093 -7824
-8972 -1448 3192 -3730
-4256 -5087 -4657 -6840
-946 -2913 -5234 -6715
1129 7230 837 1541
-6426 2649 -8264 5120
-2730 -7766 2651 7018
-5475 -5281 3203 -7519
1333 -5470 2838 -6346
-2954 -8136 1353 1984
-8467 -9299 1633 -4104
-6044 5441 2898 -4000
-3445 -1663 634 -6259
1223 -9610 117 2694
-1929 -5543 -2283 2991
2472 -8545 -4865 3742
-9870 -2278 -1218 4311
-814 5843 2215 -2245
-2440 -5116 804 -5942
-4309 2161 1530 1108
-1028 -6347 -4539 234
9467 -6593 1527 15
4272 9237 -8492 -4641
-9567 -548 -1238 -1029
-8643 -8305 -3275 2209
8154 -1749 7512 -2397
-5163 -4508 358 5386
2568 -7961 -5805 -9983
-2577 2891 -4749 -5471
732 -2669 -5066 9240
-933 -5541 -1553 -2017
367 -2542 6158 -3646
8668 6660 -6799 -3445
-4409 864 -3788 -7377
7954 -6457 2173 -5657
-8917 -897 3019 -2788
-947 -6085 4929 -8267
-934 6730 -8423 -5504
1297 4831 -5846 -4896
-9722 -7159 -6477 -4393
2255 -5070 -7187 -745
1228 -1832 -809 873
-929 -6054 9701 -7005
-2699 -284 -1673 2695
7416 -797 -3173 6289
-6114 1211 -9043 -9804
3244 3792 -4999 -8534
4031 -5553 -7981 -8494
1469 -7321 9325 1566
-4197 -625 -4302 -5281
-8647 -7903 -2661 5102
4271 -704 7575 -7611
5221 -1221 -8681 -4044
-7726 -9860 8013 -445
1847 115 -44 6852
-2069 -8609 -2337 7465
-1729 4988 -2148 6504
2335 -5902 8020 1432
-4279 -7944 342 -6838
-19 2474 -3377 2685
-2065 -9265 2653 -3242
8616 -210 3461 -2925
32 -5547 4665 -1319
-274 -1 -58 -1960
9077 8928 -2487 379
-5864 -9860 -7017 6254
-9341 -5548 -76 -1747
5842 -1179 -8090 2105
-832 -7544 1484 9209
-4072 -2513 2155 4184
-6138 -376 4571 -3297
-2144 4225 -1705 1561
-5530 -9957 -3932 4874
-1125 -1697 -3985 -9387
9163 5331 -716 -2895
4731 655 -6375 3313
5372 -6834 -5200 -2391
-4427 -1698 1420 -5440
-7551 -690 -1443 -4257
-3538 4426 -9363 3533
-8465 -6805 -5869 -4004
970 4558 -6758 -1348
-4669 -9428 -514 1675
-7359 -2867 6469 -5692
7283 -4636 -7351 88
2470 -6563 -4647 -1417
993 203 -8267 2392
-6540 2416 1389 -6409
2760 -7076 -591 425
-8663 -3560 -2205 -5213
-1509 -706 9017 4466
1418 1221 9421 854
9992 8348 -8873 -558
3573 -9421 -4625 -4056
7722 -9566 -1085 2808
-8960 -7321 -5713 9557
-4249 -8995 -4315 -2910
-3718 3812 -4807 986
-8060 3646 -886 1445
-1383 -71 -8812 -3712
1233 -2753 -9561 2694
4062 -2927 -3054 5622
-6907 -2513 7897 -7528
58 6245 -3170 -1805
-6227 -7261 -1506 -6714
-8778 8354 -3406 1943
-7269 9615 -2032 -6483
-5172 -8633 -4415 -3444
2037 2494 -3561 637
2717 -7363 -1548 917
-3451 4479 -2631 1736
9010 1661 -742 2264
-1191 8919 -9038 -3199
-9070 -3938 -4974 -4621
-6678 -6251 -4242 3706
-866 1092 -7238 -681
360 -7281 -2218 292
1639 -557 -5619 -5598
-2050 -7963 -7653 4161
9390 -9304 4525 -4493
-7218 7244 153 -9032
9182 -4501 -3630 -2814
993 -9571 -8117 2798
5551 -4095 -1001 -4486
-5469 -6122 -4290 -3086
7241 -4046 -825 -4532
-7782 9373 7664 -4843
-2960 -7886 -4889 2210
1842 -3351 192 147
818 -6951 -8432 4724
-1927 -1806 -6632 2465
-3723 -1283 1017 755
2959 -1575 2701 -3515
146 2921 -5848 -7761
-5960 -3908 2367 -7379
825 4132 -800 -5942
-3505 -4038 -2220 932
28 -1437 -1072 -8212
-8188 381 8976 -8011
2470 -4729 -3334 -625
4246 -6778 2041 -5889
-3747 7082 -5152 -5087
-9883 -9467 -581 -4000
-698 -156 3002 1874
-3001 2076 -8261 -5929
-1024 -8122 5498 -6110
2885 -3769 -6172 6897
-7228 -3994 8127 9255
-8290 -8230 1372 766
3538 -1278 -1222 8138
-3977 2573 -3975 2039
-3788 -233 8065 -3737
-5914 -3095 536 1652
-8477 2562 -672 -5474
-1967 -9358 -7525 2693
-9267 2730 5159 9061
-8653 -7612 -5504 6817
-2356 1530 -395 2731
-1918 -926 -2306 8864
-5398 564 833 -1396
-452 2836 -7768 -4818
-2932 3280 -8585 -8901
-4556 4093 536 706
8569 -9782 -7195 8852
-1112 -4492 -7261 -3955
-1219 4546 -6729 -3887
1468 -6549 -9369 -2049
-1678 9467 3064 -2703
-6595 7121 -961 3233
-8266 -7065 2192 -5965
-768 -2090 3522 1478
4266 8318 -6409 5435
235 -2404 -6448 -7791
1688 24 -6634 7407
-7012 9454 -3282 6017
5330 -5570 -1103 -7581
4294 -2367 -7670 -6991
-2599 -167 -6640 -7853
2159 -2918 6973 -3685
3923 8864 -5409 7133
-6555 -715 1899 9259
2543 640 -45 2392
-9404 -4018 3659 -5168
-6921 -953 -7604 -8510
-380 3269 -2166 -4176
-1004 4157 2374 -2807
2035 -1632 -5042 -5249
-8911 361 7719 7599
-892 -9960 9642 -293
3431 -9592 184 9633
798 -1784 -6878 -3962
3392 60 -2852 -8944
-2989 993 -2890 6975
-2152 398 2428 -1877
14 2115 -9545 4436
-7053 -4315 -5985 9138
-3907 6681 5772 -6989
-1201 9759 -330 -9102
-977 7626 5288 -8941
-5454 -5967 1018 -2652
-1180 -5417 -5590 -7041
7892 -2624 1543 739
5766 620 -2455 6125
-7106 6683 -3430 2149
725 2337 -457 -6345
-737 7824 -8301 -9544
-564 -2773 2224 -2414
958 -4038 -7143 9433
8562 9107 -811 -2232
-473 -8489 1905 5525
6523 -8627 -285 -349
-8723 -9478 -1614 -8687
-9102 9227 -6536 -453
6370 -6665 -9075 120
-7027 -4826 -6529 -4358
-229 -1463 8953 -9068
5236 -3985 -7273 7686
466 4396 -2795 1832
1211 -5030 -274 318
1331 4359 4907 -8143
950 -4889 -7801 -9980
-636 -2728 -3840 978
6241 -7389 -8015 -2542
968 -5423 -5792 -2624
-5009 -3271 -606 9271
-8652 -7902 -7558 -3514
-3847 271 6779 -7167
-3348 -5052 2462 1077
-6373 6520 3993 -1335
1260 1728 2750 1668
-2747 -397 5414 -7832
-3034 -9274 -1505 -4514
6814 -8571 2455 1343
-5631 6296 3015 -6509
7496 -6373 -9997 3743
3462 -4589 1271 -4140
-5885 9166 -3847 4194
1089 1241 -6662 7119
8293 2061 -5466 -7947
2764 -3068 6724 2013
-9520 6663 1070 -5414
915 -6387 -1114 3566
-4399 -5789 -8148 -1973
-7884 -3186 2062 -7912
-3029 407 -2802 7787
-807 -5283 7687 7005
1392 -7460 -4027 -3490
-2522 -3774 -2991 -5806
-5613 5343 1848 -3536
-8990 -3875 9312 -5556
6867 2487 -9808 -7842
-2920 -5262 564 -3915
2307 -1110 -4044 -7130
-294 2151 -5555 -7091
-8095 -5882 -9395 -6742
-840 -6278 7854 -3762
-4272 2662 564 -1757
4552 -4090 1242 -2107
6558 -9840 -9416 2132
-5475 -943 -4081 -9731
-8864 9905 -389 -2183
-7158 -4817 -7124 42
-5367 -2337 1661 5235
1108 2927 -5620 200
-3184 -3192 9815 -8706
6078 -1015 -4675 -3728
-8638 -6690 -4096 740
-6550 -1603 7643 -6677
-2950 -7130 305 -3092
-1887 -6088 -6080 1810
-1243 -7115 -7468 7598
5375 -290 -6307 -6216
2172 -3952 4893 -5904
7456 8668 -5150 -3159
-7894 -7730 -6677 -2906
-6310 2302 -9300 4096
-1713 -5460 8623 -9213
-4410 -8508 -6419 7253
-3674 5173 -3576 -2490
-5279 -3193 -1686 -8590
-3708 -5624 -6716 -5202
2025 6050 -2748 -7929
2711 -860 7068 -9465
-1486 -55 -2399 7732
-5083 -2706 -190 -7712
-9152 -4177 4356 -1191
9311 -2599 -4111 -3522
8328 -9184 1495 -705
-6045 -5722 6778 4638
-627 2851 1780 -901
-9972 -8973 7878 7690
1132 -975 -7214 972
-491 -2569 -8740 -9962
-3387 -9649 -227 -1068
-2402 -352 -9804 -8205
3737 -1512 5645 -6779
1952 1743 -4280 -2667
-2122 -8376 -2288 1734
-7262 907 2162 -2052
1291 -8062 -3029 6495
9722 -4755 -7480 8389
4815 -1519 -8548 -3277
-5665 -8100 470 -2960
5385 630 -5716 -6852
1345 -2632 5569 -5291
-7563 -9672 215 -2288
-613 -8928 7576 1607
-9765 -7665 -6538 -1791
-3620 -8578 -2256 -4981
7555 -5848 -7758 -3245
123 -8775 2547 7110
-1739 -6942 8157 5907
-8405 6309 -1149 -5999
308 6167 -6258 5201
-6844 -8090 8846 5982
9828 7092 1037 1361
-545 5236 -8455 -9010
-9378 -4004 -6172 953
-5002 -7800 8055 -187
2866 -5175 -6509 -1358
-6191 3139 1563 -8422
6626 4687 -67 -1147
-5193 9348 -95 -7640
-3799 2479 -3857 -1272
-1246 -2213 527 -3
2437 1371 -7471 2550
6044 -8571 -6161 1388
-4519 -7482 1666 7182
-2557 -7595 -5389 3725
-626 6857 -4060 -7606
-1914 -2861 -2698 -4828
5924 -8145 4194 -4739
-8086 2509 -6593 2088
-8842 4995 -115 -4630
9467 868 -4674 -2212
-9888 -5693 1815 -76
6261 -4546 -2024 -2700
-5486 2742 -6987 -4023
-573 569 2766 -2374
-8758 3789 3764 -4981
-2584 4180 -2550 5251
-1543 -957 -3848 -7376
-571 2461 5672 4990
-6314 290 -4914 -93
4377 1242 -3864 -8974
-276 6359 -5340 -8247
1719 -8966 -1578 6311
1738 -1814 4783 -2409
-5959 274 1803 100
-5691 -3310 -9119 -8670
1271 6234 -353 2542
-642 8289 1738 -3091
4657 -4872 -4708 8018
-7522 4696 -3234 -3258
146 -4350 -5802 -9341
-9951 -8642 2302 -146
-6795 9300 749 -75
1973 9536 -9213 -5404
-1198 -1558 -3274 -4372
-8043 -6823 -6963 -1655
-1907 -3146 -2069 862
-6550 -1663 800 -5183
-6128 4513 4660 -9545
-8984 -2071 8417 -843
-6656 -7695 2839 -5491
64 -380 -5907 4932
1847 -8888 827 -3871
-1025 -7044 -9407 -2744
-3493 9620 -3851 -6647
-5324 -2285 2008 -3433
-7600 -8963 -6965 -5610
-2291 -2967 -7119 2460
-5230 4941 5781 -2684
4097 733 -9052 -6553
1964 8591 -297 2236
-4362 1791 -2583 3148
-7741 -5277 -5139 -2456
795 -9946 -7737 -1333
-6568 -4575 -4093 -334
-2031 634 -956 -9584
-1214 -2389 -9761 -4822
-6320 -2110 2716 -3824
-5507 537 -7477 -2067
-6482 2384 412 -1292
2158 -999 -1613 8611
5054 -9083 -2284 7903
-1477 7544 -8086 -3930
-6522 -4266 -1049 -4554
-5227 2205 5278 -9892
2522 -1655 -8612 -1799
-4171 -8452 575 1023
-6061 1235 9579 103
8932 59 -7620 -692
2053 292 9920 16
-3075 -614 276 8874
3863 -1960 -9333 -7527
-5798 1624 -7590 -5542
-4497 4434 -2614 -1742
-1697 7467 -4269 6333
3029 -5347 -8996 1252
-3915 5567 -1974 -1019
-809 7845 -7144 -5827
-8258 2819 1570 -5753
-2499 -3658 -3849 -2677
2752 -343 -6095 -4805
3669 -8518 -3063 12
3477 8174 -842 -3311
-9321 -5374 -3746 -5877
2998 -2827 -7198 3410
-1044 2547 258 -482
6339 -7819 1933 -541
-6559 7842 -7706 -5028
-7788 -4656 -1646 -4265
-7077 -9690 7293 3914
-3502 2696 624 9192
2392 -120 -7015 -8571
-2089 7535 -2924 -13
1853 -1966 -5063 -8129
-6799 190 539 -1465
-5970 496 778 -1498
1121 -1305 3271 -1626
-1135 -1958 -1881 -7781
6520 -2515 -9314 1068
-9490 9979 1823 -3799
-2708 -7166 -8411 -8509
-3312 -5693 -3164 2526
2393 2115 4235 -2959
7902 2236 207 -7623
8035 9176 -9345 1416
-6239 -5073 -8419 -6210
5974 -3835 -5801 242
-9239 -8757 -8310 -6737
-6325 -7060 7916 5300
1722 2814 6887 5220
-7178 5144 -5458 -1663
-9510 1652 6403 -3467
1109 7627 -7136 -2001
3525 -6263 8413 -8749
-3659 2465 5736 2177
-4592 -2592 -9360 -7059
7625 9423 1755 -8566
-9547 -8681 3684 9041
-5017 -1023 -6074 -6234
-3306 1188 -3901 3636
1451 -97 3592 2472
6193 -2115 1529 -3154
-4798 -28 750 2554
-1545 4554 6619 -963
8486 -2396 -5034 715
4028 1929 -5679 -1776
8499 -9010 -7166 5350
-9855 -8621 -6244 8064
-2761 1109 -6280 -4568
1829 -8271 114 1676
-8832 -8140 2698 -3261
4283 1100 -9053 -5301
-2696 1929 57 -7184
8467 -1743 -2983 1764
1090 -2055 -4480 -6540
-2187 -8138 5693 -8792
-1010 -669 -339 -7510
5933 496 -5651 -2008
-6840 -1989 -2294 -9227
1514 76 2271 -8191
6047 -318 5019 2546
-4738 -7174 184 1054
-1332 -1744 -7188 -9424
8003 -4098 -5042 -4889
-42 -2295 -1336 -1643
-2928 -8788 2406 9407
-7401 5122 969 -7353
-3416 -7344 -5639 -9524
-3675 -1874 -1827 -4540
8736 -4229 -7548 559
-5998 1544 3247 -1463
7507 -9041 -7485 -739
1553 -4491 1124 -2409
4012 4808 -9493 3752
2639 -4312 -5394 5068
-4208 -6720 8365 -3812
6794 -6628 2242 -3120
1926 1293 -3354 1435
-9114 6801 -3235 -948
-301 -5268 -9353 -2210
1787 -4128 1325 -4602
-4534 -8730 2724 -1469
-43 126 362 4125
-1751 6030 -5283 -9398
-2656 4289 5857 -9726
-3748 2690 -6349 -2959
3791 -6370 -8926 -4240
-782 -558 -489 -3417
829 8513 -3519 1443
-2910 -1870 -4610 -255
-2221 5351 -3788 -8867
-9735 -199 4009 -4199
-9164 2076 1935 -1090
-2367 507 -7191 -6078
-4797 809 846 -5192
-8524 -5981 9627 3119
-6337 6436 1395 -6465
2978 562 -219 -2256
118 -3889 -71 -1938
7271 -1221 -7990 -4341
616 617 -9792 -1070
-1144 370 9296 -8457
8735 -3886 -4447 5
-6953 1057 -5561 5666
-5111 -5597 -73 4937
30 -4278 -8966 7547
8152 2372 -9414 2578
3714 2304 1980 -7660
-4634 -1788 -5329 2067
1195 -9826 -1650 -5486
1359 -2292 2732 -5483
-8994 -6982 -9505 1400
-4253 972 -3810 1445
-208 -3162 -7482 4564
4687 -5790 -402 -6326
-6639 6390 -4088 3359
5699 -4731 2447 -6608
7999 -8036 866 -983
-1142 -1719 -3981 7817
-2263 436 3359 -7836
4801 -7737 -6955 -418
6653 -7003 2206 -764
3242 1585 -3553 -7014
-7063 -6272 9068 9321
-3894 832 -9338 -7482
-5418 181 -8423 -6367
6966 766 2982 -416
2582 2597 -1568 -5885
4429 -5870 -3712 -626
-2012 -8188 -9083 2519
-3132 -9134 -6608 -9519
-2352 -2698 6763 2979
2702 -1373 -5416 5475
-1996 1297 -3863 -6528
4477 -9182 -3375 -621
4949 -5437 880 -1710
9370 -5760 -7941 -3577
-3939 -6275 6028 -2048
1100 -9550 -6670 2060
-8405 -6896 630 7261
-6241 -5010 4890 -9323
425 -7408 -233 -584
-9630 -1501 9922 -9359
-9818 -1112 -5023 5252
-2506 208 -9772 -3768
-3827 280 -3021 1510
-8479 -9041 -4101 -8544
4566 8273 315 3573
-6522 -68 8569 -7427
-2232 1024 3773 -8281
-3266 -7642 4354 3238
-3477 -9601 -4671 -5040
-5829 2604 1602 161
-2428 -9497 403 306
2992 -487 -3363 766
4797 -4420 -3173 -9002
-8837 9236 5818 -8831
-2996 215 -6292 -6305
4827 -9578 -1110 -3160
6903 -3117 -3424 -59
-4298 -8244 -9879 -8375
5877 -4094 -9571 -1712
-9297 -7510 -6232 -5613
749 -9231 -8967 8701
623 495 -5863 -571
-9678 -2136 5864 -2915
-7338 -4930 8334 2870
2397 -8842 -332 7086
-7223 2377 791 2289
6722 1985 2324 -1227
-6569 127 -7057 1975
-8759 -963 5834 2162
-1412 5387 -8698 -3212
-5343 -4023 935 8149
-328 -9953 -2683 719
1240 -5061 6821 2054
1349 490 3446 -5035
5377 146 -7255 -8654
103 -3579 7370 3537
-1724 -3907 -6025 -1564
-3688 1757 4354 1738
-6592 -4725 7259 3888
-945 -1107 1741 -3384
3993 -3865 -7973 -4623
-9792 -8140 -3044 -2672
1973 -2493 -3762 -7993
-8516 1094 3090 -1208
-6153 -2881 -1489 5252
-5755 -9112 -7728 4843
2034 -2668 -5373 -7033
-2082 1549 -789 -2496
3107 -4978 -2863 388
-1979 -396 443 417
3552 -381 -3503 4499
7511 -7107 -3800 -4103
7200 -6910 -7819 6650
-6288 -132 -8314 -8173
3329 -3825 5732 3357
-7388 -5786 -80 6042
-1058 -4195 8076 -7604
6412 -7139 -8529 6870
-6856 -3041 3216 1941
-1982 1595 -7038 2155
2894 6636 3135 -1842
1198 1198 1330 -1474
-2718 -9778 -2981 -3632
5066 2218 -8270 -2386
-5735 -22 9707 -8675
1457 -8350 999 5914
1843 -3096 -4007 -5586
-905 -6448 -2568 1046
-3813 -231 -7887 -6806
2797 8371 -1660 -2890
-887 -6410 -1079 3168
-4291 -9083 3456 -4635
6026 -3760 -5942 -1882
886 -4417 3450 -8222
4252 2156 -4001 -570
-7994 -6958 799 -3662
-1805 -8136 -2076 -2019
-8786 3564 281 -2963
-8270 2818 -560 -5787
-5000 -2651 3050 8328
1331 -6355 8935 -4496
-6139 -4917 -676 -1526
2050 851 -639 1731
-4737 -6237 816 3666
-246 3527 -8418 -7464
9914 -8087 -671 -876
1553 -64 -8817 -1003
-9237 3606 4797 -673
-2464 -1236 7786 7109
-1072 6129 2598 -3044
3318 -1285 -5828 6333
-6891 9740 -7230 -3067
-2756 -481 -6620 8920
7545 -4866 -8719 -1253
-5960 9887 -5968 6271
2287 -4871 163 -7602
-8937 -8662 -5383 8098
-1831 -7029 -5638 4680
-3138 -2291 5340 -9710
-4069 1535 -6794 -8452
-6155 884 2628 -6616
8968 -8931 -6546 2032
-3722 -3008 -5864 -1856
-9759 4489 -8695 -3446
1871 8245 -394 2191
-191 9809 -9542 -4581
-1155 -4648 788 -5463
-2505 5971 -411 -2801
5972 -8649 -9756 1604
-5014 1499 3196 -9328
2511 -4479 -7815 1175
-4518 -3984 -4078 -2853
4831 -5220 1359 7079
7057 -2714 -2842 -778
-7865 8300 -674 -303
-8294 -6312 -2401 63
3667 -5262 525 -1824
-4763 471 -604 -3071
202 4983 1124 2505
3220 -9178 1482 -6662
1526 -3042 -7889 2411
7570 -7669 707 5973
-3990 -5268 -9796 3479
-3386 -3852 -3447 6692
419 -6246 363 -3966
-8810 5787 7388 -8870
-8592 -8343 -4462 -211
-7479 4372 -1699 -6514
-1224 2321 -6786 -8273
1740 -6247 -3598 -3112
-572 -1427 3595 -5352
-8676 -7309 -7979 651
-5211 -3471 3540 -989
-9837 -22 -4204 3031
-3059 -1027 -4609 -6672
9767 3539 -7596 -3375
-126 6540 -5329 -5363
3890 2898 -5096 2437
8566 -9476 764 -6280
-8711 -8185 2288 -761
2930 2677 -5 5517
-6646 302 5725 -2514
-5860 -4039 6608 4250
-4133 -1207 -2858 -4294
-5330 -1739 1664 1675
-9932 -1252 3788 -1199
3675 -1255 -9925 -2961
207 7894 -3346 -2378
-8625 -2525 8495 4003
-791 9509 2543 -6488
-8768 2801 9909 -579
2017 -671 -4298 -5053
-9186 -1612 9039 -9121
-6944 1109 -7675 -9694
-7168 475 2390 4984
-8856 8108 -7345 -2363
-2548 -5401 9453 -8479
9098 -1100 -1643 827
1285 -3515 -5733 6111
9345 -2680 -8157 1390
-6467 -8798 -1934 -3365
-168 -1929 -9031 -3091
-8862 1786 2489 -6411
-3361 -3597 3650 -29
-3645 5236 -2377 -5
-838 -2290 -8126 3391
-2503 9116 -2282 -4526
297 8585 -4226 203
2890 -6646 -7698 -4376
-9713 -7903 -3882 -4065
1798 3436 -1088 9184
-5292 -3325 -5923 703
-2626 9678 -3839 -3251
2060 -3195 882 -4269
585 -9171 -870 4182
-6487 3041 -9820 -9386
1329 -3747 -8489 3643
-6884 -4165 -4794 6849
-182 -4397 -9080 -1204
2364 -9989 -5817 1904
-9073 108 207 3856
613 5707 -8780 -4550
-4154 1559 -5527 -5878
9871 -4429 4674 627
-1162 -4238 -1484 4096
-8125 -1806 -9035 -5205
-8886 -3898 513 5909
6710 -9581 -3440 2789
2598 1204 302 -382
3496 -1159 -8440 1641
6873 -9104 2316 -4575
-4825 1879 4972 -7919
1534 4174 -6275 -9694
-8892 -4219 -9625 7260
-6557 -5947 5638 -2234
6225 6213 -145 -1467
-4420 -2798 6850 -9044
-8888 7092 -4799 3036
-6638 -4353 -3330 9129
-6993 1313 -4782 -7175
4203 1020 -6245 2259
-7099 2576 4939 2210
9127 -699 8521 -555
-9751 -4926 -8129 330
-2797 -2722 1504 -5949
3949 -4009 -8535 1682
-7122 -2483 -2739 -4247
-7086 339 -2544 1063
1514 -1985 -1719 1214
869 3032 -192 509
1011 -2824 8930 -5623
-9438 3222 933 1391
-7727 3146 6773 5984
-4657 -9950 -2106 -6848
-410 -3783 -2834 -2277
-2745 2972 1598 4864
-3820 9633 1600 2120
1485 947 -107 -9524
-7604 -8758 -4774 1980
7919 -4825 -3087 2825
6792 -5279 -7499 -311
9466 6241 -3565 -6187
-57 -1516 -9230 -142
-2626 -1048 1471 -6542
2622 1463 -4973 8791
2597 -8023 -6788 4019
-732 -3165 -6774 -8014
-9519 207 7627 -8025
8879 4992 -8898 -6918
2258 2225 -5384 -1238
1188 933 -8233 -6312
-1920 177 -7107 5321
-1538 951 -9492 -7378
6338 -6851 -6200 -7104
2530 1787 31 8124
6394 -756 -6023 9080
5089 -4427 -7714 -5214
-1834 -693 1115 -1514
-4085 -1149 -2700 -5599
-609 4007 9281 -2675
-8748 -8189 403 712
-8919 9540 -6180 -846
-6523 -3518 -8445 -3701
5657 4524 -8966 -4984
-9818 2898 414 -7683
-567 -6900 -5473 -4607
-4853 6544 7750 -8317
-7506 -5489 -2957 9659
-5500 3903 -6206 -6283
-9737 -3243 -6740 -4789
5382 1777 -2107 -850
6383 -3253 4057 3089
6365 -6896 -8702 -270
4803 -9220 -2141 63
-1960 -8598 -1201 -9389
-5850 -2957 -7468 3126
5521 -6516 -2876 -7413
-1234 -6580 -9502 -9635
5639 258 -3299 -5839
6274 1519 -4173 627
-8169 -5985 -87 -3621
9729 2864 -5639 -1748
-2180 675 -8591 -3482
-9208 837 -1765 5562
-2826 -6173 7715 -219
-858 -8429 -3087 -9703
-5263 -5335 6741 4873
-2276 -2950 -3254 -856
-1580 -3132 -9103 6466
-3011 1435 -6529 -3930
6979 -917 9640 481
7893 1615 9897 7700
-6758 -6445 1988 553
-4005 -5787 1979 -6770
5852 -7307 -2901 -7533
-4468 9532 8 73
-4152 -2977 -8185 -7213
-3503 -2802 -5101 -7430
9976 7005 -6970 -9907
-2829 -384 -9844 1571
-9439 9365 -2437 -3474
375 2312 -186 4317
4701 -3380 -7239 2542
-3597 8137 -2041 2880
-9395 732 -8032 5200
-2135 -4158 -6056 5100
-1604 -2627 -4877 978
-7040 -7854 -1459 -4043
-5118 -8675 -3096 -321
-4414 147 -107 -4825
-6143 -2370 -4312 -875
-105 -249 -6424 -5110
8854 8469 -4576 -7948
-7660 5726 4003 -7780
6750 987 -1326 -7308
1042 -4556 -3129 1615
-9096 -2660 -1475 -3960
-4983 -743 -6343 -8042
9443 604 -1211 -5612
-9222 -5281 -4689 1684
1171 7256 -5336 -9842
-6205 -2548 4327 9567
-2391 -8396 -3305 -877
5895 796 -7007 2261
-3923 -87 1450 -9187
2426 -3787 -6310 4883
-1535 5067 -1288 -8576
6132 -9061 -9999 -2152
-6969 2179 4984 -5044
7963 490 -9133 -9146
5935 -5547 -8411 8481
927 5634 -3781 -6236
4641 5805 -6386 -6420
-5788 3155 -7350 -4185
1602 7522 -6876 907
-5323 6544 -6172 -4366
-3750 6376 934 -4127
2064 -6074 -7730 7040
-6174 2587 -5434 -8006
-7503 -3474 8401 -2800
-2942 -135 -6085 -3579
-2836 4502 53 -3918
5358 963 87 1169
-8336 9163 -7246 3177
1430 953 -2976 4850
344 -5974 6440 1538
1554 -8848 1506 -7852
3578 6511 -152 -95
9857 5883 -7394 -9205
-1036 -603 -9680 9949
-9848 2470 -3113 -9109
53 1043 -617 1346
1194 -2423 4249 3730
4889 2114 467 -3639
-6860 -232 -620 -5645
-4362 -7227 -8875 9637
-8240 5316 6881 -6962
-7588 -1469 -7652 -8882
1648 -486 2069 8132
-3354 -6629 4000 -5770
-909 -206 3236 -5989
4657 -9901 -9414 2313
-7133 373 9801 1825
7740 -1923 -4576 7821
328 -1215 -5513 -3198
-8693 -6087 3878 -3247
-100 800 7196 -8059
-7523 525 6730 -9656
798 -3414 -8337 -8549
13 8087 -4870 -1404
-290 -4644 -4514 56
-7197 -3073 7444 2470
755 -8524 3154 -5170
-4625 -791 1603 -6220
-4783 4697 1418 -812
-5837 -2450 -2184 -8674
-4194 5208 -8165 -9803
-8959 355 -2271 -2711
2332 -5117 138 -1516
-7077 8801 -6551 5464
1918 -8543 -1211 2790
7264 -9448 851 -5457
1926 -773 5028 -5054
208 1735 -3073 1872
-1214 5753 -6526 -5654
-4335 -2930 -5590 -5613
-4998 -4890 2569 8386
9655 8983 -4753 -9081
1128 -6794 8477 -61
-2713 391 -1410 2910
-918 -4073 340 -9312
-3732 -2174 -1787 4744
-235 -4130 -9683 1437
9476 559 556 -8415
943 -4467 -2867 -1359
-6527 3006 -1777 1552
-2642 1068 697 -3501
-2810 1128 5345 6090
-2309 2496 1739 5109
-7414 3208 8406 -1809
-1693 -6958 -3940 -55
-2270 -1875 -1950 8036
-6473 -3845 1868 9262
-8147 5652 -4455 1765
6483 -2312 -4342 766
-6762 -6235 -3139 -4402
-5364 743 -4398 -6874
3510 1600 -9000 1596
-5071 597 -6356 7221
-1196 -810 9573 -6192
8125 8220 -2693 -2310
-9404 9953 -3237 -9684
-8139 -9791 -8794 -5012
-5819 -1952 -817 -2573
-545 -5923 7132 5198
4619 -3632 -610 1250
-317 2032 -8543 -9151
-1314 -4656 -111 -8619
-575 -6445 4449 -8541
3700 869 1678 -1588
-7379 -1875 -6594 7348
-6094 1430 739 -6407
-1511 2158 748 1617
-2314 -1482 -8230 1491
-635 -9270 -940 6782
-5892 -840 -3565 -5884
-2935 -5293 -6439 -4720
-6525 1013 7750 -9134
-3008 1953 -5007 -2373
-4336 -3825 4021 -6644
6676 -8399 -314 9170
-2573 -2929 -323 -6558
-4490 -9140 2208 -3504
-1811 -4948 5184 -2201
-7416 -3749 -994 -8493
-7132 -6691 -3498 271
-3540 -6621 -5058 1814
-2638 -3480 -7282 -9008
-8401 8012 240 1393
-5075 -1134 -3099 8589
-2873 -9721 151 649
4761 6572 -6564 -8761
5510 -7463 120 -8068
-2631 -4311 -9171 430
1447 545 -5701 7166
-4278 -4468 1630 1746
6819 -1161 9149 76
-6887 -2585 -5003 -1099
-399 1071 6199 388
-958 -1896 -8484 -783
1822 -2522 -207 -6639
-1390 -4416 2340 -6596
791 -3023 5469 1089
3446 -5280 -2598 400
-1648 -8018 -519 -6862
-330 -6518 2301 9980
-9260 -8607 -5272 -1376
-8358 1532 -7263 -5823
1589 243 -9264 -9223
-2668 -8386 -4350 2552
3350 -7092 -3717 -7802
-9405 -7939 2033 -2081
-787 -3219 -7607 5417
-9302 1073 -617 -7745
-9732 -4285 6161 1132
1368 -9775 -7199 6508
-5578 1400 -2420 -3438
1420 1597 -4293 3
-1171 248 2660 9772
-6526 -239 1854 -3969
-7147 -1151 -3045 -599
2418 4414 5327 5740
-6515 -9497 1529 2645
-7043 9924 -1318 -7374
261 -5003 -40 6983
8836 -295 -3030 -1358
1150 -2584 -3435 -2016
1252 -6395 -5925 1369
-9671 -5919 -1506 -1844
-4648 9405 -2821 4909
-6123 -8317 -6991 3696
-3537 -4977 -6876 2228
-81 -15 -8261 192
6661 6702 -1594 -9993
-7722 1874 8109 -7577
-6458 -5177 -584 1795
8161 647 113 -688
-4960 -4346 -8393 8758
1030 -4522 6624 -8026
1495 -8066 -3726 8240
-5653 -3596 -5652 -1711
-5311 4106 -5000 1635
-3376 6751 -5413 -4265
-7803 -373 -3660 -2628
1669 349 -7797 8294
-1613 7186 -7991 -3361
-282 219 -9489 -5817
-4295 -5111 -5811 4398
394 -7102 -4429 1673
3744 5195 -7455 -1652

1038 2240
