1000 166634
9146 -9904 782 5825
6036 1830 -3654 -9627
-1276 3323 -4626 -8480
5814 -3939 -1218 -871
9891 -6163 1580 8586
2479 7120 -9335 -1886
23 -3168 -9865 3536
-1819 -367 -4489 -5634
-8985 -250 -6623 -8452
9569 2666 177 4735
4734 -1950 67 -5048
-9397 -871 -2305 -4534
4262 7624 -6957 -7162
-9452 1199 4843 7803
4786 1093 -524 -1189
4975 -4847 -25 1918
8569 -7753 -7128 -1219
-3595 4984 -7384 5177
-8750 532 -813 -6917
-2655 -7344 2246 -6371
-7746 -9089 -6174 -8176
7757 -6029 -2637 -1145
-8204 5802 -3350 1872
7864 -8680 1478 1981
-9907 5210 -7927 -9442
4128 -498 9922 1693
1237 -4673 4481 -7921
3572 4643 3153 4357
1214 -8093 -6230 5671
1032 -4772 -1563 -9985
-7328 -9018 1197 -5988
-7438 -7051 -9932 -4879
593 -8357 1004 -5731
-5361 2327 -9707 -4273
2258 -9621 2965 682
-5055 -2418 -2253 2102
-2329 1272 517 -2834
-378 -9292 412 1704
-7366 1462 8427 -9571
7169 3858 -6619 227
12 -1952 3716 -4405
-2157 -5750 9179 -6530
4140 5756 -5858 -8880
-9824 850 -4521 -1654
-7004 9809 -9589 2959
8990 -7795 -1537 -9420
2108 -8629 1721 5734
-3129 131 2789 -4531
85 6752 3790 82
-9284 1463 -5876 -8664
-9830 -4424 8784 4584
2877 -1935 -5400 -172
-3974 -5221 488 7767
2426 -5923 -3747 6056
2997 -1604 -8025 -8744
647 -5767 2294 -7011
2690 -5714 -6105 -1229
-7424 -4038 885 -3969
-4837 1757 -764 2011
-2078 -5562 -4890 -6674
7203 -5333 -6020 -3907
3546 -7990 -4851 9237
-5529 2046 5150 -8422
5608 -2520 9115 -9194
-8262 -66 -9970 -6631
-7399 -3458 -9392 -5273
-8748 9199 -6077 -817
-1238 4690 2984 432
-9113 -4195 3897 -9760
-9387 5805 -5234 1754
-8785 -529 -8124 -9409
-3560 -9858 5959 -9579
3678 -8490 -4859 -1189
309 6950 4045 6409
-5295 3787 -5586 2091
2547 9151 -1425 -2956
-8982 -2795 6719 533
-7040 -8095 -3507 -9105
-9244 6723 1976 -5827
-9807 800 -5671 -7426
-8204 -5291 3898 -8978
-7277 -693 -3552 -5562
9617 841 6631 -4925
-541 -3275 5812 -5399
5904 -6347 -507 -7257
-5960 -5615 7214 -5124
-8271 -5763 -6656 6074
-8459 -421 -7702 -8310
9272 -2146 2119 -9713
-4772 -8117 -692 239
-4057 9222 -2614 -8207
2517 -245 758 2529
1545 1688 -223 6682
-4946 -3122 -5496 -2437
1262 -1379 135 -9071
-5615 -7963 8526 1400
-8371 1547 -7529 -708
-7168 1001 90 -8713
8798 -777 -2276 -7088
162 7533 -4488 1631
-5985 9360 -6399 -8370
4157 -6687 -1108 1737
7845 4405 2382 -2738
-5131 541 1055 9375
6959 -4945 -3598 202
9112 -877 -4572 -7941
-4975 -1591 -4353 -3494
4100 3525 -6542 9225
7194 -970 -3231 -1875
-6859 -3317 -3431 3124
-2074 -1456 1359 -8784
-7004 -9231 -5308 4009
1817 -5062 -7630 -1526
5605 -6174 3998 4549
-6159 -6311 -5403 1536
586 -6773 -7554 -5332
-1518 -8582 -6071 -6654
2586 1617 -9986 -1409
1901 5081 -440 4439
-7953 -3675 7086 -2535
2048 -1246 -2588 -5099
-8631 -3674 172 -6730
-8071 2165 -9223 2544
-6511 2816 -6472 3607
-928 -2944 -5139 -3621
-1204 1458 -708 -7211
1976 -7306 3539 -9580
119 -9400 1143 -84
3949 -4925 -1456 -918
-3452 -8916 -9859 6977
-4539 -2975 2501 8926
6776 -3893 -3081 -7916
710 8734 -3958 2396
2102 -508 7249 -547
-8427 -2539 8151 2789
-3987 -4948 123 -243
-8990 -3881 -619 2071
-6676 -2907 -7550 -7734
-2688 4138 7833 -1889
-2493 -1790 -4020 -2591
-7297 -4782 -1930 -7944
-3629 -2411 -475 -7064
3030 1872 3398 -9690
3941 -7489 -4210 -4111
2508 -5086 -3879 -531
-5254 -8079 -7871 -5728
-9506 -7659 705 -7939
-9887 -5442 -1382 9782
-3238 -8896 -4829 4339
-3090 681 1700 9376
1814 -9481 -1603 -1926
-4406 -5838 805 -2506
1268 -7972 782 3822
3139 -4192 -4902 -3551
-7776 -7275 496 1945
-6914 -4455 1996 3516
2526 2654 4659 -8512
3278 1393 6486 4528
-2542 -3353 2375 -3842
5783 195 -8145 3459
-3019 -718 3377 -2625
-6615 -1123 6233 -5844
-6903 -1875 -3409 -750
-8604 2117 -2840 -6489
4991 -220 -699 1817
-1460 8983 858 -4801
-4335 -9370 -3628 -1090
-7059 3746 -4496 7822
8433 7591 -6893 -5006
5262 8468 1123 1401
-5287 -6302 8132 -236
-5581 -5135 1989 1678
-6924 5062 -9197 -8610
-2787 136 -3881 1901
-8488 7769 2656 4940
-9457 89 -271 -294
-2787 836 210 -8721
-5653 -7792 9098 -4368
-2914 1983 7530 -434
2254 9911 1516 -9267
-3691 4993 -5128 3410
-5485 6447 -8950 -1529
6694 -4014 2446 -7099
8095 9641 -5903 -7339
-2484 -2032 -9162 1446
106 -243 2693 5931
4583 -6787 -793 -9455
4494 -3698 -6975 1781
72 1780 -7472 -6087
660 8712 -4371 -7656
-6732 -2733 -7539 1763
5611 1331 3778 338
-1125 2462 -8309 -4658
-7179 -5254 336 -1322
-2912 -9784 256 6068
2463 -7728 -8605 -769
-5035 -3250 -4830 -1698
-500 -414 -8169 -6854
8576 -9829 1804 -5757
-518 533 7593 6223
4874 2486 -6474 -391
-5189 252 -428 -4496
5050 -1391 -9400 -9030
4781 5255 -5065 -3620
3454 -811 555 -1820
-3665 -5150 -9122 1854
-3023 3053 -2875 1714
1304 -4180 -5300 301
750 -9165 -5624 -8089
6403 -5608 6473 -9031
-2229 -3148 -1426 630
-3604 -2195 -5219 -671
-1620 -1230 -2958 -4434
-4173 -1946 -5577 -3689
-2989 8194 1303 1002
2081 -9421 -4563 3556
-9080 -405 -1408 319
1303 -5812 1494 -594
505 -6648 6338 -55
-7923 2038 -192 1953
-5834 -1310 8920 7994
-9469 -2014 -1786 -8309
3692 -278 -2422 1187
-9411 -6577 -4050 -1214
-7418 5534 -3293 -8380
-9086 -3878 -9011 -2447
-1636 5413 1812 6043
-5127 -2884 3081 -2896
-628 7125 -85 -1825
-4015 -4573 -8136 454
1896 -8889 -4900 -3209
998 -9994 -5405 1807
-5120 -3581 9766 8363
-4092 -1488 5175 -1810
-8937 -5250 2353 -9138
6279 5049 -7963 360
2510 -4514 1701 -4967
-758 -9593 4600 1118
853 8541 -7260 -2265
4185 -2285 -8252 -808
2644 -2546 -4256 -6821
9572 -9996 -7430 2225
9582 9608 -3381 -7178
-1020 7732 9243 -9873
-242 -8404 -6332 1518
249 8347 -8468 -2612
-2518 -4958 -3740 -3571
-1258 5796 5725 -5035
1774 -8565 -8626 -7895
-4402 7141 -3850 2446
1276 -944 -3399 -5985
-4165 -7866 987 -5696
1529 8774 -6195 -675
-9471 2131 7371 -5551
569 -68 -5878 -3963
-4408 -718 -3646 -237
-2351 90 -3839 6736
-6115 4942 -2882 1077
461 1400 5448 -7269
4653 -317 -3279 -254
-9279 -7427 6617 7726
-729 -454 -39 8514
-4734 -186 -9480 -1805
-5602 -431 2143 1518
-4166 3328 -8598 -5911
-4886 -7723 -8679 2008
-7750 -1466 -7712 -15
2366 8574 -9064 7981
724 -4676 -9715 -9227
-7416 -7350 6631 728
8931 -5465 -5750 352
-2244 -5505 -8889 3332
-4240 1956 -2265 9781
-881 -2752 -9753 -4719
-3489 2599 -8753 -2241
-212 -6746 1245 6067
-3911 1367 -8355 -9662
-7939 -534 7139 -5646
-3407 -4478 -4791 -118
-4166 -3515 -9856 -8533
2916 -4099 -4706 2016
290 -6086 -2111 4899
-9327 -1914 -1671 308
1530 -751 -4288 -9173
-1115 6715 -6238 -7778
4448 -6929 5883 -9290
-8109 -949 -5174 1388
-5614 -5057 2442 -5724
-2280 1122 3296 -4726
-5413 -1981 2476 6784
-2832 4639 -5751 -3754
-7767 6027 -6592 384
565 7683 -3422 -5860
9389 2842 -3579 2042
-5882 5552 -6018 6527
-7576 -5063 -2008 9160
240 -5418 -2632 -7092
-7922 -575 -9624 -5627
4396 -6980 -6250 948
9308 3425 -4525 838
-4801 4943 -9990 -2812
-2686 -4291 -9585 6213
-3113 -2994 1837 -6046
-3846 9594 -7086 -717
2727 1676 -1082 -1427
462 -1925 -8595 -7745
-7747 -3221 -3836 -6720
9750 -7862 -8117 -4679
-4842 885 -8761 -4454
249 3552 9082 4656
-7762 -542 -9529 -8287
-8859 7682 -1866 -7538
-2168 -6543 444 -4932
-6848 -3488 -5395 -6800
-2265 568 7839 1742
-5997 1446 -5210 -1680
-5534 -1140 -2787 -2329
5560 -3764 1810 -5981
-6611 -2527 -8522 5177
8986 -2051 -1823 -1828
-5259 2351 8445 -5102
-7421 1682 4079 -7675
-5155 -9585 6686 2543
2147 -5557 1400 6327
7280 -9383 -7604 176
-6938 -6847 972 -6714
-3657 1623 -6671 9894
7501 -1278 -6799 898
1613 -1163 1780 -5118
-9461 5132 -7188 -6036
1727 -1078 -8905 7379
-9939 7332 1859 -5846
3681 9217 261 2241
-9325 -9164 -2546 7256
-5468 -3440 8494 9673
-8481 -2399 1329 -3691
-8911 -1102 6252 -5856
744 -8398 -9957 -5381
-6201 -78 1221 734
4934 -5200 -2107 2391
4985 2429 959 -2791
-7802 -6241 7101 -3016
-6115 4116 9470 -6080
-5999 -5107 2431 -6645
-8940 -9116 4352 -991
-7971 -6916 -4028 1642
-7253 5794 -1842 -543
8948 -1668 -5738 -7816
-1823 -1556 4675 -6944
-2756 -5837 -7899 573
-7302 -8531 -8236 396
-2935 -1004 5957 -6320
-1655 1372 -577 5229
8293 -7845 -6234 236
-5557 9042 2565 -9887
6125 -2035 -9711 -831
6578 5482 -2090 -2908
-9180 -2563 1269 1016
-293 -3241 3528 -8191
5560 9131 -3137 -2803
-62 -1630 -7954 -4387
-7894 31 -6733 1038
1672 1328 6223 -773
-8140 -6585 -6503 6346
-9435 8069 1839 -3426
3241 779 7422 -6358
-7774 -2124 -2907 -8250
-6735 -981 2558 -6134
7645 -4156 -435 -2584
-9403 -7805 -572 4679
2479 -3793 -5933 -442
-8350 973 -6823 7452
-3262 -5124 -4327 -7795
-9476 -6061 -5259 1746
28 -1625 -3864 5611
-3608 1589 3809 -6083
-530 -164 -2417 -3281
2434 -3583 -5892 -5265
-4550 2366 -4714 -7928
-1615 -6644 -9846 -9605
-2952 727 -1268 -342
-2472 -6505 2403 -2181
-4316 -1765 -603 -528
-3541 -2864 872 -9338
-636 -5648 2098 -3609
2185 -6238 -4755 -2203
-2267 4063 -5389 -7587
1323 5255 -2774 196
6424 5486 -5687 -3090
944 -4712 -1421 -7111
-6003 -2360 1021 -2498
3157 889 -421 2268
-4232 6420 -5560 -3873
4239 -3415 -6120 9054
4060 -9704 -6452 -9919
-5766 -8197 -1663 8163
4583 9912 -412 -5458
-8654 -2158 -574 -8403
-6726 9972 -8280 -7109
-4832 -6067 9607 3591
-1305 1739 -4013 1067
-7929 -3948 -2758 -8909
1719 48 -980 -945
-8476 1124 -9989 2495
-7631 -1181 -6369 -6426
-7438 -4152 -5499 -5629
2391 -5871 -1124 -970
-8945 -763 5479 -7154
6230 -7276 -1871 1734
-8508 -4604 1624 4998
-9899 7698 8098 -4039
-8149 5500 -9536 -473
-1727 -6345 -4609 -9460
-2262 -3587 -6292 -8787
-4081 7811 6558 -3500
-4746 -595 -3901 7875
6891 5349 -8011 -7242
-8076 -5184 1657 -7920
3721 -6387 -9384 -2235
6205 -9343 -6590 2371
-7510 -5691 -828 -7550
7865 8573 -8665 3598
-4161 -5558 -5215 7704
-6304 8878 5342 -9834
-4294 -7988 -6181 50
-5345 -756 -3087 5337
-6227 3416 -2283 -9450
6768 160 -7645 1803
-1113 -2419 -3836 -8809
2723 4303 -7299 -3963
-8892 298 -3284 8867
9593 -2536 8546 4121
-2395 -8157 -8082 -9103
1906 -2916 -2999 -5231
-6741 7683 930 -8641
-2168 7322 2376 -3444
1319 -2597 -370 -5500
-7443 -2555 9724 -4760
7799 5890 9976 -8254
-4882 6422 -5013 -7036
-5780 2040 367 -7387
-7967 -8822 -9841 9972
8586 7165 -7698 -3154
-1209 -2025 -5413 -4762
-7161 4114 -1914 -5540
5590 -5374 -8894 -2333
-8780 5689 -2486 -85
-4517 1797 -746 7854
-4241 1879 6928 -4919
6093 -4998 9312 -5646
-7095 -9968 -3478 9497
2545 5184 -3745 -2130
-2353 -6513 -1325 -1401
-9589 -7411 -2593 -3162
-7284 -6512 5640 3499
-9764 4603 1328 5754
7174 -3997 337 -1506
-9058 8476 5375 -7502
8219 377 934 -1702
5731 -5685 -3302 4707
6136 786 -6251 -7157
-1743 4625 7664 -6292
-4255 -6348 -9769 6148
-3776 -2249 9894 -2481
4847 -2767 9763 -3533
-215 2727 3730 6323
-9096 2677 851 -4494
-7108 -1077 -7567 3617
-6983 -5343 -2459 4788
-6282 5241 -6788 -3934
-3504 7238 -3079 -1546
4190 -6429 -7501 5873
3557 3188 3383 9227
4911 -5878 -6089 -8387
-7568 -7791 -4776 8339
1098 7987 365 5965
-7659 9541 -5992 -3609
-13 -720 302 -6694
-950 -5539 -7811 9801
-2520 2517 -3794 -9553
-2072 -6172 7053 4695
-5539 -4794 -2265 -2279
-5280 7733 -2792 -3173
4350 -1483 1538 -3537
7203 -1433 5268 -1424
-6064 -1775 -5278 6008
619 -596 -2070 -9606
8301 -3996 -6675 -1617
9882 -4068 2211 -7880
2154 -9319 930 -2095
9020 8192 -9804 -7068
-5720 -9954 285 -186
2357 -5207 -1124 -1818
-4767 -156 -1429 -8651
437 -884 3657 1337
-4124 -2575 -9391 -4344
-8116 1182 -7179 -1323
-7256 -3020 -9549 -8070
-3690 7258 -747 1084
-8753 55 -5634 -3345
-9220 8012 -4915 4584
-758 -7582 6482 -4600
-5659 9115 -8613 -6381
-108 1600 6618 -7838
5532 8298 -3652 -7709
2081 2527 -8809 -7198
-7681 1776 8228 -7740
7392 1973 -303 1435
-8866 -5716 7904 4343
244 -281 3154 -5186
-5508 -4439 -9348 -1731
-3557 -5932 -3519 -1019
-9841 -22 -4074 -2939
-4379 9674 2276 -6352
2474 -4494 -9050 -1383
-5773 -1447 207 5892
6262 732 1708 -2428
-5877 52 4465 -4569
3708 -7764 -7854 8754
-8760 -5834 -7483 -4109
227 -4640 7245 -5135
-4680 -5466 -2730 -3125
-2861 -1293 6678 -8331
494 685 -1084 3956
-7481 -7108 -6010 -450
2852 -5628 -5550 3247
-9222 -3545 3075 -1196
5058 4674 -870 -396
7795 -2875 -7761 -8449
1154 -302 6649 -7862
-9251 -9889 -623 -8642
-9705 3844 -8764 994
-3347 -9787 4175 -4206
-2674 -7163 -2798 5289
-2206 -5629 -6774 -207
1685 -1080 -7773 -5893
3303 7072 -5864 -5577
1328 -6091 -8745 4374
-4451 -8723 -4493 -3400
-5701 -2937 -5135 -9438
-5029 -2340 1466 -4798
-8464 -4104 9394 2080
-4647 -654 2271 1019
-8216 -5009 4486 -4524
-1050 -91 -2880 623
-6820 -6595 -920 3302
8929 -6846 -65 2263
-5436 -2901 -2079 8117
-5286 -3421 -437 3329
-9810 2027 -6098 -7700
-6038 -9359 3380 1531
-3224 -3395 9053 8362
-5606 -1357 -7877 5752
-3665 -2258 -3396 -954
-9964 -49 9961 -6461
1981 -2399 6690 -6738
-2272 -5630 -3195 2162
-8226 -7406 8436 -4890
9253 -9996 -2453 -1204
9512 -4390 -5298 957
-7857 -587 -1582 1849
-1197 -6135 -1236 6182
7557 2514 -1827 -935
7518 -4693 -246 488
1484 -3979 -5593 -7347
-9219 60 -6203 -2813
-150 9950 -5211 656
6838 2343 -4416 -5506
-8966 -12 5196 -7257
9624 -7390 -7658 1010
-2043 -2020 -4425 -4892
9500 -735 -6966 -4108
9434 -8819 -9258 -5574
-1358 1494 -7138 5307
3613 -3894 4972 5019
-2939 -4949 -5829 -3459
-7285 9264 -1367 -2339
-5907 -310 6142 -9067
-3620 832 -757 -9763
-6968 2874 -3275 -2053
-131 -5369 -4061 -2129
-6897 523 -9206 2251
-1029 -4764 -5825 2522
5331 609 69 -4764
-1140 -4516 -9350 734
-2607 -16 -5166 -7294
779 8794 -2056 -5432
-10000 -4708 -8456 7726
-3006 -1612 1148 9729
-7713 742 -237 3172
-616 -2990 -3956 -4848
-8126 9192 -1524 -5641
3852 -4199 -7150 -2835
-7056 -7840 5948 -2382
-1156 2773 -4397 1930
-5045 1039 -4014 6926
-8963 -8973 -5680 1387
-2999 -371 9628 -3250
-1215 2492 5596 -9883
6527 -4984 -5210 -1524
-4994 8015 -5281 -8037
-8462 -827 -465 -1135
6238 -6478 -4294 1793
-1235 2123 -2313 6270
-2161 2247 -1565 5032
-8090 5240 -4312 -5894
-3927 -6258 -6770 -2768
8952 912 -6534 -4882
3183 767 1846 1092
4878 -4301 -5080 6377
-731 -4520 -9625 -7303
3293 6251 -3884 -4344
-5131 -9599 5136 -3815
728 3040 -9579 -9498
-1998 8432 -8713 -7994
4075 965 -2772 -6817
-9371 -9450 -4322 -3958
-5863 4414 -1262 -9052
-8035 -2493 -3061 -5604
9632 -6114 191 -5134
-8514 -2433 -3100 1796
855 -9201 -8285 -1307
-1831 2298 8138 6138
-4315 -6673 -6720 6995
6495 -8146 -7292 1319
-3786 -9599 5773 6928
-800 8375 -4099 2208
-9370 3806 577 -9394
-5767 -540 276 -2777
-7594 -5754 -3257 5916
1101 -336 -8647 -2356
-9100 -9898 -2130 1504
-3727 -7203 -826 888
5229 -6523 649 1510
-3001 -9491 -2642 -6976
5950 1939 -975 1359
-2043 -2700 -6816 -760
-8736 -5716 6817 -5140
3380 1141 -5378 -2104
-3827 780 -4903 4318
5054 -3519 -9033 -3516
2600 -6103 2579 -4742
-3608 -1405 2643 6967
2437 -3683 7127 -8309
-860 -7725 -8416 1620
1902 -9456 -1977 -1184
-5137 -7148 -3724 -1969
9258 7908 -7938 -9849
-3247 114 -2812 5285
-992 4818 -4610 -6865
-813 -5986 -3707 -2164
-7549 -8919 -485 -343
-5274 6506 1272 -2534
-3776 9285 -5237 2698
-3115 -2605 539 -7793
-4482 -6068 1652 1089
4185 -3925 23 -2054
-1849 -790 -8490 -6745
-6766 6693 -5737 -2930
-8846 -8275 6308 1717
-5454 2285 8692 1009
-9709 -1112 -7954 -7287
-446 7244 -9317 -8998
3683 -3434 3508 3903
-2518 1650 -4695 9585
-4355 -2097 -209 1657
-9040 -9057 -8079 -6716
371 -7936 2946 -9441
4657 -9385 -3146 -2701
-5186 -2625 -3159 3214
3549 -8969 1157 -6157
2859 -3964 -6883 -1359
-4472 9358 2544 -1566
-1551 5572 -5377 -5213
3416 -7072 -3230 1879
-7591 -3185 -8012 -4124
-2982 -1362 -5843 -3667
-7933 -5839 -1680 -1108
-4808 1200 -5220 5710
-8690 495 1881 102
-4988 2879 -8013 7424
-9777 -7155 -2316 -7061
5262 -6281 -1996 5125
-6774 -5399 -8439 414
-9405 -2081 4381 -2022
-1488 -8106 -3067 -3099
-6873 493 6149 -4722
-7783 7614 -3916 -3554
-8908 -174 9972 1059
-5877 -4179 -7948 -7124
-6901 -3958 -9205 8836
6774 -8801 -5803 1042
-1535 -775 -2069 -7904
-8416 -9620 -1113 -5105
2859 -7757 -9178 -5517
3512 -1267 -3766 -4982
-9065 1311 -4856 354
-2397 -4298 1261 -5018
-6218 -5748 -193 7445
5179 -3605 -4699 -7802
-8351 1161 -5105 1010
-6985 3280 -6230 -2570
-6687 -4153 5407 7019
-5219 -1215 -4443 -9635
8622 -5436 1524 7967
-5811 -2169 -523 -3174
-4869 1378 -5485 1975
4446 -1347 -4361 -6507
5796 1376 -4273 -2365
-862 1433 9196 9560
-6758 2152 -7092 1861
-4383 -6509 4381 -2320
-2739 -3133 -5826 8048
6780 -5379 8424 -5909
-3835 -430 8628 -5845
-3825 -571 9064 -6235
-3993 -1667 -9863 5891
1950 363 7416 -8722
-7872 -2789 -8758 -4371
8713 -3889 -7265 -6090
5592 -7982 -4238 -3238
8030 -9644 -9069 3132
1389 532 -6105 -4538
-7867 -7503 -4858 8964
-8972 -7850 -3782 5695
-5850 -8113 -2243 -6616
-244 4161 -2940 -8600
-7703 -2199 -258 -2187
-5605 -4330 -2730 7329
-4965 -1019 -9212 -8678
-5576 2567 1030 -3274
-8208 -2918 1642 -4124
-1340 -9783 -734 4428
7248 -9298 -5393 -1153
-7937 9652 -3103 -9404
9239 -9917 -655 -2537
5942 8460 11 -3337
6698 1914 -4294 -4014
7228 683 -9552 -3312
-1984 -9699 -3531 -2957
-7129 1449 3560 -4565
6631 -8960 -6732 -1566
-5643 -383 -9418 -5677
-3667 -96 8950 -5254
-5525 8717 -6721 -3501
-6213 3617 -2539 664
-5860 8256 3960 -9640
-4911 -6648 2731 -2246
-4089 -9294 455 6225
-2270 647 -1240 -4118
-9587 1508 3562 -5367
9657 -8603 -6096 -339
5427 -1726 -6177 -6411
-7094 -2617 -2265 -6312
-2412 7201 -5840 -5195
-363 -3428 -9017 -2794
9798 -9081 3661 2637
-1875 -4896 -6809 7134
3862 -3406 -2840 2257
-2536 3854 -2832 -1083
-1056 -6905 252 9752
-631 6704 -5893 -6608
-5524 4043 -3349 -3007
-6766 -1999 3502 -2027
89 -1817 -2942 1302
-7261 6533 -5997 1344
-767 -9117 -6441 6588
8108 -7024 -5972 711
-7141 -8026 6618 -1075
-6660 1623 -5785 -2075
-2990 -8464 -6802 3293
-4865 707 -3645 -9349
6092 -327 -9803 -9493
-3851 -1888 -4883 -4014
622 8883 -3800 -656
8529 3191 -3112 -1110
9623 2382 -7180 -8378
7307 9914 -8616 -5209
-43 -3823 -4402 2346
-560 297 5065 761
-7624 -8621 -5080 1800
-1739 2112 9683 -9497
-5911 -3823 -8834 -9138
7222 -5668 -1531 -2147
-212 469 2375 -2292
8867 -714 -9295 4016
-3593 -5087 -4587 7193
-7096 -1322 1895 -9715
-535 -8265 -3951 4255
-8411 -7441 -4370 -2431
-1002 3378 -3232 7144
-3768 6761 -8977 -6758
-6300 -5477 -3289 -6397
8994 -6601 -4905 1281
-7380 -9420 1773 1085
814 -1070 -6262 -8997
-5886 4235 -9929 -7725
-3266 -5197 4004 2294
-9287 7933 3621 -6585
-9595 1438 2770 -8917
-4771 -4632 5185 48
-5722 -2076 -2339 -4542
6300 7439 -7326 -4938
-6341 5559 1527 -3647
-3073 6514 -3481 -6636
-236 -8511 -4358 2683
-3912 -5486 -6539 -6078
-4808 -1365 -4681 5462
1401 -9966 375 8780
-5129 867 -6034 -1193
-766 176 2016 6766
4097 -6308 6337 -7909
-9171 -490 -4482 -4727
2596 6191 -8116 -7119
6447 -4882 1972 -5050
7131 1083 -6561 -6502
-2253 -3151 6922 -9519
-4647 -9092 -4348 -9889
1897 -4528 -4068 2600
-5129 8240 -5207 799
4641 7983 -624 1431
-1525 5374 -4798 -6199
-3331 4610 1149 -6080
-7367 -205 -5155 -1877
-6945 -5170 -5221 7329
-3431 -4192 -2889 -8556
-4326 -2236 -2453 -4100
9343 -6149 -7117 3825
5144 6137 -1848 -647
5145 -407 -7009 -6916
-2650 -1724 -7811 -2195
-8077 8853 -5904 -8181
-4247 -2755 -1354 -5916
-9288 7105 -1993 3730
-870 8190 -8583 -323
-5965 -7282 3925 4099
-5979 9996 -613 1395
6063 -2327 -1058 -635
-3234 -5290 -8037 829
715 -1180 3671 1723
5021 -7087 199 -2121
667 -6713 -5993 -2761
-5899 2552 -7909 -8608
6940 -4749 -5694 1509
-5410 867 2224 -6224
-7341 -9001 -3268 1319
-6149 -1623 -2488 -3878
-6109 -6342 -1184 -4167
-9249 314 2337 -3126
-3289 4323 1799 -6177
2497 2583 -5981 -8350
-8706 -6824 -4725 -3223
-6921 -8369 3303 -686
-2051 1475 8186 -3161
-5363 -4551 -3678 -875
-3449 551 -9090 6500
-8374 -7373 2282 860
-1354 -3626 8613 833
210 160 -144 745
2954 9849 -9979 -1340
-6778 6580 -8086 1580
1458 2741 -1652 9214
-5261 -603 5774 455
-8087 -3026 -4404 5268
4637 4301 -5563 -5650
-3869 -545 -1534 -5686
4929 -9548 -4266 8268
491 -7336 -4378 11
1209 -4283 -6898 -8450
-9335 2926 -4598 -8923
-6570 -1149 -3756 6095
-3255 2519 -3878 -4708
4723 -7474 -9163 1891
-2525 2988 -7085 -5273
-4317 -2008 4105 -4858
-4124 -2920 -741 9666
-7847 -4784 -6103 -4007
-4629 -3609 -7701 5826
9272 9643 -9537 -6488
2162 -1489 6576 -2400
2277 -6226 -2932 -4801
402 -6308 -9497 -7787
613 1642 3463 -4316
-1224 334 -1189 -7755
-6467 -4101 -1431 -3430
-1596 -4959 -2107 -7397
4058 -452 3229 -5933
-6510 -6492 -5260 -1567
-3245 -6424 -104 -7764
-930 -1184 -4342 6854
9224 -6549 -9464 6213
-2396 9529 -1804 -3090
-9626 -7127 -3837 1823
3256 3289 -8594 -8648
-506 721 -8371 -5712
4204 -3995 -6611 -2679
-3869 -5065 -3707 6125
-9095 -7208 7041 -6965
-2585 985 -4836 -2143
-471 -3449 -6438 9380
1602 -3270 -5184 -589
-919 187 6259 2645
-7265 -6274 3527 -4432
1464 2620 -9034 -7197
-1811 1723 -8348 987
4521 -6685 -328 1017
-1301 -6987 -3357 2122
1816 -4540 2110 -4949
-6819 -5505 658 -7598
9570 -8548 -3689 -2016
-6921 7405 -9585 -2925
-3516 -6070 940 -5318
-7818 -9973 -1596 -3540
72 209 -8157 9725
7338 927 286 -7374
638 -5809 -9213 2571
655 -2704 -6871 -4481
-182 399 -9894 -8642
1397 -9296 368 6606
-6544 -5070 6105 1649
-6462 6380 -771 -1849
-7627 7357 4657 -9438
-7973 -6592 -3017 436
-3491 6432 -6319 -778
-6424 -2427 -2997 -6756
4092 -3245 -5146 116
1843 -2704 -8183 8024
-3138 2157 2095 -2070
-3965 -4082 -3894 -4657
-8577 -7224 9295 7689
1486 -6625 7224 -2373
1707 -1197 8538 -2882
-3049 -924 -5303 -2809
8384 9562 -227 1428
760 4489 5702 -4049
-8315 -6551 -746 7279
-7660 -9956 841 -408
-5691 -2966 1399 2030
9792 -5559 -8771 2567
-5424 4314 -4698 -3843
-903 420 -87 7491
-9141 9109 -5645 -4880
-5831 464 -8557 1987
9459 6619 -3062 -8168
5880 -2679 677 -5236
-7838 -3447 9994 -5193
732 -2170 -6758 -6247
-13 5757 449 -2881
1054 -9819 -5983 1603
-7406 -6202 4845 5566
4117 101 -1358 2648
-9338 -9035 732 -8783
-2110 -2265 -7249 -2942
3560 -4908 -8005 -852
5518 -675 799 -874
-2709 -4575 -7581 -7839
-1894 -9026 -6543 2701
6868 -8153 -2702 -500
-6498 118 -7134 373
-4704 1539 -5578 -5125
-1987 2227 2034 1674
-2322 -1499 4108 -5655
-9196 9732 -635 222
-8726 -6152 8294 8808
-2663 -9361 154 4577
-8641 970 -412 -9547
-8729 -2646 3059 -5893
-6730 -6745 -1476 -6687
6061 -9936 514 -5912
-998 4984 -3777 -2928
-5405 -8258 2410 -4230
-3599 7649 -5396 -2000
-253 -7840 -8718 -4235
-3434 3947 -2902 5543
5977 -7459 -3829 -2054
-5396 -81 1608 -4410
-8511 -2161 -3334 -511
-8936 -2723 9585 -8451
6895 -8052 -8889 5325
915 -7482 -5149 -581
3318 2690 -4418 -1963
-5499 -4539 -4348 8494
9715 6644 -5613 -8968
-5191 7830 -5229 -2427
-6112 -7405 5118 645
-9454 6466 -4446 -949
66 1146 -7768 -6592
-3644 -4046 -8486 -615
-2509 1997 6323 -893
-603 6745 -7799 -4087
-2369 8757 -7202 88
2451 -6427 -1904 2418
-7866 -3568 4960 -5674
-7238 8016 -7378 1624
-6812 -3706 -7677 2928
1040 -3037 -1172 8359
-3407 -7376 -974 -5590
-3388 -7038 -3577 -8822
-7045 -4867 -5810 -9871
-4553 5685 -1560 -7530
