2500 1277650
9316 -8043 -7786 -8068
-1895 -3355 -5647 1994
5359 -8697 450 -6190
-9846 -8265 -6872 3206
-4597 1677 -1527 -548
-6506 -7071 -2229 2425
-7053 2066 -3165 8304
-6472 -8921 7721 -7868
-1837 -6807 -3857 -4613
-5623 -6186 -2583 6831
236 -9517 -1042 -8920
-2014 1618 -5478 -374
1903 -761 7968 5189
-6083 3435 -953 7794
-282 7711 -4260 -5150
-8245 -6126 -3360 -1701
-1083 -7163 -1373 -1116
-7775 9784 -1225 -4415
-5105 -8111 -3751 -8949
629 1962 -833 -7927
-2279 5170 9734 7623
-3461 -6333 2758 -358
-8933 8843 -2506 -1769
-1705 9985 -5992 232
-1957 2964 -7058 -7430
-9551 -7923 -4853 -2788
3485 4790 -3344 -4316
8590 -9167 8661 -4430
-3217 5421 2629 7544
-1539 -9666 47 889
-4609 -7541 -2471 -720
-9325 -1372 -2568 9429
-2461 -6859 -6563 -7971
1217 -2305 -4718 -4705
-7760 6883 2534 -5890
1154 7939 -3323 7012
1893 -8923 -7507 4235
5335 -3017 -9251 -2653
478 -1575 431 2414
-2052 -3818 1446 8079
-2880 7094 -1815 -5883
-3052 708 3397 9378
-9860 -5048 2556 -7257
-8861 3297 2343 -8693
-2708 -7530 8187 -4448
-5089 3646 5376 -6
-5376 -5886 -9523 5568
-8727 -8659 -8361 -6339
-1010 -9696 851 -4073
2113 -8566 8575 -7577
-4555 6443 -3781 -7939
-7382 -926 4783 9819
7388 7803 8348 -1364
-9042 92 -8987 873
-7417 1214 -8009 3429
-5445 2065 -3882 4552
-3139 -856 -8047 -6037
9877 5892 -4096 -6695
1388 -5779 8756 -3593
-9908 8544 2790 1155
3881 -945 -3342 8763
-7081 -8092 454 5630
-2456 -5050 2173 -7052
-304 -3357 9514 2643
-791 -3997 -4367 -5829
-6986 -93 -3973 6949
7528 8134 3432 -2628
6539 -9693 -4988 -8623
-8757 -7284 3138 1057
-9796 -6876 -96 1241
6261 456 -4671 -2236
-3258 -7114 -7368 -4660
26 2012 1313 8129
-5233 -4735 5184 2527
-6288 -3095 -2234 4553
-2367 881 7372 -1047
-8006 -8003 -2432 544
7311 -5402 -6582 82
3917 1559 -2150 -8423
3118 1742 6147 -495
-2289 8486 -8183 -2980
-5340 -5805 7354 -5221
-5174 -4979 -8288 -5278
2109 -7150 -7274 -4749
109 2405 -5028 3393
-2422 -6340 -8887 -1707
9288 -1767 -3396 344
-5424 -4635 -8797 -703
1585 2295 -6324 -9057
352 -3585 -4779 -7512
-8451 -8655 -6611 2241
-8586 8077 -6655 493
-8564 1199 5000 -561
1469 -5639 6963 -6194
822 -4397 -9925 -4729
-2839 1677 2294 163
-743 -4688 1969 7268
1024 -4095 -1647 8430
6657 -4252 152 -8368
-1826 1284 -9677 -7576
9515 -6572 -3558 -8630
-2591 2231 -1959 3999
-1799 -964 7433 -2872
-1680 -7282 -7116 3507
5521 7382 -6508 -2521
7867 1545 -5613 2020
-818 -663 -682 -9998
4006 -4668 -190 -3764
-509 5071 -7714 1232
133 3242 9572 -4010
-6199 -3708 -9910 1384
1584 -8136 -21 -9214
-1663 -4565 130 -7428
-4618 2483 -1969 3066
-2899 2503 -4635 -2859
748 -5380 -2279 -8848
274 -4567 -771 773
-853 -2948 1320 -1519
-1219 -6127 8063 4116
-2234 -4824 -1589 1532
1348 -4562 5714 -3728
-4526 -7737 -9823 2931
-5225 -7288 6089 -5402
-7646 -5826 4556 206
-591 -7429 7442 -4868
3724 451 -555 -3394
-5508 -1175 -1569 7386
2341 -8415 -5953 -2818
-5134 6546 -3224 -113
2672 9958 -6074 -2426
-5263 -8596 -1138 644
3648 5665 5744 -3076
7163 4002 -9477 2221
6401 898 -5690 -5777
-9410 -5653 -4765 276
-1963 480 -8554 -8010
696 8305 -9777 2061
-5767 -8649 7112 6988
170 -4 -6966 2977
7628 -4303 7135 -723
5229 -1384 -1271 -4656
-7841 -9362 5315 78
3305 -6354 -8786 6991
-8773 5330 -6839 73
-4785 -3399 -6673 -7421
8909 -1624 -4498 895
3476 9879 -1547 6169
-9565 -784 -6955 -9011
-5457 -3589 -8374 911
-7078 -3680 -3933 7607
-5198 2113 -8896 -6793
7946 -3209 -9651 1155
2197 5428 519 -8753
-4572 1853 5727 -1460
-6133 7736 3548 -246
6047 8984 815 1800
-9008 4153 -784 -3936
-365 9923 4114 9252
2813 -4329 -4087 4579
-1800 -4674 8585 -8381
-8615 -4496 -2525 -6214
-6565 9562 5607 -7919
-9200 -511 -2761 -1394
-7762 -8540 -9709 -3066
1828 9778 4001 515
9181 1498 -7304 -4218
7751 5628 -9168 -7576
-1767 -9393 4604 7188
-9035 290 8673 674
-9062 2444 900 -856
-8253 -54 -6943 -2969
1282 -3074 -9687 -6091
2393 -9647 -7796 -2858
-4770 -3828 4089 8167
-4855 -9287 -5720 585
2494 -9283 -8972 -4838
2209 -1421 -4884 -3636
-6618 1747 1377 -5941
-8488 -6715 -2058 -6677
4778 -1715 -6095 -2677
-5639 1673 5918 -2267
838 1164 1135 -5478
-6968 9378 -4713 3364
642 7285 -1114 -2233
-6008 3454 654 6948
-830 -8779 901 -1820
-7250 1204 -6523 1587
-8690 -8474 -5323 -3955
7941 -8140 7185 -1363
-5940 3553 -5604 -6759
-6071 401 7734 -5410
-1318 -9133 -5264 -8708
952 -2347 -9186 -4699
-6990 -6599 -2149 2458
-9498 596 -2245 -7892
-9699 9549 1628 -4577
-6690 -1979 -1110 -9094
2466 -5589 9990 -416
8606 1160 -9159 7750
1563 -5087 -4837 -3399
-6719 -1773 4304 3355
8550 3567 -4315 -4418
9129 7748 -5970 -3570
9500 -2347 1716 -2552
-178 -7834 -4570 1766
983 -9249 -1334 -922
114 -4108 -6960 332
-7476 -3514 4982 -3803
8003 -8762 -1418 -7120
49 9702 -1682 -9349
7449 -6177 -2630 -1680
-5518 436 -3263 -4847
-2330 2952 -7857 -2628
-1954 -977 -5529 7256
841 336 -2632 2203
-523 9553 -7218 -5571
-7546 -5360 -8265 -9436
-8238 -9252 257 4858
-4434 -7511 -601 -7347
-980 -790 -4826 2331
-2236 -8387 3761 -2740
-4662 -8976 -8487 -5158
-4986 -8145 -9093 3632
-3168 5395 -2505 4592
489 -6210 -6105 6508
4852 3399 -837 6531
-3549 -4284 1719 -6894
-6727 -3954 -1088 -7741
-1165 -3002 -4614 -3793
39 7557 -9364 3497
-667 5463 -8930 8804
6076 -8064 -6244 3965
-3487 8915 8093 2383
9941 -9860 -215 -7005
-2553 -5447 1812 -6627
614 3699 8074 -3069
307 -2502 -473 7408
-7654 -5312 9434 -3295
5923 -8239 755 -3766
478 5135 2832 -8035
-6348 -5734 -8735 1049
-6601 -1935 -6439 -461
-7056 -5875 -9657 3736
-1695 256 -2239 3765
-3030 -4499 -3349 -3571
-9340 1142 -597 6328
-325 5287 -7248 -9953
4483 7514 -9473 -4125
-2906 -6664 -2264 -6717
-590 -1171 -3614 -8801
869 -7157 -458 3730
-5802 3714 -3063 -5347
-4355 -4233 -7683 -640
-7163 3690 2416 -4507
-8517 3913 3188 2499
7793 -4865 4930 -2911
-1823 -9279 -4073 2414
4150 -156 -3207 -8279
-2675 1894 -9750 4201
3493 -7534 -3496 2763
-2539 3139 -2978 3855
-9470 -2457 6913 -9914
-9526 -8081 -2571 -2702
-4011 -5305 4819 3954
-5542 9766 -1346 5786
-8499 -5463 -3293 6650
-930 -690 3346 -9702
8669 463 -3665 9043
-1785 -2319 -9980 -5685
-3292 4126 -1289 -4884
-6971 -5671 684 -3084
8206 376 -4794 -2974
-8155 -5332 -2340 1420
-741 -5952 -1825 9968
-2012 36 6872 935
-5294 -6921 -7861 -260
2135 1671 -3495 256
8071 8505 -636 -6840
5978 -6369 -8948 -2079
36 -2036 3651 -5147
-8642 -6726 -890 6398
-6994 4932 -6754 -5623
-5462 -455 -2747 -3133
-2907 -1078 -6670 -3806
-9915 4023 -4636 -6787
1750 8046 8118 -441
-320 2078 2387 -9734
5772 1163 -347 5752
1807 -8938 34 5032
-8464 -2694 -5404 -5408
-2225 -6299 -6324 -2706
149 7471 -6763 -7783
-4970 5179 -4144 -8714
-6270 2771 -4816 -870
-2009 4737 -8145 8642
-4955 5166 -9617 -8015
4495 2038 -56 -3058
-172 -3251 -5839 6281
1062 3663 6920 -848
358 -9733 901 8057
-9098 -7135 3678 5663
2640 -8654 -9833 -5238
-4101 -4645 9113 -292
1840 -3575 35 7449
-2121 1526 1888 -7661
-4109 -1212 -2897 -5124
2839 860 -1922 -7604
-8165 -4622 -2637 -2483
2632 -9262 1393 -7085
-2031 -2563 -8053 -6833
-2260 5689 6492 5249
-6895 -429 -8470 4226
-8314 -8036 -3602 8361
-324 -1238 -3433 796
-6312 -9802 820 -8849
4495 838 -5532 -2649
1973 305 -3120 -7391
-2196 -3710 -1959 2672
-2054 -6411 -856 150
-6950 6873 4404 364
-2593 -9553 1949 9197
-5627 -8758 809 -6077
-26 -685 -9946 3665
-2290 -396 8856 -706
-4238 9167 -6342 -1474
-4434 -1784 524 8338
-9406 -8057 1152 -5206
-7443 -407 1153 -5618
-6361 -7751 1080 1164
-276 1132 -8346 -8357
480 -2640 122 -3140
-696 -5870 -7527 -7698
-9871 -684 9756 9990
1588 2005 5794 7066
873 -2062 -3660 8943
-2742 2105 -135 -4057
-6978 4060 -4861 473
5156 -7331 8131 -9299
1923 7475 -9114 -1835
-6201 -2511 231 -2990
-1212 1778 -2368 -709
-371 -2461 -5453 -357
-7101 -2568 1792 -6908
-5098 -3171 1023 9828
-8922 -7081 -468 -271
-3669 -4391 8470 -262
-5057 8249 6182 -5601
-6179 403 -3178 -2636
9108 1847 -5995 -3470
7567 1448 -8737 -7654
-5807 -2431 -5564 629
251 -820 656 -1140
-8456 296 116 -1082
-8323 -7866 2439 -4807
-141 9954 1300 -8487
1028 7389 -8935 -9760
-7865 1919 -6818 1521
-6700 -49 2239 7653
-8156 -8070 -2455 -4863
-5054 -9124 1425 2772
-3623 -5768 -1883 -2643
-4853 -4673 -3217 -2287
5042 -1541 -914 5266
-3803 -8312 -8676 977
772 -1999 -3409 -9327
2254 7861 -6379 -9655
-8309 -818 1365 -5814
-4902 -4594 -5915 -7784
146 -8016 -2996 -503
-2378 4010 3282 -2911
-1035 -1953 7865 -681
4021 -8417 -4092 696
7482 -8273 -654 3475
6205 8495 -1357 907
4490 -3100 2020 -1179
2635 -3897 -3490 -9756
-3939 -4290 9047 -883
1459 -639 -1751 -1202
-684 6562 -9551 -1175
-7289 -3223 4937 2437
5920 -6626 -6177 -1449
-2503 9159 -3647 -9804
-9027 -7285 8274 -2089
872 -5847 -7436 -2098
-4823 -7204 -5535 6504
7771 -649 -4912 8997
-6053 7745 -8657 -7300
4555 -2923 28 -6366
-3968 6443 1682 -7441
295 -2206 -3592 -4110
-1820 -5408 -7711 -7310
-2977 -925 -9423 2564
9191 -9014 -1195 -4605
6544 3366 -4736 -3183
-1813 6319 -5546 -1065
-5922 -4330 8316 -5226
-2448 -6444 -7322 4320
-4807 -726 -3445 -9754
-9626 5663 481 -2363
1545 1956 -3863 -5244
-2201 -511 -3026 -8866
-3644 -7215 -1145 -2438
-7103 5081 -3719 -1236
4726 -4295 9531 -6717
-6366 -4121 -2989 8402
-2574 2477 1921 -5236
-2029 -4499 287 -1161
2762 -7564 -2111 -6204
-4822 -992 4759 -7485
6366 -7946 99 -1560
-3744 5334 424 -4558
-1487 3453 -6046 -9263
5298 4016 -2471 -7452
1375 -1431 5733 -7887
-2703 1875 -4152 3623
-3320 -3915 2472 2520
-6928 3323 -8537 2732
-8936 -4380 6661 -5890
-3606 -5701 -6098 667
1727 -77 -645 4298
3728 -2753 -8345 8389
-810 -961 -9262 9084
-4522 -2958 -3968 -2278
-5354 9310 -4719 -9389
2161 -6862 -791 -3772
1286 6584 901 -1810
-4630 8713 -6047 -1306
-4847 2246 -9065 -3040
-8941 8265 -6890 7116
5896 -1234 -3751 -1425
-7651 4405 -2414 53
938 65 -4501 6679
-66 572 5938 7837
2684 890 -3423 8853
-2014 -4518 -3937 8441
-5730 1513 1125 -4279
-9105 8656 -434 -7750
4624 -7847 -46 -5700
5003 8354 4872 -6110
-1834 -9600 -123 8605
370 -3279 -3521 2216
-7865 -8532 9924 2367
-1913 4670 -3355 -2477
-7408 795 7257 8630
-7111 688 -9036 -1357
9026 8390 -3266 -9703
-1023 -5575 -3205 -607
-6158 -2425 -3283 8150
-9887 -2197 5135 -9681
2261 -1208 -3530 -6391
-4502 -9011 -7926 -361
8050 640 143 2438
-9998 -3324 375 5307
-626 -7400 -3105 8524
603 -1345 -6713 7303
-2670 -2241 -7820 -4658
1978 -5216 -6234 1880
-6857 -2080 9474 1621
-7341 -2147 -1838 3824
682 -4809 -7482 8160
-5290 -3707 -5975 -8799
-8592 -4298 -1728 -7433
4350 226 -8420 -8961
-7716 -3848 -9187 -5062
-5987 1224 -8263 -4225
-1829 -1801 8754 -4127
6289 7482 -5858 -2428
-28 -2790 -4956 -3946
-7864 -7126 -4399 -5436
-7568 -8127 2192 4498
-859 -5825 -3154 1684
8112 -3877 -7066 7187
-9810 -4287 4143 -7671
-2772 -3211 -70 -7997
-2983 1588 -5414 -2483
380 2178 -5954 -5199
-5026 -4644 -1023 547
-4186 -2438 -678 -2242
-2885 -5523 -7566 9645
-6742 -6448 2061 183
-5168 -7431 615 -3618
-7398 9833 2380 4394
-3036 1514 8270 8861
-7443 -9935 -5640 826
2244 -944 1810 -9630
-9639 8483 -4346 -2811
-765 -1393 703 -8442
7002 6257 -2557 1681
-9107 -9928 -1963 -269
-1406 -1793 -579 -262
-8023 2537 -114 -9536
-8088 -8944 -7446 -5030
5058 1584 -9639 -1042
1811 -5247 8346 -8642
-5186 2580 124 -6023
-9388 5680 -4608 -40
-6282 -2754 -1130 1417
-390 4758 797 -784
-5948 -8220 6483 5939
-590 -721 1971 -5683
-9903 9126 2475 -8058
-5535 -2814 -7843 -9459
-9350 -2517 -4550 -5407
-5977 -5888 -5365 -1509
-3579 -1274 -4929 982
-8077 46 8401 -426
4769 -8230 -1615 -881
1751 -3556 -123 9488
2727 -6267 -5456 6874
-7514 2185 -1659 1006
3437 -6827 -3332 -3537
9412 -1036 -3905 -5388
-5458 -5308 -5036 2018
-7977 -5403 5504 -6545
4328 -6264 -8681 8746
-9841 -6318 -6503 -3456
-1903 942 7075 4475
-7497 -6122 -9919 -9381
-6838 9596 7438 -903
-3686 -3684 -4009 -4020
-3826 4808 8924 887
-8538 6902 8480 -6975
-3312 -1834 -7621 351
-4637 1905 -9648 -9976
-2887 -5498 -4496 -6298
1724 2464 -7695 -5037
-6246 -2022 -8729 145
-7025 -9731 -3627 2942
-8975 -1537 6366 6591
6303 6218 -1304 -6240
-2188 -816 -1861 8973
6091 -1057 -5960 -7751
-1835 2497 2491 -2335
4521 -9856 -3707 -9754
-7342 -2458 -4176 -3286
8050 8713 -4645 -8594
-4931 -2381 -5631 -5043
-5449 1965 4869 -8856
-2046 -3111 1670 2553
-8584 -7652 -118 6700
521 1032 -4496 -8198
-9500 -9018 5902 -6719
-118 -7353 -5208 -7534
9905 9121 -1317 -1318
-6426 -3705 -654 9660
6771 -4007 -8981 -554
439 -2556 -8246 9734
-3786 2882 3098 5946
-9130 -6645 -1747 8051
-945 -5468 -2796 -5909
-997 -7269 1975 2500
-4812 -2967 -3352 4100
-5210 9001 485 -3275
8347 -7623 -6800 1286
7294 -1 8779 -8629
-8282 -1809 9818 -6053
1040 220 -7092 -9292
-3115 5466 -9259 -6882
-6357 -9266 7513 3181
-2625 8371 -4539 -9956
3442 2564 -4062 -2117
348 5427 -3735 -2237
-3131 3099 -3970 -6748
5502 5850 -6994 -9022
-317 540 -312 -9516
-3296 -7848 2693 6900
339 9088 -9274 -1188
-9613 9829 6373 -8226
-8236 -2135 -942 -1237
1653 -6486 8481 -6201
-5926 3919 7346 -6766
-8513 1436 297 -1749
-8647 -8032 -791 8993
-7517 4047 -9310 6035
-1741 -1818 7495 1033
-3027 334 -4350 -9808
-8465 -8095 -7351 -1568
-7360 -1869 6601 -1654
626 -2462 -1472 6705
-7095 1844 -2165 6869
-4376 -200 -1506 -4974
-124 3698 -2115 -2502
-10 8878 -7743 -733
1848 7702 304 -5189
-7944 -7302 -3365 9210
-3746 2969 -6088 -750
-808 -3307 6318 -4855
-5656 -74 -1147 -9382
-4027 2263 7042 9417
-8440 3652 -1939 -7689
-1200 -1624 -9324 5312
-7633 8415 -3303 1021
-7351 1866 -4350 -3345
-7237 4433 9470 -4359
7838 -8830 -4550 -8815
-2991 782 7179 197
-533 -6410 -2393 2701
-6627 -6981 -2140 2875
-6425 -3588 2203 -1352
-6932 841 72 -6337
1847 391 -5035 -9090
6534 -6108 -662 -381
-5018 1051 -4684 -8558
902 -744 -5875 -7480
2597 -6378 612 -9336
-1476 -1729 -9418 1159
1450 2340 -3569 5593
-2723 1511 -5597 -6225
-4458 8280 -6687 -5079
-9947 -6404 7864 -335
5512 -34 -6701 3964
-2707 -2910 -7113 -4701
-3615 1370 4261 -1101
-5253 3738 -94 -1588
-3148 -4359 -4548 -8244
3198 -1624 -6633 9585
-3694 -589 -6827 6485
5747 3093 -6804 -8451
-6486 2785 1838 -8894
5648 9813 -2966 -5139
1232 3541 -3122 6548
-4032 -792 1413 -8384
-4055 7499 -8668 -5979
-3730 9817 3140 -3597
-8833 -7857 -6781 -6594
4467 4017 9096 9148
1305 146 -1593 -3085
-7959 -5728 -9698 -8670
-6923 -5551 5261 3973
387 -3016 -6452 -9627
2438 2142 -7583 3365
7402 8265 -8667 -8329
2323 -5969 -7633 -7264
-5725 -8309 -1806 -8625
-7513 -6928 3217 9938
-3997 -1452 -6492 -2059
-6896 -8149 -3907 -7943
-6057 5497 6420 -4722
-2907 5867 -6909 -8296
-2872 1114 5140 -6395
-6621 5822 1724 -697
2862 9355 -4168 -8432
-5659 8660 6662 -502
-3204 -3570 -895 379
3000 -771 -3420 -3402
1426 563 -4639 -2514
65 -3895 -5748 -2232
-4809 6032 -2197 -8074
-776 1858 -7262 -6349
319 -2158 -8595 4908
5899 840 -5698 -6345
-8295 -4555 5028 457
-1843 -3398 -1159 -5445
2158 8587 2100 -5119
-4056 1152 -3697 5772
-8061 1292 1357 -18
9978 -3052 2158 -393
768 484 -741 -1089
-1346 2442 -3675 -3258
-6217 1464 2574 -3717
4916 -2529 -1697 -6997
2553 -2059 -3824 -5666
-5224 -7643 -7817 2085
9169 9547 -1120 1443
-2647 -7697 -305 -3867
-2601 -7330 7980 9128
2756 -4538 -4848 2446
-2522 826 -6117 -3751
-8159 -5322 -2849 5829
2324 -9655 -6617 4322
-3750 -8490 -5875 -4685
-3299 1770 -2868 -5197
-6102 598 -3768 -7642
-559 -824 -9405 -3077
711 -9797 -1138 -551
622 -9098 2470 -583
-9527 -8931 -965 7937
2637 -847 956 -2398
-3851 -5096 1500 -7613
686 -2281 -2870 -3370
7125 6985 -7928 -9527
5525 5013 -9536 -9682
5942 -1078 -1263 540
-2387 -7887 -9247 9193
2032 1813 -6650 -6039
6233 2575 -6790 -3428
-517 498 1390 -5970
-7593 5678 -2517 -1753
-9550 -4530 223 -5620
9872 -8079 -8165 -1668
-4163 -2719 -3201 -4457
-5748 -3593 -2790 -8160
-3095 -4302 -6190 2709
7768 5339 -5253 -6542
-6097 5697 -2109 -9719
-6158 -1489 9637 -4909
-3672 819 595 -608
-7289 -3256 3744 -1698
-9118 3051 -4515 -2728
1853 4319 -968 -5096
-4836 -4067 1420 7666
-4483 -3210 1091 -9309
9556 -9693 -1748 -3907
2254 -8965 -5851 -1845
-5850 816 -6251 1572
-6524 -2321 25 -1788
1396 4943 1103 7948
6614 4316 -3482 7362
445 -509 -2110 -6883
-5808 9593 -18 5264
-1687 -4071 -8092 9221
2660 -5205 -8224 1943
-3335 3958 4595 -240
-7044 -5007 4875 -3986
2656 -5891 -4326 1211
-5692 2062 8914 -5576
-8027 7288 -4419 3195
4166 1720 -5103 -5694
-5492 7082 -6511 8070
-4157 -2242 -4448 -7155
-8203 5462 -7659 4262
-5124 2014 9318 -7501
-6467 -9808 -5520 2742
-6645 -4189 -520 -8304
-5095 -4787 5526 -5853
194 -3435 6975 1390
-8761 6410 7232 -9200
1204 -9159 -8669 7317
4613 -5848 1430 -2862
975 8039 -2069 -6365
2933 -8547 455 -7377
-9732 155 -8559 1181
6599 -9230 1574 -2641
-2171 -3217 7360 7386
2451 9165 -7652 -6393
-9300 -4305 -4182 1184
-5515 -7237 -4463 680
7602 -1718 -7855 3381
2614 482 -1928 -7461
-5330 -9967 -3251 9553
-2484 -4979 -5997 2752
-661 6448 113 -4436
-6165 6859 9580 -1513
1112 -5188 2062 2610
-7144 -8568 -3997 -5306
-1538 -8484 2615 -5663
2743 -1610 -2716 2852
-2268 -558 -3392 1792
8862 -3224 -8580 -4297
-3042 -1264 9416 -8858
8418 -3864 -3121 -4192
9452 -2233 -6876 7055
-4622 -2523 2415 1053
-1474 -6148 -5582 341
487 9670 723 -9613
-1139 -1899 8152 2354
-3205 6581 8449 6085
7932 -2719 -4840 -6478
-4902 2401 -6719 6350
671 5715 -8270 -7282
-4377 2287 732 -6701
-7703 -6858 -876 1503
-5121 -3249 -1037 -379
-1296 -1832 -5545 -7707
-8839 3415 -738 -4741
-1567 -3338 7518 8653
-1246 -5659 -6093 5562
-7038 -6437 2678 5287
-8815 -4964 2092 -1220
-953 -1436 1047 -1043
-7080 7071 -2336 -5462
-9686 -6647 8796 -4923
-7911 8384 1969 -8289
-9364 7367 -7590 589
-7248 -1645 -8072 -5916
-7221 7511 -1941 -1359
-7365 4742 -1474 -9058
2369 -3298 -1483 -4911
8676 769 -8764 -6286
6541 5811 8084 -7868
9526 -5082 -9526 -8218
484 8676 -8200 -689
9309 -7256 3903 -2815
-5376 657 -7998 -6926
-8690 1598 -7331 1344
-1754 5878 -1675 -8544
-8478 -6538 -2619 -4571
-232 4767 637 -7680
1810 6386 -5241 -1292
622 -5492 -6261 653
-6944 5611 5275 -6300
1476 7631 5966 4749
7110 -1001 2419 -676
-8136 -3 -180 1427
-5498 -9244 9729 9275
-5200 -2383 2328 -3403
-8478 2050 -53 3883
-909 1807 -4845 -8238
-5859 -2114 9243 -9544
-2899 -5295 463 -2893
-2157 -2765 2549 630
-9349 -1060 -1860 -4731
-1753 -9250 -2536 2524
-1167 3048 -6165 -6316
-435 -9259 -6474 -1666
-4233 -1806 315 5375
-6769 7853 -4670 1759
-5302 1026 -2548 -3263
5039 275 -5182 -9524
-8705 -7004 8051 -2333
-4197 9453 -3981 -1729
3 -6466 -5633 5244
-6666 -2650 5485 -2049
-3800 -4037 7297 8551
-3161 6783 3129 -5443
7433 -6462 -6063 4997
9049 -1092 527 -1203
-3587 -6626 1247 -5212
-9398 -2145 2038 7815
-2756 1352 -9400 -2532
-9617 -3338 -3646 -1209
8102 -6676 -9455 -9528
-8675 -7057 8436 -2165
972 -3251 -8684 -1957
4800 -8591 -6380 1108
3659 875 9174 -3204
6391 -195 -4691 -769
-2182 -3538 6257 9248
3476 -2060 -2191 -9492
-1786 1598 1195 3316
285 2460 2724 9114
760 -6474 -9167 665
-4005 -9654 2559 -8662
771 -8985 -9139 -1903
-2256 1811 4778 -4522
-334 5066 -6995 -6026
1038 -8824 -6520 -849
4724 -2233 6393 -4280
-2633 31 4232 8820
2411 -1520 -5137 -1610
-7405 -1457 6058 -2437
-4586 -2676 -6561 3287
-6091 -2942 359 4537
-8682 -490 4288 1853
-2845 7663 -3488 -7998
6417 4519 944 -3708
5981 -3859 -8447 -8002
4975 -173 -9224 -4890
3554 -9117 4206 -9298
-9628 875 4600 -9253
-3180 7015 -1016 -2868
-160 995 -7757 -7988
-1844 774 4411 -1396
-405 2205 2145 6614
-5740 -4520 1260 -3199
524 8986 -2190 -2507
-5523 -6505 7824 1614
-4326 337 380 -4606
-5307 -8731 -4157 -119
-7841 -9068 -737 -2316
-914 -2085 2196 1709
-4800 324 6137 9514
-1181 -4942 4803 421
1454 138 2540 -6630
-962 -4304 -4669 -6378
-1335 9060 1458 -3310
2156 1584 -4786 33
-3376 26 -2907 -8433
-3378 -375 3269 -1221
9057 -3074 -6186 1866
-8404 -2199 -3530 -4459
-5070 -2684 -2927 -426
7427 3413 -4128 -981
9708 4513 -4284 -8733
-4173 1063 -297 -5198
-8204 -8186 250 7572
-5270 2145 -1549 9441
2161 -1544 -540 -2390
3468 -7668 -2150 -5074
-4170 -1267 -5416 -7365
2185 -2321 2595 6330
-9117 -8539 -2530 354
-9599 1605 -1051 5334
7230 -6246 -1749 -1390
7456 2353 369 -858
-1628 -53 -1658 4193
5368 5230 -7286 -2197
-1104 -5882 -1071 -8071
6996 -8043 2728 -7276
-7182 9874 -3417 -173
-3144 161 -571 -6193
-9298 -7980 -5275 -5131
-1347 2703 -9943 -2368
-9882 -6608 -3820 -5454
-274 5198 -8509 1552
-3505 -5233 -3919 2317
-8666 -1613 -4222 -2734
-420 495 -8814 5002
-1481 -5896 -2509 -2471
-1104 4364 -4711 -3415
-6065 -5774 -9419 4446
-4345 -333 -5239 2021
-5702 -7702 -7221 9893
-4464 261 -7781 -6638
2233 1020 9370 -1890
-761 3401 -3260 -4003
1501 -2409 -5795 4386
2050 -4771 -5554 1804
482 -8392 -186 -7679
6602 4773 -7336 -2751
2684 -2537 -9113 1929
2223 -4513 -4058 -6269
-1716 -2118 -6625 9585
-4542 -14 -4024 1833
7133 9246 -5891 -3604
-4702 -4629 6272 8317
4906 -6908 -7324 -1655
-2659 537 9044 -1923
7380 1511 -2859 7433
-5135 3758 -3413 -5239
-6146 3004 -8744 -7051
-5129 7129 -4408 -4904
-8623 7716 2651 -9947
-9699 -6560 -1579 3458
1950 4248 2451 473
-613 -3633 912 -2853
-18 -186 2646 -9307
-357 -4733 4272 -6931
2424 -4296 5616 -7600
-1076 -684 6888 -8009
-6938 -3267 -5549 6791
6105 -755 -8350 2266
-2646 -1531 8666 -5602
-2372 -3441 -7103 -3330
-3727 3764 -8034 -4802
49 -8287 200 -2301
-6980 -1379 -4760 -4187
7336 -8965 -5429 3533
-576 -355 -26 -1360
8317 -2648 -4774 -2376
-8133 -3763 -6523 -3029
374 9871 340 -8546
-8619 3096 -404 -5915
-3137 -375 -6520 -5185
-9312 8714 -135 -5956
-6114 3090 -1033 -2217
-4990 -3639 6847 1197
-540 -2195 4836 2714
-4813 -7261 592 2403
-6622 -6276 3954 -5598
434 -7168 -4335 900
-3641 3450 3257 -1942
2610 4486 3343 87
-6782 -6422 -2038 -9362
2973 -5428 -4414 -3325
-9632 -9000 -1258 -3454
-3021 2619 -6139 9993
-7418 -5688 -3247 -4972
-6322 -8025 6473 -9141
-8494 -7872 2028 7074
-696 -142 643 -6486
-8994 9969 -5665 874
-3198 -4765 4752 -2174
465 -9822 3303 2956
-8608 -7005 7553 -1726
-2789 97 -4223 4794
-2507 -6187 8661 2373
-5191 -6127 -2908 -2227
-852 -7450 -8639 263
4506 -3578 -4274 2425
2402 3875 -4846 -5800
-4997 5077 -9080 -9741
7902 -6679 -4791 3343
800 -6120 -1445 -733
-8803 9955 -4391 1684
-5071 -4478 -6520 -5164
9640 -6985 581 -6219
1705 894 -8124 -6770
-3829 2145 1220 -5025
635 316 -7041 -2672
5431 -5518 -3617 -5459
-3391 -3197 438 3357
-742 3793 6306 -2916
2754 -8976 -2556 3831
4995 -2395 -5891 7980
-3161 -2801 2176 2718
-8 -4958 7339 -8089
2421 672 -3019 2459
-1453 1470 2029 7750
-789 1633 -7606 1883
-7304 -755 9422 -8828
-6329 -6691 -1756 -4128
9287 962 -9943 -1195
-407 4547 -1933 -3686
-4201 2245 -136 -1220
-9771 -9768 4261 -9937
-3367 6597 -1329 -289
895 2670 2271 -8090
-2940 -3204 -9626 -196
-9570 -7047 -4557 7154
-5243 -760 2729 127
5872 617 5139 326
-4954 -968 -790 -3580
-8548 7743 4421 7124
-7590 -2200 -9546 -4180
-6397 930 -302 -8345
-5152 2271 1263 -5429
-1716 -7271 -6827 -1825
-2950 1402 969 9726
1721 5759 -5424 108
4570 -3391 -3711 -9008
327 6040 -6532 -5402
-9853 -8305 6916 -5556
-5970 -6871 -6209 2639
-9091 -7107 -4519 -7480
9630 5837 566 -7738
-7505 -4583 -178 9714
1418 262 -2195 -2541
9059 -7063 2404 -1001
-3238 667 -1071 2540
-2379 6434 -8219 6677
-503 -7449 -7558 -2746
-3103 -9876 -5346 -1412
-5772 -2571 -1506 2707
-9576 -8748 -6229 -1070
8115 7053 -7907 -5534
-660 -5755 -7857 6941
-1090 -9243 377 7130
-4805 -2580 6550 -1197
-1636 4476 7249 -5696
520 7928 1846 -5910
-7256 -5675 -6993 -4922
-3008 -7633 243 -3325
1409 -1227 6195 -2722
8422 -6141 5964 8198
1996 -348 -8378 -8169
4742 -4726 -1311 347
9282 945 -2171 -2031
4217 -4013 -2145 -9987
9355 -1175 -322 412
-404 1774 -9265 -9725
-4622 -6542 5504 -837
-4172 2236 -7169 -9104
-2472 1230 -5280 8762
3414 -8204 -8744 415
4761 -8111 8430 -8748
-2367 2287 9999 -99
-6151 -3543 -3810 -5612
6464 -8543 -4145 1175
-7 -780 -2272 -2070
-3545 9601 7186 -6409
6751 370 -143 -1987
111 -3964 1734 -3438
-9444 201 5128 -789
-9817 -983 -2730 -1208
-9862 7903 7157 -6345
6012 -5536 -6345 4753
-1958 -641 5668 -7155
2141 -2493 1625 4300
-4476 -4730 -6134 -2168
-5223 2681 4602 -411
2523 -5947 -3710 4210
1916 4479 -5281 -1679
9239 308 -2107 -3423
204 -1439 -5116 -9470
-4257 -9600 -1451 4
1067 -6320 -3768 5150
-1544 3258 -2692 145
-2638 -4779 5874 -7016
4204 947 -4145 2541
5598 -6091 2160 -945
5054 175 -9845 1939
670 349 691 -7702
-4694 -9607 -6618 -3621
-6721 -3963 -1597 -3075
-9533 -8827 3322 -3502
366 -2308 641 7583
1364 -1653 -6542 -5615
-7212 -8143 61 -2949
-3375 -9418 -4209 -3900
8823 -3695 -5604 2661
-3309 1041 -7612 -8055
-1610 2497 -7386 -1262
-6653 344 -735 2538
-9636 1780 -8384 -2192
-1893 -8032 -3688 -4330
-2105 2536 -5377 -2754
7566 6163 1575 -2643
8052 -9132 -9214 7029
-5107 407 -7962 -7773
-4628 2808 -8328 2007
6239 -722 -1745 6825
-1777 -678 -6511 3252
631 -6818 -6518 2357
-473 8248 -8561 -9383
5537 6541 -5415 -6255
3163 -7764 -6346 9873
-8918 -4889 -2619 -6567
-2807 3818 -4567 6202
-4798 3555 -7036 -8179
-5763 550 -5430 2452
-2342 -3690 -5141 1534
4867 9787 -1154 359
-6255 -875 -2155 8551
2193 2394 -5056 -3372
-6371 -9568 9903 5931
1521 9060 -315 1054
-4983 -328 -2604 -4614
-7042 -278 -3705 -8963
7301 -7685 -9690 -8335
-4139 -7985 -8540 3401
-4309 -1143 -3637 9770
-1117 1644 4880 -3172
-8769 -2523 -72 3868
-2101 -832 3535 6988
-1689 652 -5330 3709
9506 -200 -9431 6861
-5289 -8924 -2292 595
-4601 -1889 5270 6157
-3056 1338 -4999 3354
-7585 -8709 2073 1327
-9544 -1118 4808 -8126
-8218 -1722 -5493 -3422
-6711 -6035 1863 9976
7440 -6410 -7591 -2850
7109 -9869 -7310 2496
-4620 -539 -923 -7237
-918 -9821 -4693 -3094
5073 1878 -8556 -2945
9854 -5939 8252 9029
-1631 -7755 -446 5587
744 -8869 -4475 -9243
-5216 762 -900 2455
-6786 5955 2225 -5212
-4121 -9965 -2631 4474
-9489 -6243 -8315 -2914
-3193 4792 -8833 -7015
-8330 -9902 -2560 -2
-4250 -2708 -6332 -7023
-7035 -9349 -5092 2696
-3870 -5761 -5369 -9891
-9330 3194 1083 1078
-8411 -7001 7123 -1974
-1874 -4212 -9303 -4665
2459 3548 656 1763
-8670 -9775 2391 -8995
-2587 -3433 7260 8332
1704 -3878 -1684 -2263
2726 788 5246 -1599
-8878 -6118 -7811 8847
2772 455 -814 -4842
-4939 4965 1012 -3781
-5307 -9294 1980 9235
5692 3196 -4879 -7072
-4345 -1556 -4658 -6371
-8820 6434 -4282 -2920
1786 1941 -9903 -2496
4809 3018 -2742 -1052
-1452 -2182 -5510 -9672
9979 -2842 2944 2580
-2543 456 -7328 1527
-1946 3563 5045 -1334
-9776 -1693 -760 -5162
584 -6499 -9666 -9396
-1456 1728 -6630 -7201
-4877 6210 8217 -6502
1589 -1257 -2613 6931
4305 4185 -7797 -2811
-7845 -5107 599 -7131
-4255 7395 5755 -337
1064 -2587 -6712 -3526
-4038 -4529 -737 2236
-9385 -4413 -8470 -3971
-4338 -8984 9048 9795
2360 1133 -5431 -6645
788 -3164 -4544 -3834
-3939 6694 -7152 -4852
418 -141 -3008 -2903
9012 -1089 -4441 -671
-8013 -4541 298 2282
-2481 5424 -8631 -8516
-5658 -4903 -5032 -3576
-1460 8569 2103 -9089
472 -7295 -333 -3370
5252 2227 -157 1257
-4098 1160 9895 -3287
-3613 2334 7525 9024
-7873 528 -4546 -1155
3373 -5386 -4038 -1576
-9592 -8149 4482 2101
-2693 -2529 -7616 6179
6710 3163 -8175 -7382
-6489 -5793 1397 -2625
-1222 -2000 -3067 -7052
-2666 1526 3585 7931
-2291 -343 -1019 -8593
-1339 4409 763 968
-3125 1447 8891 -8260
6454 -9740 2231 -3617
-6188 -6906 -1076 -6952
-4146 -7224 -4925 -3094
-9935 1328 -5412 -4378
915 9263 -9166 -3311
2898 -444 -9479 -4287
-905 -1719 1320 -97
-1353 -3142 -7030 -5930
-389 7298 -9460 -9848
-5680 6735 -5051 -9765
591 4119 -2855 -9922
-1053 7627 -5410 -8720
8849 3749 -7681 -3710
-224 567 -6901 -3247
-2467 -6783 9213 -3323
-6056 5696 827 -8740
9167 -3940 -8505 -9606
6133 -2767 -2771 9017
-5478 1261 -1798 8399
-2675 -3501 -8881 9700
-863 -6268 -2320 -9921
1256 -2205 -4548 -6591
4352 -8117 -8650 8064
-6475 5385 8417 -8399
5476 -7905 -8650 4746
-168 -2374 5722 -9156
1664 1630 640 -6959
-1000 -7128 -5075 -4623
4338 2625 -1432 -1849
2031 -4319 6557 -3547
3130 -2368 -8661 -3006
8381 9319 2059 4100
-5626 -4764 4355 1391
5890 449 1573 3713
-1378 -5588 6621 6849
7095 2803 -2927 -6384
958 -1499 2397 3330
7796 -3034 -6052 419
194 -786 -1176 -181
-4623 -4657 -2240 -2441
-8691 -2296 719 4704
6722 -210 -3600 -3356
-9064 -7229 -2491 -7001
2002 -9142 -2988 -3662
8317 -4823 -2053 -1323
269 -9966 -3580 9401
-2687 855 -4455 1560
-5058 2043 -697 -1627
2490 -1830 -4268 -7000
-6016 -1844 1619 -9945
-609 -3008 -2594 -627
2127 -8113 714 1652
-8130 -1477 -4090 -9721
-1944 7464 -4297 -2635
1162 -6102 -2183 -1388
-4422 -5875 2765 1264
2282 8375 -6482 -7651
-4520 -4312 7022 3817
-4692 -3031 -3860 7147
675 8062 2275 -5247
-514 -158 -5612 -7458
-5946 2227 -3568 -6147
1256 -5919 97 -24
-3895 -6565 -2026 -569
-5661 -3986 -1248 2818
-3167 6311 -6780 -2105
-17 -4485 -850 7576
-1959 -73 -5942 -522
1855 -1731 582 -2573
-6596 -6911 -7034 -7704
-7550 -2416 7585 -6345
497 -2026 4495 -5469
-1596 -3453 30 -1750
-5509 -1758 9322 -9353
-682 -5022 2496 9914
5826 -75 -5563 2085
-9840 2744 -6412 -3397
-2409 -3589 -5346 -9887
5551 -3106 -8266 1638
2278 -1375 -5104 -1805
3000 -4113 1862 2289
-2966 -9567 -3861 5942
7205 -543 2975 -615
-475 -1032 -7182 -3548
480 8567 -8116 -2231
492 2211 3917 -527
-2928 -3099 5912 4892
4100 8878 -8297 -4621
1797 -1333 -1982 -1422
-7817 2005 -3044 -2884
-2769 -6478 6945 -10
-49 -2248 2705 -4806
2709 -8734 2755 53
1808 2402 -215 -6985
-5676 3431 1392 -8027
-250 -6789 -4807 -2802
-7322 1352 4846 -4065
-6660 -1526 -2813 -6794
-6542 -8600 -5896 -6561
-8423 -2489 -6533 -585
9665 -8367 -2236 -5492
-3303 -4476 6034 -1652
1402 3153 -6516 -6389
-2509 -67 1359 -1761
5944 4586 -5343 2149
-7037 -517 1014 7657
-2012 2705 -7494 -6529
7571 -1362 8054 -5596
-1601 -2088 2703 3017
2316 -1819 -9047 -8102
-6403 -4424 -4807 1172
-9009 2540 6883 -8925
9491 9571 -6819 -5546
-1097 -6041 -6215 -4042
767 -8522 173 4462
2548 1257 1123 -5123
4919 5355 -4124 -1912
-924 -7964 1243 -8194
2444 2225 -7102 -7623
4809 -6498 -9013 1676
-549 -337 2239 -2530
-1327 -2082 8059 -6800
2086 -8370 -6292 5914
-7998 -7025 -439 -6976
-4660 -1852 -4897 793
1312 -6047 -9366 -7810
2728 -175 -5691 -8269
-7440 -7451 -4574 9608
-7531 1205 -299 -913
705 34 -6385 -4980
4918 -1859 -4669 1193
1012 -2979 5297 -5135
1646 -606 -9533 1593
-17 -9100 -6800 6159
-5134 1395 2612 2193
-3621 -900 -8193 8202
-7948 -5619 -4498 2548
-8682 -3972 -2406 -3447
7227 -1386 -4387 2287
1637 6853 -4279 -1728
2609 -7342 2729 -1824
7180 -7226 -5659 -3924
-388 8928 -1933 -7153
-7319 2194 9176 -4587
-4590 -6008 4670 -8599
483 3566 -2853 7904
-8302 9809 1642 2449
-3787 -6179 3782 -4896
-1575 -4007 9858 1627
-6273 916 -8795 454
-4674 -6297 1209 -139
5998 -696 -5918 -2168
363 -1172 -6018 4159
-1322 -1166 -6121 -2351
-4131 -5327 9157 -1470
1108 -3923 -8316 -6542
2363 -7568 -9229 4502
-5551 -5480 -2487 1973
6650 -7470 -2949 -7429
-4161 5343 -5060 6885
-8944 -2682 -5936 552
8391 737 -9615 -3692
-444 -8167 -1774 -7216
-2120 7945 -5826 -512
2014 2457 1935 -1012
-9482 -6592 -2010 -656
-4863 -8814 -7651 1596
-9849 -7531 -3663 124
-4881 -3067 -2774 -394
-7334 -6192 -2164 458
-5687 8306 7288 -82
-8452 2860 1034 3859
2732 -1356 -9234 2611
-1641 -5350 -537 -9753
5999 7539 -6536 -2812
-4268 -3542 -8992 -9858
-4590 8212 506 5403
-5130 -8278 -1563 9317
-6647 -8746 3034 4508
5689 -9294 -7222 -9114
-1445 -2708 -8905 5092
372 -5411 2318 -9859
-630 -9020 -4683 1019
58 -158 -7951 2405
129 -7099 -9245 2947
-269 -4218 359 -7110
-7985 1472 1453 -8677
8961 1439 -2224 -5376
-7057 -187 2250 4750
1499 7687 3319 -6300
2910 -9394 -5388 3180
4291 -761 6445 -44
5613 2096 -3717 -1428
-2203 -2845 2139 -8852
-5374 -351 7456 -5671
2678 -8684 -8951 -9139
-6417 1074 8063 -4405
-7159 -1622 -2333 1972
-4917 3056 -6901 -9292
-1042 -4628 9506 -4313
-1608 428 -5617 -9865
-2560 -1083 953 -2472
-8682 -3274 -3994 7731
-3427 -3914 -8826 8749
-922 -2033 768 605
-921 -7190 -2638 6613
-2837 -3274 -1111 576
-175 -8842 -3047 1128
-3219 -6963 -7125 5064
161 -6183 5493 -8482
9829 -2024 -556 306
438 9485 -3429 1749
-4490 3675 -7451 -3213
-6272 3177 -2149 -6424
-2612 -3263 445 201
-7453 -5001 -3771 2982
-9182 -5925 -6461 -3714
2100 -7667 -5204 9968
-4643 -1721 160 -4027
-2282 120 -4336 9375
-7114 2467 -133 5023
-1605 -960 4570 4769
6556 4528 1911 198
-8931 2042 1578 1658
-2501 -3557 9345 -9399
9128 1052 -3387 -6003
-6159 -269 -8282 -8028
-7400 5276 7926 -8831
4416 1984 1558 -1221
-9207 7842 -4068 332
-1154 6648 -6085 -2867
-4245 -7120 3729 583
-4925 -884 7309 2179
-1927 -9762 -73 -2014
-3661 1078 -1946 -1612
2 -8297 -1455 947
-75 8306 -3634 -3929
-8385 -5966 4622 -5141
986 -1882 -7517 -1317
-7910 -1436 6908 -1250
4949 3697 -5227 2606
-4262 401 -1787 -1743
-2349 2048 2090 -4644
2689 -9767 -7469 1328
3490 -3399 3693 6512
-7967 -2061 -2313 2694
-1563 -5243 1516 -4725
-9100 -8911 -417 7537
-6764 -7020 2597 -2220
-5223 6228 -4128 2413
-3745 -7109 -8 7641
-1883 -3548 -2809 -1621
-9881 -9120 430 -9116
-6768 -3666 -8436 -9536
-3261 -1628 -3999 -2575
5692 -1945 -4561 -2197
7594 8198 -1356 784
-1053 -9648 -4013 -9376
650 -5481 345 1442
-6501 -5094 -4356 -1717
-3404 -7073 -3652 -2523
2642 6062 -6312 -4938
2676 2470 -4694 -8128
300 -8133 -5108 495
-4643 -6074 -2739 -4230
6917 2 -1639 -2193
-7162 9911 -522 1168
-1297 2049 2594 -1459
3951 -7708 -6290 3618
-5671 1520 7951 -2825
6053 -1416 -8008 1395
-4769 4540 536 -9639
-6031 -8291 8397 8596
-6980 321 6764 -2729
-3489 531 447 3995
9059 -2092 225 -4541
-4110 784 -316 4620
-4284 -2136 -5678 5346
6956 3620 -9548 5994
-6123 5957 4982 1846
-8275 -6410 -5476 -3535
-4770 -2375 -3901 8934
-1774 -4036 -7574 5093
-9094 -8137 -4738 -6970
-2944 -2757 6484 2429
-4394 -7347 2396 9953
-4733 -9042 -4327 -8658
8777 -9123 -1620 557
-4069 8779 8859 -863
1912 184 -8183 -9685
-2117 1409 7963 5370
800 -4670 -513 1103
5801 -344 -6920 2248
-6278 -5944 5969 -9225
2458 -9042 210 1474
5286 -1457 -4582 -3376
-7432 -1404 -5019 -6009
2451 -9417 -7956 7802
6695 -2041 -278 296
1901 -6212 -2546 1935
-6570 -1158 -8144 -6930
-8176 -9878 -6270 -7156
-4670 -6561 -7868 -9741
1652 -5400 -8106 -683
1406 294 2937 -332
-1482 -909 -7808 -7237
-4758 589 970 -5034
808 6282 1553 -3640
-4932 -1851 -6061 1561
227 -2068 -175 -5265
-4423 -6067 -4831 8450
552 -600 -3743 -5387
-7058 -9953 2752 -2457
-283 1122 1782 3509
493 -2620 -5565 2476
-5449 -6472 241 1436
1681 -7630 -9305 -8368
-7513 -7413 -1526 155
-4114 -71 -5993 -3215
9171 -5648 -926 928
-3683 -5483 -8543 6964
-6985 -4149 -5881 -1735
-5572 -3542 -5918 -3169
-2198 -4623 -1324 -8143
-1135 -1155 -4210 -9596
-1766 -6335 -2526 5353
-3601 2478 -3693 7451
-2289 -5814 -7508 864
-8184 7497 -1746 -5256
289 166 -9108 -3441
-780 -6738 -87 -3862
-7529 -7967 5021 5133
-4376 6129 -3555 -9320
8785 -7251 1285 1961
-7543 -621 -5372 -3968
-7566 -2235 8850 -6485
-5530 -4725 9838 -1820
4437 -7345 -2823 -1123
1139 6670 -4981 -8930
-6580 -1518 -9775 4955
3108 8696 -1501 -5125
-4825 4972 579 -3166
206 -202 2736 -2535
-2006 -3318 -1666 51
-7398 -8392 4042 -9592
3665 -7939 2341 5432
-5217 -3738 -4392 -4615
-9159 5821 555 -4163
4413 -5150 -4227 1823
-3169 4082 722 -9387
169 -4771 -1776 -1420
784 -984 -5655 -3230
-2160 -2414 -4761 -7223
5129 -6870 -4732 -2677
-2119 -2731 4988 -7073
-1331 -5689 1013 9852
266 -8407 -9914 7399
-2587 -5255 -5821 -7739
2155 -7281 -3435 -5098
7692 -7748 -7620 -6471
-3096 8302 -6055 1227
-6113 -7930 3283 -1408
4684 2572 -384 -6411
884 7971 -6741 -5141
7843 -2739 112 -2576
-8575 1999 4050 -533
-2774 -7552 -5271 8832
-5838 942 -1780 -5362
-1484 2389 -3335 -725
-343 -7975 -9822 -8685
-6178 8034 -1059 -2649
1454 -7253 -2222 5108
-6419 4596 -1695 -7802
1250 2422 -2346 -6487
1509 301 9304 7900
-8657 -828 2355 -5048
-5329 469 -898 -1502
7865 1946 -8394 -3756
-1826 1407 -6077 -6292
-9565 -312 -1315 -9946
1955 8050 -4753 -8983
-9519 3942 -7274 -4342
2362 -8814 -7497 5561
3673 -6877 -4507 4999
949 -1029 1484 -4734
-5897 -2128 -3874 -1189
7525 9707 5289 3819
-42 -1310 -4333 243
-1471 -6203 -88 4638
-2641 -4897 595 -9003
7168 -845 -3896 593
7329 -5074 -2023 -921
-5738 2657 -1975 -8353
862 2639 7693 -7534
-3548 -4478 1251 1217
-7483 -7667 -6418 -1655
5484 1646 -2347 -2390
1976 -6610 1992 -2129
1934 -6875 -554 -3253
-8166 -8860 -5938 -5115
-9419 -1902 -3001 -1747
-5455 -6468 -6104 -9905
6001 4829 -5424 -9054
-778 -3186 -4583 -6580
-1282 -1311 -1786 -7041
-9978 8399 250 -2977
-4754 -8626 -1868 -4859
-2107 -3376 9128 9794
-5500 6303 4888 -7740
989 247 -6425 -3157
-5850 -7971 -1179 -3426
1498 -4145 -7986 5532
-4323 6987 1422 2568
-9474 5973 3271 -8066
-7884 -4964 9610 -8061
6659 -696 -7195 -8515
-1202 2753 -3792 -2594
-9193 1725 281 -4220
-8970 -530 3284 -8722
-2672 -1953 7339 2726
-9707 6176 -4273 -7858
-3696 -7522 -3447 -524
981 7728 -3149 -767
-7189 -1357 -2991 1959
-8008 -5407 653 5292
1015 5129 -1937 -7940
-568 -7343 9238 -6944
-8166 -3405 -8038 -3295
-2763 -5709 2709 -1971
-4284 4887 6882 -3247
39 8588 -6807 1604
-7122 1314 -2737 -9987
-4239 -1239 801 2883
6886 -2351 -4033 4569
6219 1688 -1955 -6034
-3464 -7402 -2604 -4843
-2003 -6696 -6609 -7291
-3626 -8344 -8992 -101
1882 365 -1764 -5987
-9629 148 -5531 -143
-4369 -1317 -7087 -3064
3692 -8758 326 -3976
-6830 -3883 -6584 -1653
-4784 1191 -9035 -8863
-2599 -6941 -1578 3322
1017 -7046 8752 -4866
6520 -7349 -2498 4501
-8129 -5754 -4870 1685
-4501 -4894 7134 2263
-3108 -1013 8208 -5951
-5846 1394 -8618 -6427
-3677 -4035 7570 1431
3107 -2152 -6677 -6064
1257 -5232 -7682 5871
2809 -2705 4888 -4604
-7164 -7995 3401 -5120
-1749 -2847 -4855 -7072
7322 -8439 -5327 5825
-1745 -7162 1896 -805
-6946 3784 -5970 1280
-9648 -6138 -8168 1459
7691 -6583 -3335 -6635
711 -2431 981 -6150
-8264 -4938 7295 1064
-5179 -9639 -4013 -789
-4064 -3929 -8280 1462
-1496 -2878 226 -6011
9347 -9370 592 1307
287 -7633 -6433 3527
1990 -8832 -6657 -8061
130 519 -9638 -7316
-5956 -6452 75 -3923
-3804 -2316 -3987 -5188
2575 -1908 1132 -3018
-3178 3647 -5649 -1328
-5310 -3431 -544 5214
-4114 8753 -3218 -5609
5828 -2505 -9216 2640
-5159 -6179 2143 1345
-4869 -5745 -572 6244
-2684 1335 -6563 -9117
-5097 -4574 -1394 1815
-3119 -2268 6683 -6533
1190 4923 -2279 -4033
2941 -2239 -4854 -2884
6594 5453 -2409 -3513
4034 -7476 -8070 -9290
-7570 6352 -4562 1656
-4898 205 -3024 -3904
-6724 -4412 -5821 -2228
-8617 695 7084 -7263
1497 8707 -4930 -8493
-4232 -3831 -670 376
-7400 -1364 -5079 -6121
-4665 -7588 -8421 7067
-301 -6969 124 7543
-5073 1592 -6182 -5236
820 -6373 -5993 508
-9758 -9001 -3378 6301
6204 1201 2323 -2472
3905 -2913 -5959 -740
3479 9737 2483 6434
-9761 4666 -5563 -3812
-9498 -9371 -5613 -3392
-6155 2391 4707 192
-2537 2160 -3707 210
-9774 -9125 1037 -1602
-2303 1912 -6565 -3509
-9942 -961 -6841 675
-7466 7387 -2252 -1353
3261 -7885 889 -8199
-4773 -4175 -3825 7116
-827 4619 -1436 -1716
9338 -1305 3458 6523
787 -7630 -3824 90
-794 202 2240 4807
-567 -1214 -4943 292
-6692 991 -8100 -9289
1512 2477 -5275 -5683
-9548 -889 -3241 -7719
-7605 -5311 3722 -7299
-4814 3282 -9332 -548
-5696 -8526 2124 -3173
-8651 -8799 -5045 1684
-2701 -1490 7975 2295
3964 -2127 -3049 -385
464 -9832 -5509 -3380
-3002 -713 -7249 -8875
-6130 -8188 8990 200
5148 2391 -4852 -2782
4847 -9946 515 -4782
326 -4223 8720 439
561 7847 903 241
-3543 -5179 -5177 -6780
-7076 -6715 4509 -3506
-2670 5188 -2927 542
8393 -5980 1804 -6413
-6383 -1673 -4470 5011
7806 1211 -9239 -4070
-5710 -2425 -4293 6425
-5473 -6035 -4972 181
-436 4841 5532 307
9402 -3425 1773 -4072
9309 -5744 -8367 1255
-6262 7331 1388 411
-7317 -2413 7228 -9525
-8029 -6704 -5681 -3816
-6593 -7515 -5901 1723
-3930 -1795 -8119 7688
3443 -3410 2038 2525
-7999 2205 1367 6316
2078 -4555 1254 -4801
-3464 1981 -7766 1065
-9053 -5611 4414 918
6777 3924 -9309 478
-7597 -2444 -4881 -6618
-4737 223 -2191 791
-5532 6678 1479 -2517
-3393 -9988 4012 -8807
2555 -6946 -6061 -1728
-8650 4638 861 -5329
-7793 4922 -8434 -4381
1451 4285 -5057 -5018
-6165 -6625 7246 -5379
-2692 -5985 -3966 -3172
4228 -5566 -6334 4258
-7661 -2338 2198 -6799
-4477 -6345 1575 9116
-1118 -5422 -2347 -9472
312 3145 5068 -2704
-735 -263 -1227 -5345
-6214 -5845 7971 1126
-4310 2629 -9648 -8565
-3499 3693 -7504 1938
-3512 -486 -7257 3119
-5522 -3422 317 -452
-1961 8016 7753 1279
-6600 -7132 6178 -3089
-5218 -9356 -2636 -3588
1539 -2969 4596 2411
2123 251 -7356 -4210
-6628 3872 4408 -5639
1897 -6336 -4541 6323
-8756 -8247 -6155 -816
-7990 6713 7687 -9540
-2585 -1141 5393 -4046
-4084 -4106 -4567 9097
5223 1552 -2380 -5283
5846 -4927 -5879 4324
-3484 1065 -6443 1653
1066 -5123 -3344 -2442
4105 -1377 -2356 2079
1716 8380 -3304 -4491
981 9056 -1392 -6904
-8331 -2668 -557 311
1087 -7703 -2562 -1670
5391 8401 -2358 1679
-5659 -3870 -4 4168
339 -1185 -4049 -214
6370 1154 -2246 6075
368 2502 213 -3584
-1553 2692 142 -5560
-6240 278 7768 -2061
-4533 443 -1008 -2577
-8541 -3779 4966 2464
-4571 -224 -343 -6125
-553 -5209 5331 -1288
319 -2781 -4928 6213
2151 8779 523 1116
3118 -4219 3636 6427
-3526 -1619 -5197 -1509
-6371 9636 -6215 9546
-2903 2024 240 -1765
-6846 -9791 9821 -7252
7463 -7304 -9305 -9851
-3030 -9989 -1235 -4129
5575 1507 5533 -2221
-5995 8122 2110 -1884
2020 -529 936 -9465
-7236 -5150 2847 7569
9773 9687 -1935 -7512
-4907 -1360 -778 5638
-8523 -4554 4179 -2779
-8300 -7750 1581 -1678
-4750 6536 -8891 -8573
-1544 2899 -9279 7411
1161 -1977 -943 7171
-7759 5444 7207 -9955
3350 5466 -494 948
1687 8865 -7080 1443
-3679 -3957 -5732 2063
-6850 1916 1133 -1616
4306 -689 -3633 -6188
-3593 -2281 -1492 -1540
-2472 -3911 6936 5291
1025 2363 -1346 -3536
-9917 -5513 1520 -838
-9056 -6967 -3234 -4642
731 -7521 -2562 77
-497 -9051 -9393 7037
856 4659 -4088 -4370
-6422 -509 -2691 8433
-8926 -1223 102 376
-2731 -2869 -688 -426
-2507 -3285 -2285 2539
1811 -7268 -2978 -277
-9086 -6655 -1741 7931
1256 -2716 1809 -194
-3162 9839 -2208 -7133
-4887 -6881 8964 -2894
816 1180 -753 -4061
6847 -2572 -5602 -6228
6761 -5470 -9261 8983
9671 9696 -3947 -6876
-6951 -4487 -7330 7621
-458 9669 -7949 -8152
-8475 -7858 -2993 -1405
-9656 1628 -384 -3133
1804 1040 8963 -4186
-503 2222 -3539 -5583
-2630 -5364 8550 209
-9256 -5372 1696 -4087
-4919 -5742 -535 8034
-134 4914 9431 -7913
4741 2619 2756 -886
-1653 7694 6141 3385
-339 -3816 8587 -8444
-7476 -6937 1721 2638
6846 -7881 8389 -9603
-7619 -8078 2524 1140
-4922 -165 -3890 -1206
-8197 777 1075 -759
1108 4582 -1736 2493
-1174 1998 -2206 -9131
2186 1980 -7305 -8805
-7347 -2420 -2244 -5838
-5663 3625 -6312 5932
2260 8968 -2825 -6577
-6305 -6368 607 -1534
-9679 8258 -3889 -2719
5304 -7860 -7143 -8767
-5442 -2053 -61 -4710
-5814 8534 569 -4031
-5813 -702 -573 9602
-6680 390 -3476 -3097
-5392 -6121 -9832 -4898
-9541 -7987 -1323 3084
5879 5542 -3320 -7328
7962 -8736 -3514 -3584
-9593 -2167 2623 -7717
-8600 696 -690 -3317
6543 -6813 30 -585
774 88 -1199 -6434
8086 3870 -673 -73
654 1781 -209 -5079
4229 1478 -6006 7284
-7280 5419 1161 -3959
-2967 7284 -9618 -8227
-966 -6904 2140 5615
-9655 -8706 -3457 -3755
-8942 -8029 -3545 7617
-150 -7744 -9032 8946
-8354 435 -5772 -3103
-1218 6424 -8235 8536
-8619 9915 -3811 -8276
-3485 -1272 -7064 4392
-6924 -1590 -1852 -6607
2758 -2030 9773 122
-1764 -584 -7070 5366
-4119 -8717 2722 834
4896 95 -1742 5232
-4652 -2845 -2226 2060
4227 2976 -7872 -3549
-9729 -3305 -1855 1829
-3238 2208 -794 -8840
-7157 -6521 -5317 -2371
-1663 575 -6257 -3176
5043 -4056 -8613 -5672
167 -7195 -9931 -6355
3747 -1791 343 -1362
1207 8768 -4823 -7544
-3416 9464 -8742 -9642
-9940 -8629 -2202 6332
-166 -1971 2553 -8623
-3860 -7211 8356 3748
-6774 -1120 -8288 -2010
-5169 1336 2144 -8947
-1664 -5591 -4106 -6238
-903 2595 -4183 -2858
-1975 -4832 -6158 3506
-9419 -8115 -1983 9151
-525 -3208 2225 8930
4750 8897 -1902 -1911
-982 -8234 -142 -2611
-8042 -8045 -5035 -2435
-6850 -4386 -1421 -2525
793 -833 2035 9241
-8641 421 -3905 3928
-1020 1811 -3462 -768
330 1154 -3474 192
-4344 492 -1226 -9584
4096 -3999 -3117 1672
5043 -2141 -402 -3193
7207 5883 -5161 -3065
4988 -3211 -6375 1778
-6950 4578 -2377 -6844
-8353 7706 1658 -4196
7361 -8279 -5548 2445
-3898 -5276 -2017 -3032
-9273 -8063 -6744 -6109
-6718 5740 6627 -8051
-1927 -6757 -7864 3581
-8768 -5780 4203 3955
1960 -951 -2226 -1190
-4856 3137 2287 -1756
-2349 -1489 2251 -8916
-9434 -9780 -3515 3629
-7573 3878 -6093 -229
-5330 -6738 -5754 9569
-930 -7910 -9692 7654
5845 5984 -549 2243
219 -7599 -3499 -5367
-8160 -4185 -4214 4061
-6302 3905 6935 -8273
-4080 7473 -5027 -4616
-827 -5282 -8089 2057
4823 -559 -7486 -5542
-8730 3349 4727 -6150
9741 1907 -7891 -5109
-944 -5886 -5973 2476
853 6550 -7442 -8569
-754 -3099 -9485 2219
-8979 -7565 642 -8433
-4505 -1645 -6237 2241
-3707 576 -3845 -1641
-2264 1533 -837 3940
9505 -2374 -6124 2660
-496 -5355 -7814 8332
2577 -6590 2159 -3343
8348 1046 -6574 -8887
1262 4000 -5 -1949
-3402 971 5326 -9905
-6232 -8454 1615 -5194
-5360 441 -318 -5106
929 2036 -2027 -6835
-4725 -5488 936 -4518
9901 4865 -4130 -8658
-1902 6161 -9323 -9299
-4794 -41 5069 -3954
-5101 -4042 9242 9254
-622 2397 5291 -4829
-6989 -6050 2360 -4472
-6765 -6285 -2056 3681
-6914 -8129 -7390 7150
8961 -6957 -9960 -8249
-5684 -7549 3960 -872
-5467 8186 -8066 -7583
-1162 -1010 1878 -2055
2934 6690 802 4066
1603 -3284 9059 -9693
-5192 9267 -592 2615
2745 6402 -9732 -6136
-2416 -1872 -1053 210
-5215 2228 -5361 7251
1209 -8271 -3444 1724
153 809 222 -5767
5234 -8818 -7105 5865
-9732 7466 -2446 -5699
-3656 5720 231 991
-2698 1530 -2746 118
1382 -2603 -7940 -620
-3312 -8534 -4607 -5902
-1374 -5105 1314 9576
-8586 886 -3109 183
-8982 -8934 -5480 -926
2603 -3041 -5611 6226
6138 -2881 2097 -3352
-5130 -1636 -3548 -5336
-1747 5196 9364 -8419
-8861 2241 -1722 -8693
1890 9710 -2360 -7621
6170 -6409 -1186 -6658
7986 2005 8629 2466
-4766 -5124 -457 2258
1107 6058 811 5295
-5642 1340 1344 -995
-9470 9565 8823 8726
-7936 -5566 1890 -2591
3494 748 -7498 -5297
267 -449 -1385 9764
6950 1712 -7144 274
3937 -2296 -7946 461
-7130 -8444 1922 3251
-66 -2797 3925 1593
816 6798 2293 -4434
5885 -1141 -7889 1727
-3234 1962 -1722 -6263
1237 -8029 -4099 321
2113 -3350 -6616 4048
-1951 -6931 -6029 9459
-4269 2123 387 -1661
-4396 6963 -6219 -4321
1672 9584 -6479 -7219
-5142 -9847 2518 -4726
4592 -7986 -7789 6897
-3650 2420 -7059 7424
89 -3528 989 -7877
1195 6622 -4642 3554
-4708 2574 -1023 -5452
-478 -2388 -9776 -4779
-2878 -2778 -586 3552
-8089 9397 -2466 -7947
-5922 -6099 5362 -9182
2025 -3255 -7705 -6321
1271 5699 -375 1205
-2536 4184 1356 2119
-4715 -5561 -7009 6530
-9262 7697 179 289
-8776 2486 -748 5977
-7401 309 7840 -739
-1745 -5753 -7806 -458
1888 -8148 -7062 -7358
-4861 -9339 -3176 -5024
-4302 -8784 -3801 3719
7699 -4558 126 1350
-6173 5581 -1276 4121
-8414 -5711 246 -8035
-8067 -3669 9055 -320
5033 -5088 -772 -2158
-3939 8555 7915 -6878
-3351 -1679 1752 -1610
-1623 -2187 -3060 -8248
-6893 -7649 8841 -5202
-7639 -3847 2280 716
1475 -5410 1578 -1095
-8518 5749 -1611 -3856
5210 -2082 -7688 -6271
-4045 -6371 -2218 -4288
-4378 1424 1830 6769
-7812 -3808 -2676 437
1218 -9577 -1611 4079
-3786 -5665 -5426 -1488
-431 -641 -1854 6136
1892 -6837 -9616 126
-9498 962 3919 8012
-8681 -8358 1217 652
8064 -1788 -605 -7755
-155 -2087 -8269 -7121
9336 -6631 -8699 -1482
876 -1968 -1055 -88
1935 -7203 -1095 -5725
370 -622 -6120 -9971
-664 815 -7728 8923
557 3423 -9013 -4567
196 -194 -1610 7690
5875 2121 -2000 8137
-5383 2490 -7755 -9902
985 -6076 -7461 1267
-7313 -1553 -7181 -1467
-3479 -7908 -2249 -6735
-589 -5036 1059 1552
-4499 -3522 -3139 9126
-6857 -7214 1266 1320
-371 2639 -5671 -4192
-1513 1583 -7477 9302
2376 -428 -2415 -4831
2302 2438 -4572 913
-5815 8968 2189 2894
3805 -4397 -1286 -67
-9077 -2022 75 -2220
-915 -2274 5291 -4848
921 -974 8184 -249
2181 6261 717 157
5389 -3160 -2387 99
3771 7467 -1534 -5705
6342 7793 -6408 -7303
5458 382 -6557 -7962
-9889 -2011 -2236 6147
-7125 5407 6586 -7727
-6268 -101 -2969 -8517
-584 -4575 -2898 -5217
2449 -1675 -4404 -3758
-7606 -406 -5066 -6987
-1433 9652 -6980 -6267
-3097 -2840 -6397 -2065
-5909 608 -7294 5842
793 -3459 -8933 -1169
-4668 968 853 -73
2090 -8241 -5156 -7471
6621 -9449 -5271 2174
8880 -6495 1627 -7477
-5043 2697 2171 1317
-7716 -4022 3316 1577
-3187 -1463 -9663 -6554
3292 -459 -4293 69
-244 1714 -2606 9778
89 396 2 -2813
4658 -4091 1559 -4178
4833 -6625 2323 4150
-4603 -1929 -4966 -2293
4034 -1486 918 -2535
-7212 -4501 1368 -1551
-3307 -5490 -5168 -619
-5461 1851 2562 -840
-2907 -5808 -2500 5958
-3253 -8970 1065 1731
2139 -2649 -9425 -6466
517 6369 -6821 -4034
-4332 679 -209 -8377
1219 -319 -5906 5520
-5288 -5367 5504 -1808
-1557 -2923 -4793 -6059
1142 38 4014 2713
-6520 1948 -1348 -6091
-8109 911 773 -2762
181 -4331 -1267 2669
-7274 7463 -8288 -6613
7451 -8320 -9051 -4379
-5868 -9841 -6016 -3809
-1650 -8582 -4399 -2425
-4481 -86 -836 -6981
-1872 -3961 1341 -9422
-6185 1051 798 9793
2530 -7455 -319 -2822
-3170 -2637 5831 -307
-6522 -1284 9834 -2364
3981 6317 -5453 -7203
-3467 -5285 1961 -436
459 3584 -7216 -6298
3414 -1135 -1748 -4030
-8470 -1097 -2709 -6195
2348 -6462 -8679 -1382
-1235 -7196 -4672 796
-2325 6711 6246 -5645
-148 -861 281 -2889
-5626 8834 -369 -8326
-8077 -231 -808 -5386
-700 -3656 -9090 -7755
-1834 8721 -1655 -2058
-8962 -9976 -5647 -5482
557 -487 5219 -9618
-9804 584 9584 -8770
-706 -8612 -6050 3508
-4808 -6645 5264 -6597
9697 3609 -2984 4268
688 -2791 2083 -4443
-959 -1545 -3293 -8663
-4802 -8094 7436 -7195
1823 -1327 -2028 -1874
-759 7148 -202 2587
-3993 -5704 2846 533
1024 1826 -3701 -1873
3975 -8440 2383 -6775
2514 3068 5161 -8170
-7290 -3566 241 2066
9642 -4407 -7299 -704
-3735 -1555 2353 -2
4704 -6761 -1913 -3351
-4445 -7245 9218 -7287
-4971 -7660 -9504 9576
-1242 1476 1098 8971
-4780 -9773 -4249 -1569
-5171 -1104 1815 -4728
-1227 -2490 2126 8945
-4164 -4172 9842 -895
1086 784 -7618 -8228
-218 -9045 -4383 -198
-9393 6735 -4422 2270
3843 -8647 2251 3557
-851 -7655 -1555 -9490
3515 2082 1842 2173
-3615 6920 -1106 -4347
5825 2521 -2089 -494
923 -7034 -2725 -1938
-1804 -2576 3157 -2004
9283 -8409 -4274 -8915
3561 -2872 -5094 -350
-8544 -2877 1975 5976
-225 7341 -7358 -1606
-5640 -2150 2199 4228
5309 -6480 -7345 -7316
-6811 -3138 -1906 -2656
9307 -9685 -1987 467
5646 -2099 -4218 990
3279 -318 -3515 -6543
-4079 -3139 -5370 -9505
-9711 8445 1866 -5946
-9055 -9048 -3390 4019
-6586 -5403 -1217 -3586
-8821 -8739 -1028 1274
1342 -7884 -4926 -2403
-3678 -3943 5510 1762
-9122 -6241 9071 -5070
-965 -3793 2276 -882
8767 -8789 -9660 -5585
-6340 -5028 2025 3213
-7916 3962 4778 -9368
-6772 -7346 -2296 2314
-6290 -4947 1220 6931
-864 6306 -2202 -7064
4243 -4216 -1187 2354
632 -9095 -8986 7744
2620 237 -9312 -3917
-7489 -9472 2581 1977
-2898 6587 -4909 -899
481 5199 -8085 -9036
-4462 -3647 -3604 -4727
-242 -88 -293 5234
2516 -2651 -2057 -4151
-5755 9857 1946 -7776
-4312 3847 -679 -8085
-9231 -1439 816 -8143
-4290 -8537 2269 7668
8846 -7655 -541 -2127
450 -9920 455 -1543
14 -7335 -7810 -5204
1137 -596 -4970 6351
-9083 2442 769 -1160
3147 -2884 4328 -3853
-5211 -3651 -9812 -9813
-261 -1775 -277 2202
5973 9555 -6717 -5979
8910 697 -5956 -3148
-3296 -3724 3933 -4542
-1214 -6255 914 -9937
-5237 8508 3693 1919
-7291 -4929 -6554 5137
-4840 1986 -3612 4948
2636 -2081 -9747 472
-1084 -8003 -262 -7973
-9407 4347 9314 -3324
-6638 -1428 -4574 -9494
-4939 -4095 1067 -5640
733 -8839 699 9239
-8231 -7953 1691 4766
-4789 -6543 3498 4721
-8927 -5343 5085 1258
1327 2360 -5204 -9673
-1022 -7279 1867 4385
-6034 -3026 -264 -9138
551 -4652 -1218 -393
-1353 -7146 -8906 7958
-8312 -8317 576 -5948
6565 6111 2572 4033
-7546 -4363 2072 1226
-7469 2919 6520 8062
-3724 -8547 -6893 -6589
-6344 -6067 3915 -5610
-9231 -4475 -4524 -5801
-6220 -3448 -8835 6530
199 -8627 -4865 2896
-2485 -6285 991 7928
-909 1916 -4773 9019
-2144 -3237 6473 -4814
-5883 -2539 6744 -3474
-189 -7803 -3622 -4776
4045 -2744 -1261 1388
-7014 -4268 794 -5032
854 -2169 2404 -9455
-2471 -5578 -4371 549
-7781 -387 2406 -4046
-5840 -2674 -885 1719
-7605 -5906 -9154 -6410
-2334 -1715 -8440 -4867
-6604 -8455 -6736 -2528
2653 6526 -2154 -9645
-8146 -4865 -9925 -9142
-4092 625 896 -6295
-4406 9705 -3414 -8869
-791 2165 -9484 -7004
-2955 -3900 -455 -1406
1103 -5332 5221 -8908
-9947 -4176 9869 2762
-494 -618 -3275 2976
1852 -5902 -1782 341
-9535 -466 -5291 -604
-8973 -7046 -255 -891
6620 -3807 -4783 -6868
431 -3180 -3178 -3093
2854 1772 -6893 -7903
293 2756 -2686 -2330
-7381 4446 -763 -7010
-3243 -772 -2701 -9360
-1171 -6460 3019 7419
-568 -3376 875 -6426
-4426 -3526 -7029 -7523
7708 3196 -3630 -7202
8386 -1496 309 189
-5569 -421 -4979 217
-2691 -4589 2177 2129
7905 -8243 -7940 -8281
-1054 2059 -5226 -6414
-6233 -8519 -3203 -5577
-2883 1207 -5696 7631
-445 -4174 -2842 -7531
-7372 -8965 913 587
-8513 -1482 9939 -6767
1929 -8681 -6703 6507
-8986 -5895 4430 -6125
-3849 1099 -6073 -9764
7056 325 -2454 -4359
-2493 -6456 2723 -2851
-1461 -8876 -4619 -991
4217 -3655 -8283 -979
-4596 -7449 -2987 -2334
-3480 -5434 1661 -9960
-3723 530 -2447 2338
54 1630 -3938 -4863
2361 2034 -9448 -7192
-9268 2598 -7939 -1182
-929 5309 -1874 2063
-1649 542 -3872 8214
1815 2023 -9865 -8810
91 -1836 -6435 414
1085 -2995 -2749 3170
2144 -1059 5091 -151
-2852 -4119 186 241
-7423 461 -2857 -9666
372 8175 -5787 -5403
8212 2016 -3747 -7035
4043 -7612 -9899 -5128
1341 -9257 -4358 1098
3064 869 -324 1060
-5251 -2442 366 -3193
-1730 2698 -6210 -9778
-9954 2164 -3025 569
-1847 -3550 -3563 -9392
-6019 -5453 -8874 2418
-1361 7820 -3715 -3861
-8134 -4591 -3259 4849
3529 -4587 -1149 -602
-9785 9468 5799 -1438
-4635 -8264 -492 -2606
1334 -892 -5144 -8126
-2060 140 150 -9903
8356 943 -6436 -4137
6970 9186 -4832 -7113
-5788 467 2449 -2994
-1714 -2273 7181 3929
-8792 -9361 -6024 -7534
-1147 -6689 -6756 3902
3641 -4913 2911 554
-5070 -3857 -718 -8177
3739 -495 -6852 -4162
3635 9798 -2845 -421
2646 -834 -1102 -223
-3032 5125 -9971 9903
1609 4007 5265 7012
753 -2892 -9893 8958
-2189 -252 -6543 2710
-5929 -2274 -3480 -3324
-141 -6847 -7679 5086
8872 -9807 -3063 -3728
1456 -7971 -5142 -737
-2118 3093 4210 -6275
8562 -188 -164 -2854
-2345 6949 611 -9301
-4177 -5057 -2317 -2990
-2731 -799 -24 7524
8628 -9132 8291 -6056
-3468 -5356 -1218 -6476
-5916 2797 -7467 -6421
5108 -4639 -2702 4898
-674 -3023 9784 1168
5187 -2347 -5826 1805
-201 -5364 -131 -6355
-7564 -3708 -9663 -8651
3141 1281 224 -1352
-1559 5957 -574 -6297
-762 -1703 -8041 -1877
1467 1190 -2783 -4927
-5578 -4742 -2706 1349
-3897 3118 -5989 2659
-1512 -5344 763 -9378
-577 -7779 -151 7024
-1823 -239 8930 -2507
-7871 -3450 5729 1389
-913 -1845 -288 5217
3065 1609 -6666 8745
-140 -9650 -5913 -706
-8519 4991 -210 -7920
-6216 -6650 2798 3933
-9029 -9088 -2957 -2067
3114 -4071 -1057 -7995
-9317 -2768 -124 8728
-6654 1042 -8393 -9925
-5709 -7880 3037 4291
-3732 157 4921 -8151
2478 -8219 -5123 -3086
-2513 6718 -9123 -6261
-3907 -2340 -3556 -2693
233 3619 -5457 3022
3610 -96 -3891 -1931
-8135 -5009 849 -2896
-4863 3488 -8862 -8173
1138 -7688 -2501 -4007
-2509 -2918 9318 6551
-3440 5083 4956 -1243
707 -4929 3621 8275
-3987 -4184 492 -3757
-1566 -7387 2139 -878
-1102 6361 -874 -9800
-4430 -2580 -4670 -4830
-6574 -4993 918 2406
-817 -1742 1310 1201
935 -6289 -5366 2680
-6214 2850 -1310 -3283
-7064 -3006 -6462 -5239
5288 -7148 5590 9353
-3592 539 -7635 -6244
-4039 378 -4873 622
-46 -3450 4936 -9092
-5036 -153 -1178 -6697
-7374 9521 1672 -1447
-269 -7424 1646 1456
-2013 -3260 6779 -7520
6181 575 -1238 1995
2595 3430 -5863 -6438
-3303 -4937 -2105 1475
-7723 -228 -5117 -8176
-9903 -6037 -2449 129
-5184 -3010 -4127 2279
-5698 596 619 -5625
1930 -789 -9447 -6165
-2047 -2219 -4504 1291
-3775 2413 8435 86
3056 -1521 -286 3301
300 -4996 4166 -3837
1219 6035 -3479 -8317
-8730 -8653 4907 8630
-9465 8013 1382 -849
5175 1614 -2931 174
-2496 -5895 -9870 -5839
553 -128 1123 4460
-1913 -2491 1615 -674
1794 727 -3085 -1515
3261 -8552 -7452 2322
2099 5926 11 5012
-9520 -4091 1250 5232
5088 -5763 -6202 -2504
8651 1086 -6496 -2660
-7363 -5707 2163 -5265
-1407 -2767 1317 -8471
8924 -8600 -3760 -2496
-3869 -4427 -6896 -2401
-563 5807 -1659 -6138
78 -9812 -4227 -384
2983 -1308 -35 -3155
-6114 -2744 -6634 -2772
-8228 7197 6056 -4463
349 9277 -9314 -2798
-118 -4925 -9465 1402
1187 6473 -7321 -860
-4916 3301 -1076 -3253
-4476 -714 3107 7557
-9546 5250 -2781 -601
-3989 6259 -251 -1082
-3013 -4677 -7466 6375
1304 -9551 -1399 -433
-3289 1683 -7454 5421
-1653 -6327 -7427 -3615
-7029 -5094 9422 6853
