100 3399
9012 8164 2014 2269
9122 -8093 -193 -680
9877 -6750 1438 9715
-4377 -6977 -6359 -3604
-8302 -7933 -7943 -5654
-6805 -5007 -2351 5428
-8875 2174 1221 -3840
1687 -4188 -9222 -7505
-3100 -6157 7341 -6921
-9181 -1207 -3722 -4926
5968 -8063 4046 -3850
4416 -3505 8656 4596
8580 -244 -708 -540
6800 -1682 -608 -9040
1532 -5796 2172 -9680
-6486 -8447 -2372 -8410
-245 7200 -2552 7820
-6852 -6233 2370 -3094
-9485 -3739 6094 -2645
-991 -9023 9231 -3502
2129 -4189 2481 -6453
-4689 -9001 -5333 -1668
-881 -5741 -4123 -3834
-4660 4276 3674 3112
-8112 -6514 -9704 799
-5868 -9051 -1619 -2795
-5463 -2471 -7515 -4261
5462 -4579 -2227 5841
-6207 -3148 -5570 -2556
-1577 -310 -7060 -6519
4933 3333 5212 828
-3652 -6550 -6459 -4455
-8619 1868 1758 -4336
-3915 -863 -9414 -6003
-6750 -4882 4470 4726
-6244 -6717 -7891 4603
-1022 9296 -7088 -2710
2716 3341 -8044 -3198
-2055 1020 -8150 -3124
-1307 4388 -7811 -4129
-9116 -27 6393 -1496
938 -3461 2183 8758
-2106 -5521 -6439 -9478
-8762 -9856 -2616 -8422
-3146 8740 -6258 -3777
9195 -2590 -2888 1160
-5 -5582 1125 -683
1451 1669 -9314 -7370
2995 6306 1008 -5444
-7995 922 3101 -7716
3037 7758 -3856 -1991
318 833 -5651 -3331
5659 783 4623 6861
-1675 8710 3367 -2085
-4650 -1092 -2865 -9985
9086 -3935 3572 1399
2375 859 -1885 1013
-5176 -2372 -7918 5508
8286 -3717 -2318 1613
-9390 -5112 4130 3992
5 -1186 -9952 25
-732 5497 -5234 -7224
-2437 -9530 -4408 -4622
-2893 319 -7144 -7635
-3115 -5001 1267 4146
-9648 -5005 5978 7174
-3110 -6818 -6174 1753
-3687 -1642 -4838 -3373
4867 1449 -9967 -9487
-6308 1828 -9530 -249
6841 -4072 -4235 5782
2109 -2178 -4469 -1915
9085 -1906 -6586 6153
3767 3614 -289 -7480
-261 -7604 -8024 -4516
-8077 -9487 -2253 -8247
6977 -2856 485 -7697
-4105 -4665 -7405 -2677
-1449 -3840 8144 -2996
-1523 -1610 -5145 9475
8243 -1430 -1606 -293
-7662 -4146 262 -1134
-6549 -7019 868 6850
-1482 -9662 -3436 -6209
-6168 -1690 -1633 6282
-7175 -6616 -5646 -9765
981 -2303 -5709 -1161
6834 1690 616 -941
4991 6698 3637 899
-8474 3816 -1348 -118
-7631 -1261 180 2123
-489 392 -5442 -8137
-320 7031 922 -3222
4148 2076 -1491 -2001
-9508 -858 -8100 -1861
5480 -3926 -3592 -3838
1409 -2861 -959 -8077
5666 2178 1731 -8350
-7344 9331 5755 -1338
6919 8107 -4862 -8897
