2000 1180770
2221 -6046 5808 -5111
-7315 -9536 1143 -8045
-6267 -9103 -328 -2027
372 5000 9775 5799
-3583 -6054 4291 -1344
3794 -6001 -6343 -5405
-5479 -682 -1843 -4237
-3216 5494 -6248 743
-9463 -1875 -4010 -9242
5727 753 -4818 -7285
1552 -8835 -5433 -6326
-6511 -7702 -1277 -5578
6487 793 -6295 577
5307 699 7458 -7515
2 -9496 3048 -6781
-1223 5876 8156 2729
-4832 4996 1878 4699
-5462 -7910 -1119 3947
1729 -359 6858 9000
-5554 -8730 -8659 -1889
795 8747 9404 -5155
-8912 -9342 -6085 -428
228 3215 2250 -5503
9048 -1201 2184 6860
3068 -240 5014 1968
-6764 -4159 -8134 -3334
-8896 6764 -2748 -9993
-8872 -8447 1368 5547
3192 -9387 1153 2044
346 -1719 9070 -2376
-7447 -6415 1080 -2635
-3051 -6676 9610 1716
-6718 -9927 1692 -1525
583 -3315 -639 -9371
-7341 -3899 -4630 -5854
-3148 8897 7940 -4888
-8607 220 -5439 2680
-4648 -5322 -4225 4710
-5223 -6472 -4667 6316
7582 -5015 6357 -3048
-21 1545 -7814 5391
-4538 1208 -8085 8269
1737 1176 -8950 -4404
-6794 4725 -9269 -2362
791 -3515 2851 -8226
-534 -4905 -8445 -519
-5709 8774 964 -3685
-7769 1722 8467 -1822
-3522 8513 -9085 1537
-8766 -1947 -6591 -2448
-822 -5542 -291 33
2979 2338 5578 -7727
-3472 394 -3027 4451
7060 1490 -3922 -9530
-2771 4343 -8844 -3232
-4444 -2005 4688 -6746
-2941 8897 -6344 -248
-8570 2386 -6953 9176
-5585 -4859 -1455 -7431
-3223 -4216 7556 -4546
9308 -8813 -7701 -4422
-462 -2938 4555 -5300
-7191 -4479 -9831 3619
-836 4673 6926 7338
-9988 -7929 628 -4406
446 9115 903 1034
7736 -1424 -4969 -1379
-1521 -2101 7698 918
-2934 -193 -3550 -5699
-1280 -5531 -5703 -1760
245 -4920 -4338 -6163
-693 3852 -7583 8975
2756 -2448 840 -9851
-9341 9976 -7523 -8972
-8633 -7552 -7939 -6825
-6017 59 -4589 -741
-9042 1087 -2412 359
9842 9054 -7681 -6087
2480 -7072 -8673 -1308
3935 -5880 7370 -4388
-2118 -6948 -6205 -5298
-8164 -3368 2326 1949
220 6923 267 -5416
-8517 -7673 -3864 6833
-6328 -1452 9063 -8894
-1330 -188 -8379 -9499
6924 6109 -3620 -2643
2773 1209 -5308 -1810
524 -2003 -9711 6559
5185 -4886 -5591 2732
6233 -2231 -3808 750
-1730 -6891 -3994 -156
-6556 -3350 7378 -6117
1489 -8640 18 -9996
3036 9676 7890 4138
1526 -1819 329 -1793
-3360 -2518 -9007 -184
-9465 -1087 -1787 -678
-4662 -9747 -55 5761
-7772 6600 3682 -9098
9662 -1110 135 -9480
-9344 -1841 -6851 -7348
-4445 -9356 -551 -9607
-7101 7476 -6821 -4845
1936 -4962 917 318
-3161 4107 75 -4029
-5734 547 -9550 -9671
-4512 -5075 -8564 -2750
9425 -2263 -6368 1026
1083 -6302 -6327 -5064
-842 -3548 586 8192
-715 8232 -5046 -1311
87 -585 -5668 7911
-4900 -8772 -3862 98
3960 -1084 -6746 9106
8454 666 158 -9311
1821 -5361 -5843 -9656
5826 -729 4698 9099
-3673 -2796 2780 -4754
-762 3612 -8848 -4057
7089 -868 243 -1156
-93 -1236 5991 8426
-1797 -3642 -9321 -5372
-1813 -3518 5060 -7524
-3190 -5700 2295 -997
-4360 -6402 -1755 886
-7454 1672 -8525 -4145
-1178 -42 1018 447
-4557 -6142 -8801 -3375
-2519 1258 -5944 -1313
-219 -6473 7067 -4554
-6889 425 531 -1696
-9979 -1181 -4069 2667
-4545 5609 9008 -6310
934 -1887 -1260 -2436
-1322 6664 1787 -7047
-8598 -8891 -268 -6606
1896 -2068 7741 9935
-7307 -983 -28 3702
-215 -5688 -4367 -4650
-5367 -4180 -8397 -1085
-5293 2008 -3881 -1407
7349 4788 -1123 -934
-2616 -8923 2414 965
-7121 -4078 219 -800
-5406 -1076 -586 9706
-7079 5790 -9980 -1277
-1064 -8147 -640 -1247
-4059 -1422 -1992 -8948
-9318 -626 -5138 -3528
7444 -6522 -6047 5772
-1664 -4331 3244 -4715
-724 5860 4597 8965
-5501 -5753 -7218 -2192
-842 -7224 -6818 -6324
-162 5600 -6520 2556
-9369 3737 -7719 -1821
-5079 -4984 1037 9646
-4243 4287 936 -611
1365 4956 -6395 -5393
2722 7384 -999 -9317
-1457 5713 3136 -2642
-9755 1329 3881 1145
2107 1937 -202 358
-8532 -568 5209 -5401
-2393 -905 -5436 143
-3858 7052 -2870 -5444
-5780 -9001 -3360 -7658
-891 884 161 9028
-1069 339 213 -5994
-690 7890 -50 -8341
4105 -537 -2217 -1418
-5373 -8344 2117 -3110
9150 3683 -6568 -72
-6490 5063 -9164 -1074
-7940 -8216 3657 -482
5994 820 678 -1071
-9255 4596 1112 -5850
5628 4134 -9673 -3681
-8127 966 8262 -2637
-7248 657 8466 -2854
4897 -8046 1984 -8931
-8443 -9159 4106 1725
-5418 9565 -7648 -5219
572 7818 -360 -4485
1256 8859 -6209 5392
376 2383 -4864 -4677
1902 -260 -7317 -5223
-3887 -9359 -7411 -8385
-2978 3961 -2218 2433
4190 973 6775 5662
4082 -9562 -6775 5574
7768 4710 -611 1439
47 -600 7673 831
-3791 6866 8009 -1840
764 -191 -8974 -7857
-739 -5258 -6703 -1959
5505 -2855 1306 -8763
-4575 6382 819 -1193
5529 2521 -2883 -5806
553 -3660 -3101 6747
3356 80 1882 -2411
-6439 -344 1222 703
-8473 509 1630 -6839
-3606 -1325 8681 -1087
834 9231 -1942 260
9037 -9455 -7047 1559
-5687 -8262 -1154 258
-584 6103 -7570 -6375
-4650 6890 9108 -6223
9873 6493 -111 -9734
-9913 -7816 -642 2356
3604 -8005 2047 -8463
-4230 -2908 -9958 -3547
1699 7574 -6258 -4182
696 2524 4141 -3729
-5695 -3215 -1888 4833
1858 -3596 1453 -5636
373 4556 -4147 -8023
7628 1113 -5076 -471
-7303 997 -9431 3287
-8395 5329 -2554 705
1550 -7871 -607 5965
4419 4577 -5103 8624
7756 1416 2229 3861
-9059 7803 -6643 4388
2956 -10 -8893 9477
-6314 8160 -5853 -7761
-191 -4733 2126 9196
-3366 1554 7934 2674
3906 1303 -9284 847
-2210 -3457 -9339 943
-7140 -9047 -9286 -9965
-2540 -579 8819 -5720
-8007 -6184 9559 -4105
4381 2315 -6739 -81
-1259 -7462 -1920 -4231
7121 -1095 1632 -4129
-4288 -3285 4329 -4633
4351 -51 -8236 -4036
5944 -6080 9944 1901
-726 7654 7760 -5332
-2379 -5367 1010 -6276
-1303 -9894 -4631 9599
1824 92 -4061 -5764
2295 1802 -726 -624
1938 -4354 -3266 1477
1220 -2188 2479 -2927
-2519 2751 -249 4959
3340 -4516 -903 -3481
-3213 -3320 2065 4268
5546 -2118 8824 1283
6167 -8132 -9054 -4128
-1565 -1455 -7382 -5562
-1965 -6484 -1830 8474
-640 2081 -2072 6215
2403 2743 -2612 -7709
-6664 3358 6186 -6780
8747 -4729 -1743 -2071
-2151 -3516 -2663 2564
-3119 -2328 -2078 -4830
1102 2034 -3899 -7389
-5452 -1452 -8059 6217
-2732 1183 2341 -6866
-7984 6848 4679 -6273
-9230 3511 1131 2162
-6356 4755 4014 -3483
-2736 -2025 -5879 -8717
458 1665 5519 742
-3174 4528 -275 7683
5670 519 626 -2872
-2957 -1954 -1271 -9515
-1053 -938 -8079 4823
-7791 3178 -8200 -4998
7585 -5114 391 454
8418 1448 -6546 -1441
-1686 -8916 -1614 -5144
-8107 -8490 -692 5905
645 7479 3935 -228
-5194 9243 2289 -9850
-3707 -1597 -6135 -7901
-9373 -5815 -8736 6604
-2507 -4507 -2848 -9193
-8223 -867 -3435 -9146
-9355 6892 4552 2187
7793 2462 -7927 66
8947 -9915 2348 -5557
1832 -5943 -145 -9357
-9741 -195 -2668 -9373
-9140 -9178 1419 -4526
-6524 4805 3058 -4430
202 -5144 5394 -8235
9508 -2076 2427 -739
6952 -3677 -165 3749
-3863 3196 6338 -1088
7140 42 -6888 -8447
2704 -9568 2688 6719
32 -3125 -666 1488
4797 -6649 708 289
-319 -4103 7574 -4858
-3987 4407 -2312 1868
-3461 -8527 5466 1764
-215 8559 -20 -6736
3547 -6903 -5976 2746
-5946 -4585 1335 -826
2342 -1727 -6970 7019
-4836 -8930 -2483 9832
1865 3500 7486 9544
-5221 -3202 -947 -160
-833 -1063 -7036 -7136
-6225 1672 -5099 -1317
-869 9616 -5985 -9482
-6893 -5847 -7129 -7556
5948 1719 -405 -1612
4411 -8563 -5448 2464
8580 -146 -1214 1591
-722 -9990 -6050 8397
5854 7422 -4044 -5378
-1568 1698 -5305 4737
-694 -1759 -6250 404
9046 336 -3417 -3775
-4276 -7283 -2346 -5050
3660 -4099 -6925 -1944
-2884 -7278 8910 7021
-3120 173 -2771 -543
-4047 8237 -2711 -993
-3799 -3604 8057 5735
316 8222 -6010 -7440
-164 -6391 -9659 -4945
-3574 9920 -1577 -4332
-34 6287 5830 -2501
-4354 8116 -8952 1187
-3536 -1587 7148 2147
189 -1512 -7051 -5428
4454 6414 -6034 -4587
-9127 -2101 5617 -108
-6450 1459 8100 1471
-7507 -733 -1407 -546
-9798 2239 5782 -6609
-623 4594 -4107 4290
6821 8628 -8434 -8388
3601 -7315 -4560 -309
-1683 1283 7021 2587
-4734 6753 -3502 -818
-9513 -1103 4024 -2306
-3800 -3195 -9947 -7110
-527 -7003 -5248 -6439
890 5883 8642 -9077
9824 -1703 959 -9529
-2812 4832 4870 9343
-60 -3526 -6674 2472
-6878 -8238 -8910 -9937
1164 109 -463 -8022
8824 -4751 -5866 -2657
-7481 -3774 5838 -5629
2284 -5867 -4865 -255
-8942 -4177 666 -2787
-5378 -3640 716 1364
-5801 1227 3076 6952
-5303 228 -4820 8956
-608 1091 -35 -6699
-7292 1260 1378 -7352
-1561 -1264 -3630 69
3568 -1580 -8206 -7418
-1787 -701 1566 -7267
1914 -4929 1936 7877
-2510 479 -2319 -411
-831 4397 1796 -8965
4519 -1572 9554 -9311
-4578 6625 -5735 5771
1528 8550 -5540 -3869
-98 9781 -7026 -9191
-2878 -5994 -3760 4919
-4489 -1917 -4731 -3557
9849 6040 -1374 -1669
-2447 2035 -6747 -4274
314 -2459 -1421 -2423
9250 1703 -7943 -2482
-7214 855 -4770 -4457
-4713 -8244 -7755 -336
-1371 -8314 -3497 8348
7444 -2933 -4772 -8167
-7999 1397 -8154 -4033
-736 -3795 3240 33
-1041 -3386 -6052 3835
-3273 10 -9436 2445
-3312 -3123 9676 -5178
907 -366 9857 4407
-1312 419 -1698 -107
-4224 -2137 -6134 6565
-6573 -8597 845 -2221
9573 -9767 -2636 5640
-4975 5422 -8194 5555
2478 -3800 -731 -1510
-7869 2135 -5206 -1672
-7287 -1415 1261 -620
-5775 3428 -1212 1133
4293 1431 -2918 -7786
6694 1120 -5437 -5808
-5860 -3204 5746 1564
8198 412 661 -63
-2617 -3185 -4682 -8397
-1583 7913 1796 1915
2269 -8762 37 550
6478 2487 -8952 -8221
3486 3713 -5305 9622
-1622 -6223 -2994 -1193
-9949 -4617 -8436 -121
-1358 3518 -2829 9317
-8159 -716 6701 -7880
3865 7400 1097 6059
77 6896 229 -4717
-9202 1091 -1399 -5391
58 -8661 -2081 -5130
8630 -4368 8459 -5178
-8697 -4298 -6013 2042
-8239 -8782 -6125 -146
-6343 9807 -6915 -6126
9903 8872 -1155 142
8930 -2353 -5303 -6394
-5376 -2497 -8556 691
9252 -6527 -4255 -9272
-982 -1273 649 -4478
6517 -190 -4921 -6494
-933 -6518 8894 -514
-5197 -6660 -9449 5213
-1005 -6184 19 -9414
-1171 -111 -75 -8047
7168 1567 2418 -2221
762 -6153 6095 -1166
45 3127 5778 2858
-3911 -6971 -5297 -9534
-155 1015 -898 -9982
6863 4770 -8186 -5873
-6011 9910 5095 5115
-831 -2787 -8237 1220
-7746 -6338 6861 272
-7768 813 7267 -3519
2741 -5354 -6707 -6909
-5493 -8171 -7020 -4886
5012 7879 -2987 -4512
-3542 -4745 -8096 -4630
949 -3640 -9280 2641
-5010 4027 -6066 8858
-6449 -5962 -1721 -433
-5903 -4110 2006 -839
-1908 1383 -1551 5651
-2254 9785 -421 6502
4146 -6370 8031 -2793
-2255 -6649 653 -1585
2400 -3173 -404 1161
-529 -7909 -3032 -1004
3436 6215 2532 3950
-804 1216 -4969 -9743
-8380 -851 6443 -172
-3797 1429 -4020 -7882
3737 -738 -2887 -42
2413 -9408 -905 -6345
-1568 -9430 -8338 4785
3717 6351 -3023 -6253
-3496 -5252 -209 -1871
-6943 -3010 -4038 2558
-2807 -9431 -3546 -4859
-9530 -8031 -6700 -416
5041 -5093 6906 -5773
358 9034 4255 -7535
-3467 -1883 -7875 -5052
7058 28 -81 -4977
-8093 -9430 450 -676
-8206 -7678 5708 9456
-1339 3108 746 486
-4751 2752 2165 -8855
-4161 2611 -8343 -8094
2489 -2814 -8478 -7203
-7630 -1518 -7974 -2912
-5598 4033 -6123 -7690
-1108 5158 -3037 8670
282 3169 -4929 -6619
-576 -7524 429 -9376
2133 -377 7279 -5178
-4906 -5691 -7775 5920
-7327 -5631 -855 2278
-2966 5492 -6242 -5990
-3630 5323 7692 -7204
-4448 -8226 -5960 -4127
-2659 4422 -5753 -6392
-2309 -706 3880 7429
-9204 100 8472 -1865
-662 -801 -2335 140
-422 1896 1593 826
-8731 413 -591 -5770
-2979 -9041 -435 -5522
-2878 7960 -4874 -2649
-5184 -3397 5702 -6835
5280 182 -5939 -2465
-8045 -1101 -3944 -3481
-1824 -2785 -7363 -733
71 -5998 1444 -7385
-1365 -2145 3052 -4549
-8243 -1227 -6755 -1768
-695 -6182 5249 -3217
-4168 -5840 -2410 -9758
-7041 8121 -3958 -1135
-7647 7115 2661 -3551
31 -8750 -9370 1470
505 2909 -8193 -9016
1514 -3750 6076 -4879
-6273 -1809 -9293 -2791
-8923 7036 -3398 -7805
-2195 3963 -6273 -2283
-8246 -7439 141 6550
-8640 -946 5823 2188
1239 -9079 -1185 -590
-7744 -1893 8330 -1960
-3536 -82 -8883 7064
-5404 -8258 8753 1639
-9836 -829 -3446 712
-238 754 126 -9045
1762 4913 -9091 -7717
-5586 4960 -4360 -4233
-3976 -992 1906 -8089
9241 -8091 -1424 7782
9905 -986 -5038 -5614
-4036 993 -326 -8025
1313 -6632 -3597 5845
-6228 819 -8933 2232
7619 3172 -7450 -2532
-3335 -2667 -7191 6800
2727 6984 -2631 -3135
-1373 -5508 1350 3488
-9132 -6749 -2744 757
-1157 -7498 -2349 2095
-9607 -2666 -3869 -572
-4016 -4612 -100 -6080
-3284 -4838 -4960 -7926
2096 -4917 -1877 -57
-5554 415 -1031 -9777
695 -4009 3954 -2227
-2456 641 -1624 -9521
-8392 -1770 2613 -5258
-9199 2545 -5939 -5966
-4696 3323 8934 -1133
-4268 643 2025 -9223
-4872 -6488 -9503 -7727
6860 6048 -625 -6200
726 -9449 -7771 -457
-1019 -8736 -2311 -4284
-5205 -9664 3538 1563
-3732 -696 -8103 5317
5479 4323 -4190 -5185
-4078 8158 -9439 -3439
9661 -7689 -7445 6169
-6175 -2876 -1210 3408
7725 8447 -6682 -7068
-9924 -7337 -7850 1426
-6344 -8540 6934 5464
5 1903 -7896 -3789
-4099 1551 7695 8953
-1328 -6411 5285 6991
9045 5539 -2524 -1619
316 -1320 35 3448
6029 1891 -2223 -4824
-4364 -7416 -4079 -518
-7273 -1023 -3147 467
155 -1324 934 -3578
-409 -205 5075 -2660
-3458 7664 -9053 -9880
-3776 -892 -9086 3612
-2958 -9348 -7876 3606
-6081 -6613 9686 2835
-3237 2475 9185 -4157
-750 -4648 -5534 -8674
-8614 -8433 -916 3012
5994 -2804 244 -1031
735 -4752 -7596 6229
1090 9292 -7369 8655
-5686 -6875 -9506 -8890
6792 1987 -5221 -4443
57 -4930 8121 2374
6316 -6179 -2633 -3797
2968 -7532 647 -8511
-7064 -9593 8394 6158
3141 652 -2847 -1809
-8857 191 8121 6476
1921 2246 1606 -2626
-4767 -5675 -6066 2120
8078 -5370 -6407 9728
2709 -9401 -5313 -7199
-4627 -1614 3687 -2059
-9774 -6181 -4056 -2047
-7485 -7801 9548 8532
142 -5539 1038 -5683
-1502 -1828 7763 -6257
4008 -1788 4313 -8047
-6862 8352 7665 -1467
-1527 5855 -1782 2646
2677 -8615 -6725 -2053
-4265 -5175 -826 -6582
6942 -8074 -8699 2948
2315 -8618 -5041 -4830
-2729 -1692 4420 -9301
-5543 2770 7436 351
-7791 -3895 -832 4752
-4986 3897 649 -4052
9532 -51 -9557 -973
-4928 -5096 -2755 9941
8211 6991 -8276 688
-1619 -3169 -4449 -812
-9630 -5170 -4922 -4551
-5414 -8587 -4411 1164
-904 -8072 -2010 7727
-5144 -759 -4342 -8745
-6632 -8728 8775 -2523
497 -6094 2153 -9916
-2372 -8770 -9824 2055
-920 -3398 4625 1812
-1193 -6968 -4656 9520
-8188 289 2990 -5082
-1164 -2040 -2251 -2534
-2767 557 -2870 -6763
-7206 1606 3424 -4217
-2116 -4777 -7246 -5648
7634 -6045 -6175 5061
-5479 5862 -2510 1251
-1569 2350 -4380 -5015
-4787 -5256 8678 5868
2663 -7279 -5333 -1784
-3862 -6883 4357 -4771
2482 -5149 3729 -644
-8308 -1776 -6042 7947
7415 -7218 -3273 380
-4518 -8016 -1439 -3072
321 -7505 -5930 -5799
-8760 -1062 -6963 9157
-3784 -3000 5610 -8966
-130 -486 -5503 -9078
-5564 -442 963 -48
8147 1849 1879 511
-998 -7749 -456 1168
8300 -1947 -2931 -5079
6626 2216 -7401 723
-4527 1112 3183 -9579
-8207 -6596 8338 6406
7163 -6648 -2991 5401
-4672 -300 -8547 -8770
-5263 8373 8991 -8656
-9347 9520 -2006 -9951
-7974 4468 -5513 5612
-7691 9570 -6515 -3099
600 2333 -8986 -8899
-5440 801 942 -4850
-6125 -834 -5259 -1764
6082 -5377 -2586 -6785
-1919 -7002 -8036 -4195
-8215 8179 4725 -3624
2232 -4489 -8888 3104
-416 2315 -8919 2245
3901 7717 -205 -7938
4862 964 -3031 -9985
-8554 -3907 4447 -6106
1063 1440 5584 6944
-3730 -1883 1740 -4899
4387 -9601 -8154 9969
5245 -5505 7994 -6988
6730 -8105 -5747 -479
536 8664 -7647 -9729
-3298 -6064 3387 -630
6650 -3415 9996 -4064
-136 -4621 -6332 -1756
-1983 -2797 -9046 7545
-1801 -5278 -7151 -632
4795 2248 -6925 -7771
-4508 -6600 3388 -3302
-2572 -5462 -765 3860
-6270 8826 -215 -9144
-2596 -3761 -4803 -5077
-8882 3105 5611 -3402
2556 -2982 -7849 9870
703 1161 -6394 487
-6025 40 -9972 -4337
-2877 -4680 -4125 1207
-1714 3969 -401 -2754
3459 -7016 -6008 -4744
-5830 -8236 7958 5652
6735 -1967 -6649 2675
2670 -4651 7922 -8394
-2048 424 -608 -6788
-6414 447 -2630 -5788
6624 -2504 -7000 9692
-1765 -4828 -9206 -8885
8856 -586 -9349 1367
-2981 -929 -5083 -6483
2044 25 -9290 4382
2823 537 -5571 1614
-3868 858 -1999 -5769
-7520 1186 -3193 -7868
-8088 -4815 2566 2761
-4283 2448 -7892 -1493
-573 2409 8088 -1883
5891 -2629 1300 -9098
-7239 -3751 -5929 -3882
-8961 -8873 -5467 113
-1507 -730 -1272 -4258
7520 -8894 -7954 2785
750 -2788 -8311 -7986
-7766 -5653 -5713 -5794
-884 -3847 -7188 2296
-7977 -3294 -3911 1266
6300 -7700 -6832 -6636
6352 -4317 -9769 9214
-4473 -885 -201 -8363
8316 9610 -9856 -9683
4266 -9969 -4645 8148
-637 2718 -4831 -3279
8313 8657 -8146 731
-9008 4603 -4831 -9047
8891 3412 -1687 -328
-9853 -6653 -8826 -5924
2863 -3721 -1956 -2584
-608 -1607 -9714 -6331
-5385 -4504 -2455 4469
-6266 2616 -3799 -5079
653 -5594 -2805 1251
-7993 1550 2594 -7181
6710 -4511 -2802 7624
-3590 1863 -5531 -9490
-1582 -7079 -7485 -4687
-1528 -6495 -6308 4939
-2847 -3665 2836 -8377
1665 7751 2583 -9322
-8869 9942 -1448 -9912
578 296 -6986 -4492
1321 -3217 9290 -7262
-874 -22 -3803 -668
5679 1906 -1024 -9544
-6418 -6610 9049 -2425
7751 5922 -4851 -5432
-7533 -4263 -2871 9899
-6589 -3016 -836 -1602
-6844 5337 9206 37
9009 2191 -9218 -637
4496 1935 -277 -2150
-294 -960 8699 -5220
8774 -4100 -2249 -2497
-3596 3423 -6616 7676
1385 5505 -5194 1206
-3851 -2298 80 -6164
-4593 -1736 3765 -4671
-1358 -7918 3750 -3236
-6861 -3114 -6752 -4334
-3978 -2518 -7414 2159
2758 1152 -9262 840
-3112 3559 -4075 -2996
5569 -1169 -7859 -9279
-9022 -6147 -2869 -298
-2781 -1447 326 2364
8993 7708 -5142 -2420
9253 -7017 -5916 1885
-2905 -4439 -718 -1573
-3773 7790 -1254 -5624
-3609 -9429 -3503 -683
3435 -5346 -4194 478
-3047 5698 -8862 1441
6704 -7403 -6337 3615
9307 -8192 -8157 -16
5507 -2381 -5622 -8643
-6194 -8536 1322 -2238
-9076 1378 8249 -8034
-8885 -6195 7136 -8080
7614 -5082 -1826 6861
635 2179 2667 -8413
-268 -4139 516 8436
-9508 -3067 7502 3544
-2384 -1543 2452 -9169
7680 -2069 -942 -2508
-1375 -369 -1359 2773
-9084 -724 1694 -2281
-5614 -434 -9966 -3146
574 1555 3886 -4739
-4699 -4812 2602 -6572
62 -6201 -3499 -5660
-2177 -2286 -1850 -235
9047 -9120 -186 -3965
-7868 1058 -3843 -1491
-3311 3167 -5241 -9305
-2951 9094 -7956 -2685
-8831 -3080 3801 1912
-6005 -5866 1033 -7028
5919 2692 -5498 2578
-1394 -4977 4812 -8691
-87 -5859 -2660 -3112
-2608 -3198 -5545 -499
-3429 2103 -9650 1881
761 -8398 -9353 1904
-6973 -5004 -4646 -5833
8799 1462 -3272 -8790
-2744 5148 9858 -347
-3418 -3382 -8900 -5187
2347 1335 7116 -7217
-2345 -2329 -7791 -7041
1981 -1152 -8083 9977
7630 8414 -8989 550
-5030 -1431 1523 6327
7455 5752 1458 -4092
-1382 -5313 -7945 -4697
-6470 -4970 -1242 1825
-7826 6407 -1455 -8960
-6056 -1414 -126 -4794
4702 -7694 -6302 -1153
-6212 6400 4216 -5098
-7172 -5836 7749 -8270
-3102 6677 -3879 -2836
-9942 2357 -5164 -570
-1942 2011 -9798 -6828
-9713 4363 3858 3832
-8661 -7938 -5486 -3683
-3720 -7416 -5875 -860
816 2917 2726 -5270
7062 -4102 -1286 2371
1241 -5782 -5130 -2685
-133 7978 -6936 -9317
2594 5629 2705 -7557
-6558 2339 -1976 -6121
-9059 -2477 -6050 -2136
-8158 -5695 -7648 9275
-9222 -1591 1006 -2589
1247 -3272 -5844 -1606
-3009 -3776 4850 2165
2248 -2680 -1867 5127
-107 262 2822 -3135
495 6383 -9810 -9685
-3539 -2886 8419 8836
-7034 -6947 5902 6128
3108 8559 5818 -1756
-5791 -9078 -9213 2262
-3685 -9730 -783 1202
-3247 -884 -5319 740
-4757 -6188 4403 3167
-2370 453 -7166 -8791
-25 -2988 -2015 -9814
8756 -5252 -3912 -594
-5275 -9023 -1401 -2155
-3180 5780 -6751 -3424
-5519 5393 -7052 -5390
-2453 3421 -1599 -2311
-1152 2050 -2502 8559
-9204 -9137 -9024 -3122
-8577 2258 1734 -2381
7035 -4268 1488 2616
-8349 -9571 1999 -3899
4192 -8553 -9914 3617
-7242 -8242 -2413 7056
-328 690 9395 -6581
-1133 1856 -449 -9021
2291 -5013 1631 -714
-1546 -7182 -1051 -8032
4420 -6300 -6221 1698
-6695 -2486 3442 -3047
2528 -7333 -3304 800
7992 4548 -6943 -4970
4133 -1018 7782 2090
-1443 -1050 -802 -726
-9234 2703 4838 -5855
-7056 2590 -2861 -8510
-8583 -2919 5902 1736
-9537 -1978 4429 -1699
7243 1586 -7098 -5503
-1886 -1402 246 -1437
-9908 -5547 1317 1634
-7834 5143 3983 -6531
2610 -3282 -335 -1327
-6401 -9994 -4034 -3539
-5275 -9435 829 -9822
6529 3140 -3592 -6960
-604 8056 3650 481
5904 -2265 -7593 -7723
-3901 -2718 1827 -8325
-7024 1786 9575 -5139
-3548 148 -1483 -3726
-4449 692 -6304 3761
-4622 4353 -7149 -1525
7704 4991 -7868 -4651
-5816 -1007 -8891 -4641
-5075 -6418 1066 -4760
747 393 -773 2212
-7832 1753 -9583 -5735
8340 -4741 -7038 -8666
-1102 -2964 -4728 -5467
-2760 -5833 -7032 -9321
-7782 5902 -3895 -6489
-8608 -5665 1453 5083
-7366 6173 1089 -1356
3163 7630 -3755 -3058
-2897 -230 -5454 -8567
-3661 2298 5504 -6283
-5835 1512 6108 2666
-162 -1470 -1765 456
-8947 -4211 3497 5531
2062 -4955 -1263 -2356
-5970 -5443 -5059 3522
912 -1153 6031 -9828
-259 523 8621 -9745
-3379 2191 -4033 -3906
-9094 -3037 -4841 -358
4583 6379 2452 -1372
-7082 -7925 -1446 -1347
6360 -6795 928 -3327
-7007 2689 -759 1350
-9807 -8184 7111 5207
2671 -5298 -5376 -2749
7150 3906 1103 -4523
-461 3779 -8225 -6545
-6894 -6129 4912 1921
-9774 7963 8687 -7074
-3420 -2262 -1274 -8676
-391 -5139 482 -9892
-3743 -1400 7604 -5700
5588 4364 -9733 -8270
-9872 -4201 2803 3725
-2011 431 845 -4439
3476 -3566 -1193 2165
-6851 -5234 -9867 -4414
-2058 5985 -3708 2306
-878 -106 -8279 -3959
6868 -567 -8092 -9580
9481 -5052 2190 783
-7191 -8706 -6512 5302
4886 4816 -4590 -2271
594 -1062 -2950 -4580
5771 5996 -6329 -9624
-6585 8957 -7838 -243
-5332 -235 2401 -8678
1177 -5139 -3945 1693
-1169 -3588 1101 -7361
-5051 -5461 -3126 -6718
3286 -2939 -3086 -4920
-9024 -8289 -8118 -6272
-344 -8334 -3809 -4573
-6332 -4329 -9929 -9563
7128 -5765 -5092 1424
-5795 -7481 -5887 -8525
7356 -7973 -1929 -5475
-3093 -3157 -2464 758
-6271 -3866 -317 7669
1394 -7284 -6167 -8811
-9187 -3275 -5693 4781
2507 -3910 -2220 -2530
-702 2029 -2162 -9896
9526 377 -2853 -7165
-6551 -7909 -6792 3093
-2026 1393 -1660 -7479
-2952 -2661 -1219 -8921
-2774 -3761 -2043 -9373
-1409 1679 197 381
2630 1784 4246 -1141
-4395 -4714 6756 -5023
-297 -2975 4185 -5435
-7751 -2396 -6849 332
-6727 -476 1887 2656
1905 8470 -7922 -6202
2291 -3222 -8516 -6251
518 -9154 -7483 -1141
-9737 1273 1361 -7940
6585 2893 -7514 -2676
7484 -6760 2539 -4464
-1089 -1822 -409 -6616
5861 -7965 -2515 -9454
-8289 1354 8452 2319
9409 2759 -4348 -5494
5181 -5640 -1026 -5109
-8310 6197 4179 -3912
1252 529 -6162 -229
-909 9277 1529 -1340
-575 1800 -7341 9632
-9875 1777 -4107 -509
-665 335 -3941 1045
6504 1772 -5821 1766
6283 -7283 482 -4960
841 -24 -8328 -3635
8293 -5023 2077 -2655
-6166 -733 2436 9926
-9149 1268 4437 2700
4977 -2791 -7037 -6262
9967 2896 4177 719
-3610 -2788 -1262 -3079
3282 -1668 -345 -1683
-2149 2249 -9268 -8598
-7500 4590 -2321 -6455
5589 -4810 -6256 -8074
-7897 -6236 -5633 -4704
-8873 -7475 8979 9571
9518 4994 -8689 -9710
-190 -2253 5028 -5607
-6055 -523 9480 436
-4076 7625 -5369 -5299
-6016 -5193 1769 1258
-600 8156 6022 -3675
-891 -3503 -6175 -185
1159 -1108 -7045 6756
-3004 -3306 5481 -611
914 4744 8389 -6496
-4908 1945 1543 -10000
3469 -5688 -3378 -1952
-2121 9678 -2156 4366
5506 -3907 -2949 -7615
7066 -8101 -7417 5826
-2287 -110 -5106 5646
4457 6472 -7598 -8340
1788 1926 430 177
-8790 8873 2270 3361
-3823 2454 857 5475
2483 804 -2185 1626
-9656 -3836 2443 -8738
-6532 -5818 3565 -4125
4538 9395 -7178 -7693
5735 -2038 -6336 -4849
-4802 -2535 -6383 -1443
-5565 6568 -1945 -596
6624 6065 -3662 -5730
-9769 9145 1163 -4187
-589 2666 -8570 -2307
-6146 -5034 -6717 -9146
238 -4361 6318 -5917
1042 7934 -5436 -4413
-6174 2809 -8537 -6726
-4648 -2899 1509 3881
-7313 -8139 -8290 -9434
688 -4520 7018 1226
-7281 -3282 843 9146
2445 -2652 -4476 2535
-4540 990 6352 -402
-303 -2972 -9004 -4101
-161 -5142 -3291 -2038
-447 8947 -1349 1006
-4400 -5018 931 8924
-9722 -9237 37 -7546
-9410 -4719 -4843 8495
1242 -998 690 -3800
-9798 -8449 2156 7769
-9457 -1613 60 -7114
8218 729 -7278 -2801
9930 -5578 750 -3777
-9902 7555 -6783 2343
-3328 -7962 9607 -4544
-7761 -5205 -669 5066
4031 -4531 -3886 8102
3960 -7816 -7796 2826
1987 -1934 3017 -6397
-4611 -2600 -7364 -7914
8921 649 -8483 -9219
1840 1690 -2010 -2699
-3228 3096 -505 520
8180 -7871 -5384 -278
-7903 -7208 603 -1215
7676 -782 -1949 1250
9329 4050 -4139 -7292
-720 -1660 -3477 6234
-3571 -5271 -3460 1411
-846 -4560 8327 -826
-4744 -1147 -7663 -7664
2303 7349 -2556 781
5785 -4860 3806 -1298
1501 -1041 8903 -564
-3794 6321 -6251 -6801
-2625 -1354 -6671 -2664
5484 -2168 1457 1667
-6568 -551 4539 -3074
-6571 1594 -8455 7138
-4128 -1999 -7021 -8349
3160 -8133 760 5339
-7027 -9890 -3448 5710
-680 -2747 857 -4069
-589 -6869 2491 -7377
2641 2060 -4467 999
-2994 2203 -8629 -9873
-401 -7020 663 6791
-20 2430 3041 -475
-4045 4376 4152 -8389
-9927 -8452 -6274 2089
-8872 8270 -3058 14
2175 -1951 -4170 7699
-6461 7849 -2341 -6989
-2146 4190 -1046 -3591
1732 291 -8337 -5916
-2032 3152 -329 -5112
-4545 3930 -2662 -2788
-964 -1430 1429 -4338
-1081 -4206 -663 -9971
-9631 -9451 -1875 -2764
-6766 735 -492 -3321
-3954 -4630 2491 2191
-9576 -5061 7639 8191
2235 2156 5690 3511
-2145 2563 8576 3520
-9783 661 9497 -9333
-7187 80 5212 -9429
3514 -9851 -7893 5143
1087 1977 -4413 -816
-4116 -1017 -1771 -3298
8132 -4413 -6533 133
9323 -8403 -6780 -4195
-2264 -5808 2663 -9380
6640 -463 -5785 -7387
-644 4261 -133 -9166
-6554 -7342 9072 8071
-4395 -2436 4171 -7506
-1273 9119 -3653 -6132
2500 -2715 -8882 -6523
-9991 -4029 -8326 751
1905 3624 -541 -7321
-759 1258 -1693 -8803
3882 -9394 1931 -7220
6601 -8007 -1901 -1460
-8457 -3731 -524 -4457
2608 -793 -9262 -8997
2406 -365 74 -806
-4240 4619 -3368 -6680
-4831 822 -1470 -173
-4943 -4301 5604 -8038
-5005 -9867 -5152 -4381
1945 1806 2973 -7536
5313 -95 -5599 1066
2485 2825 -3388 -9412
-9484 -9336 5069 -6809
199 -7270 45 4192
264 2410 -6676 -6097
2408 -4281 -2372 -357
-3250 -1399 7926 -4885
2141 -2076 6134 961
-262 -2941 2011 -8155
4654 7052 -7147 -585
-2533 -7552 -5038 238
9880 -9254 1529 -4652
-4379 -2501 9789 -6941
-4966 -2507 522 9904
6018 -2802 -6070 -6178
-8194 -7378 -2123 6849
-2231 3034 -1332 -686
-236 1286 83 -6914
-4735 -7142 -3178 -2153
-4238 -892 -5732 2486
3935 -4326 -8197 -7956
9608 4226 -3966 -4987
4889 -3971 -7577 -360
-6619 -3831 -877 290
-3052 75 -6287 -428
772 2904 6117 1940
3042 3576 919 2054
2240 3707 -2757 502
-5371 -5881 -4586 -5947
-4479 -6576 2652 2753
2263 -3166 1820 -3004
9015 3348 -3410 -3046
-6440 -7591 4538 4002
-3479 501 -6017 -3260
-8258 6540 -1248 -2759
3655 429 -5650 -4873
7231 1430 -37 1024
9012 -8478 -8492 5461
-7456 9610 -2662 7569
-7856 -1695 3325 -9044
-879 -2266 -3278 9365
-5785 9687 -2838 -8232
1235 -3996 6758 7414
-5423 2430 738 -1938
8509 -2243 -4863 -1958
-9524 -8898 -3283 -7043
-6927 8963 -6717 -1264
-8192 7290 117 -4326
-4285 -6347 -8267 -9567
-1385 -1096 4977 -1153
-2841 -7213 -5182 -148
616 -8427 115 5652
750 818 -5731 2927
-5176 7542 9293 8724
-2450 540 9833 5270
141 -414 -3246 -6751
-2927 -7530 -3802 -857
3821 -1728 -5730 1095
-9964 5306 -8903 2525
-4872 -1039 -3266 -2437
-292 2175 -5633 8844
2499 6572 -4269 -895
3044 -2248 -6751 -4509
-1740 -1877 1753 9595
-5370 -8948 3250 6317
-5621 2357 -4234 327
-7380 -7666 -1546 3616
-6049 3603 -9239 -5664
5616 9119 -2929 -2028
-3908 4048 -6121 -8180
3865 2324 -7940 -7903
7153 -8723 369 -4697
-9332 -6089 735 -6792
-5153 2658 -6775 6683
-3828 164 -8871 7345
3982 1876 7333 -2377
790 2501 -4903 -2941
-6336 -7923 8199 8680
-6757 680 -3885 -8568
9456 -4554 -6117 -2347
-2401 -864 688 -6059
-4499 -7077 4723 1594
-4404 -3132 -8888 -2043
-2512 1776 -7427 -1284
-9010 -3083 -7179 7343
1273 -2116 -8981 -2328
-4844 7109 -4732 6593
-6968 -4763 7283 -5781
2462 551 -4616 -1016
-5031 -430 3714 -7629
-9606 -5769 -7916 1300
-4777 1132 2448 4535
-6683 3843 6333 -7903
-8045 -6817 -2515 7356
617 1393 659 -5259
2408 -8034 1303 -1916
-8004 556 -9237 -4657
5346 509 -2864 -7983
-9867 -2755 2952 -4025
2764 -1497 -637 -3303
7577 1243 -8968 -4578
-5118 685 1851 -2864
-6093 -8039 1875 -2490
-4396 -1085 -3727 -6079
9082 413 -2045 428
-5881 -9405 -93 -3439
-3937 556 -9717 8135
7194 -807 -1222 -8606
-5617 -4620 -2513 -2646
1870 374 -6667 8412
4295 -5033 -123 -2317
-571 797 -9059 -1109
-3093 1337 3922 1529
-6107 3987 -4020 1134
-7496 -2640 -9796 -9180
-9864 -7882 -7720 1006
-5743 1299 2192 -5632
5749 197 -7715 -403
916 -930 -7223 9285
-421 2677 -7230 -6402
-116 -1027 6205 180
-3969 -4029 487 8216
2340 -5990 -7475 -8601
-4091 -620 9799 -62
720 -6129 -3445 2200
-1634 -222 2192 7027
-4407 -4180 -5316 -5783
-1199 -8320 -5451 4419
-7910 -3693 6414 -124
-6359 4699 6405 -7658
-6327 1370 -4357 2897
-9613 842 8275 -9091
8752 1056 -2810 -1158
5984 3173 -9581 -4796
2526 300 -8702 -5579
-5316 -4217 3530 5663
-2642 -5698 -4685 -4527
-2571 -9345 9880 -7134
1106 1074 9441 -3329
-5398 9224 6383 -4504
-69 -6895 -429 1305
-3037 -9232 -1350 8125
-8739 1184 -1519 -2278
-5364 -4993 6122 4588
6710 -1834 1353 -6723
-1336 2375 3807 -7358
2232 -2560 418 -2501
-6432 -193 2264 686
-9016 -9364 -2049 -3562
856 1049 -3928 -6638
4880 -4891 -9813 -4521
-17 9361 -4960 -1616
-78 4454 -3033 711
-488 -6806 -2464 -4223
-6452 -1158 1480 4961
-2244 -2992 -4911 -5014
9291 421 -7085 7583
-6191 -3494 -4962 3623
633 -1418 -2263 -1785
1962 -9561 -8985 1422
-7788 949 -4722 8034
6851 2177 -2900 1130
-1050 8139 -330 1440
2387 -7721 -7307 2583
3600 -8110 1940 -1624
-3715 -1150 5468 -6751
7266 6347 257 -422
-8637 -4555 6297 -5961
2895 4386 -859 -3245
-713 -4891 -9431 88
-7149 -6237 -1225 5271
-9371 5985 2204 -4525
-6548 2052 4715 -9924
1636 2305 -8149 -7027
1722 -9546 -7608 -5747
8994 -9050 -228 -3174
-2936 -3506 -910 -8455
-6446 -7874 -2637 -5324
-5124 9903 -5638 -3327
-5721 8792 8637 -7396
-5439 8689 -3751 4786
-7871 8448 -7584 -3449
-7424 -1737 -5598 -7766
-5975 -6422 -6232 2748
-8489 -641 5408 -5080
1910 537 -9551 -3457
-7452 2876 -7935 7781
-9537 -1168 9757 -5939
-9652 -5597 -2148 -2523
-5255 512 7921 678
-1869 -383 -1025 -6086
-9117 -7200 -1543 1729
-6121 1194 4427 42
7984 -7894 254 1287
-8012 -8563 2328 9598
-5620 -416 9062 -7460
-9416 -2679 -1768 -7690
2740 -9240 -7182 4041
2375 -3079 -9923 -558
5280 -4483 804 -2725
5916 -1756 -706 1770
9492 -8985 -298 -2017
1582 6817 -3095 -9054
-6718 488 -6932 -5530
1159 6309 -2671 -4329
-3265 -2648 3304 8264
-701 -3042 -8382 5034
4505 -2190 1001 3017
-2011 -2665 2203 1382
3882 -4538 -2896 420
9960 -600 -3080 -6207
-9636 -2192 -8940 -142
8362 6239 -8062 -5000
-1016 -1069 -7881 5129
-8378 7749 -6406 2360
822 2174 -8077 -2175
-5628 -5801 5943 -602
-2352 -4216 -2522 -2891
-3074 -1673 -7684 9708
-5530 4533 -989 -7954
-1703 4933 -2962 -5594
-4061 -1634 -8030 2697
1720 1647 -778 -8086
-6991 -8686 -3215 2904
-6672 -4686 1629 6095
-9927 -3173 5816 -1149
6484 -4682 -9734 -553
-1672 -141 -261 -7793
-7680 1077 7898 1291
4700 -1325 9956 -7465
-8761 6196 -3302 -6058
-7160 -6118 -9430 -5959
-3119 -664 -1461 -6344
277 -3749 4796 -9778
-8372 -9914 955 -379
-474 -1127 -4806 -5379
-1203 9831 -3446 4072
-8134 9526 -2980 -1354
1584 7977 -9071 -3676
4926 2305 -737 -2569
-5856 -9140 -7234 4927
9499 -1605 -7364 -6366
-814 -5838 -4836 -249
5770 -5758 -7696 -4204
-3348 -31 603 -3075
-4247 -5418 5818 1418
1304 -389 9050 -2700
7581 -4830 -7669 -75
3088 -5890 -2542 -7382
7963 -7924 -1123 1460
8195 3182 -5747 -4298
-7095 2422 5886 46
-5789 -8305 -5232 -4680
-5382 392 6005 -8193
-1212 -9142 313 6994
359 5080 -9056 -6553
-248 -8303 -923 2189
8793 -9866 -5754 8460
-4783 -7822 -3506 874
3697 7536 -6498 -6434
-5107 193 -8401 4913
-2304 -1577 -8447 -9784
-4498 9791 2302 -7400
-3295 9439 4750 -2590
-8243 6334 -3542 -8840
122 -4827 -2836 -6129
-1153 -2723 -7185 -2138
-3232 -8135 -6883 1685
-2914 -4423 8592 -853
-9528 8265 -4365 -2717
-1108 -8008 3349 -3950
9111 5341 -1285 -9189
-6365 1040 -2947 -1140
3439 -319 -5714 -7639
-9879 -9764 -497 4234
-5425 747 -1181 -894
-5042 1360 2011 -7985
7967 1003 -6303 155
-5142 9302 5268 -3515
7659 515 -4965 -6149
2010 -1015 -2134 2634
-5338 3997 -8050 2731
9452 -2838 -1205 1256
-6059 -2610 -3413 -8348
-7173 -3561 2546 -5822
-286 -1888 2016 -2789
-4129 5182 -386 1049
-5335 2347 -1061 -2050
2665 -3839 1265 -3049
9 -1329 1537 -4951
-2253 4681 -8849 -9250
3314 -4966 -7691 -7817
681 -571 -7356 7129
-8167 -9685 9935 8811
5079 -92 553 870
3582 1593 -6961 -6394
2883 -3169 6917 3414
7719 -760 -6045 -9156
-3652 -3484 -6250 -7214
-9756 -6682 -6713 5973
-3419 2144 -1791 -5578
6829 1461 -3775 -864
-8790 -7675 -2177 -2204
-3947 -7251 8715 -306
-1623 9242 6686 5674
-817 -9685 -1574 -3523
-1812 1850 -1271 -153
9874 -8512 6452 -4148
-6980 1662 -6223 -6753
3256 -469 9371 -6309
-2805 -1256 1280 -6914
-3457 -4003 8236 5650
-1463 -4447 -5985 -6940
-5181 -8205 -3136 5844
-5124 754 1968 -9024
515 1184 2203 8830
1850 5550 -7570 -7342
-7456 -1657 8986 -4988
6750 -774 -5904 -4742
-1022 -5024 -5699 -8814
-7075 -8160 3471 -3673
1093 -6989 -1712 186
-9266 -6621 3072 -2490
-3187 2391 -9678 3553
-8987 -9867 -4230 347
-5667 1412 8635 -3199
-7086 2677 4791 2784
-8850 1513 8351 1313
-9454 1639 6943 -8858
-8670 -9161 9559 -5425
2096 8375 -5096 -2333
7710 -809 -9026 -1631
-6736 988 -2240 3921
-4643 -5132 -2465 -3623
964 1291 469 9445
2479 6064 -9596 -7204
-5332 472 -6697 3870
-5200 3781 2723 -9532
-2753 992 4719 -1239
3752 -9169 2058 6072
-6438 3293 -2051 -2543
-1975 -1707 -7383 -8975
-3125 -8485 -2290 -1215
-9837 -6896 -1596 -3179
5749 1665 2193 -1550
9257 8925 1112 -399
1989 -4350 9200 7405
1655 -3993 -9001 2036
-5536 -1212 1006 2986
-1400 242 -6976 4736
-1328 -9549 4113 -333
-3202 -2562 3569 -2416
-9709 -9563 -19 5220
-6130 -8992 -5964 -7803
8772 6199 651 -7851
-9535 35 -1161 -5762
-4732 2686 -3685 -913
8893 -1119 1103 -1441
-8827 -9238 -1366 907
-8007 -8690 379 -1925
-9753 -3849 -5251 -5028
-7992 -4531 8580 -8834
-612 -5841 -1122 -3290
-8174 -4684 5887 -8326
-5395 4085 -1790 -8900
-6837 1373 -9277 -5971
-6227 -2016 -3306 -3366
-164 818 -7090 -9928
9964 1353 -8238 -9650
84 -918 828 8765
-311 -583 -7966 7821
-5642 -7274 3265 -1874
-1344 3710 1407 -1564
-1544 -63 -8979 -410
-4460 -7141 -2401 -3846
716 -2104 -6222 4585
-1091 827 -5165 -6751
1555 -6878 -4168 -9361
-7408 7526 3559 2732
7621 -2338 -6795 -6508
-7897 -8744 -2873 -7363
-3598 -1525 -9907 7530
2082 -7952 -9341 2617
-944 672 -5661 2200
-8480 -1623 -3109 -4712
-3167 -2267 -6518 -1809
579 68 -4421 -1026
-580 531 -5465 -6040
630 6727 -665 -7049
-9168 246 -9450 -8492
-3370 -2405 9961 -9835
-4859 -5774 -8295 -9264
2472 -16 -9953 -3050
5226 -2400 -8520 -6361
-7417 -6871 -1433 -2125
-6818 1077 -6690 -4744
-3950 7515 -3467 9491
-9051 -5911 760 -7068
-5633 6123 1013 -156
-7105 -7404 7135 9266
-4778 2395 -5856 -8021
-9991 -4319 8416 9403
6752 -1626 -4631 -5174
-5084 -8968 -2628 -740
-7377 -1310 5346 -5017
9003 7082 -2563 -8995
-2470 -128 8836 46
2057 1274 -2048 3450
-1826 -1209 -644 -1576
-828 406 -963 -6264
2166 -5363 -2340 -1503
-6751 -7226 -639 -672
7989 1330 1509 -9795
4081 6099 1328 510
-5358 -2431 3436 7925
-5662 6772 -3447 -9964
9533 7837 -319 -2211
4357 -1995 -8697 -9284
-3898 9333 -3139 2011
-2343 -7955 739 2524
-3785 -274 938 -7730
-7161 -1096 -2658 -5859
-7903 -3765 9389 -6443
1494 -5604 4775 -8102
9095 2213 -5285 -6610
2608 -8219 -1430 9532
472 -5359 1779 -9106
5008 -2313 -8876 366
-5521 4945 863 -2795
-1785 -7262 -9312 -6367
8462 2963 -4759 1664
-6422 -181 -3399 1257
2543 -8229 -9138 -1217
2002 8756 -7779 -2083
-3812 475 -1579 -726
12 -3438 -4709 -7207
-6755 -8726 4234 -3931
-3090 169 -1923 -8859
-5362 8966 1139 -4100
3227 -6152 -8626 2192
-1111 -9513 -6104 7772
507 -4517 -2982 -2704
1232 -9556 4087 777
-3507 -1359 9423 7498
-2806 -3619 -2652 -5560
-6101 1083 -9822 4787
-2248 230 -5575 -4202
-4795 3438 -9965 407
3630 -1360 -7857 -1167
3082 -4486 -8029 4272
-2634 -4438 -7858 8494
-807 -3893 964 -6404
-3030 4463 1823 -582
-3094 -7347 8271 3252
-6463 9564 7039 -6571
-5365 12 -8021 -7491
-686 -2105 -5041 -5174
-3903 -7431 790 -2732
4806 -2774 132 2765
-8991 -7857 2066 -244
3150 7329 -4174 -6997
3936 -9527 -7488 -1587
-4934 -9195 1066 422
-1039 264 3952 -9476
2235 7429 2237 -9492
-5605 -1454 -9347 4989
929 -3989 -541 -4792
-2039 -679 -8879 -1538
-7626 -3074 6421 -8838
9924 -9037 6393 -6531
-2948 -1518 -3004 -5919
-1257 -3844 -5037 -3255
-131 -4089 -9770 -1060
-2450 -3719 -996 1112
5456 -8840 -1228 -6452
-3649 -6953 -2288 5206
-7749 -1446 5415 -4683
2515 4378 687 -6693
-7802 296 -9234 293
2755 -7981 -5059 319
1456 -1319 -7707 -6173
-2597 -2678 7532 1510
1409 -4123 -9078 -2833
-4049 492 1212 -6709
-8227 569 -5297 -1244
126 -3172 -4134 -2196
-5200 6018 627 -5534
-4811 1006 -5605 -4639
-3034 -3097 3619 -4436
7793 1244 -2378 -3775
1788 -856 -8096 -8418
-4019 -3977 -2902 6319
-1849 -6780 -1575 -8962
-7918 7815 9186 -4933
-5786 -253 1289 -6364
-7430 3074 5630 -6206
2601 -7581 -3060 -8577
1566 -7054 5402 -6365
-2403 -8063 4258 8587
-8609 -7108 -142 9089
-8955 1419 2364 -7954
914 -5166 -8923 7944
-4091 -4617 -3233 -5536
2104 8972 -9745 -5769
9246 908 -2888 -9375
-194 -2417 -5999 -1417
7829 -8418 -2326 -3520
-351 583 1874 3315
-5099 -6573 4790 3569
-1090 -607 -5767 8845
-1630 -432 -7629 3545
969 -879 -9797 -6531
-1843 -4393 180 -3825
-9278 -7302 6264 -8253
-3213 -9510 7790 3654
-1650 1337 1252 6189
-1477 -1589 -9255 -4517
7515 9569 -9282 -8286
-1555 -799 9173 -9568
4043 -889 -8121 -2631
8894 -935 -2386 -3544
-1014 -3136 -6543 346
-8474 2333 6418 -820
9285 5656 2043 -6814
-969 3770 -2971 -6691
2557 1273 -1251 -1448
-8935 -6156 6288 -3131
760 800 -5104 -2945
-774 -6941 -162 2161
2542 2592 -6832 -5116
-8523 -4092 -2756 -5605
-3110 2639 4710 -3211
648 -1302 6353 -1601
-4358 475 8807 -2044
2937 -1520 -3254 -2969
2713 8294 -2706 -1252
-8982 1608 -6011 475
9785 249 -7176 -309
94 -1944 7791 2024
987 -3763 -9357 4316
969 -1983 -8646 154
-4440 -8479 -5594 -4626
-7133 1778 974 -6264
-1800 3853 -9560 7267
-2144 -5242 -3630 -4887
-6785 -1757 7655 7329
-594 -3825 -987 2306
6827 -4662 -2154 -1146
-6884 2106 -2547 -5466
-2838 -6368 3768 -5287
-2163 8682 200 -4966
-6532 4775 174 2549
-699 53 -5274 8796
2734 -757 -8172 -6558
-1245 2191 -3140 -4010
-4646 4550 -7444 -6941
8757 -3508 -9271 503
-9007 -2594 8068 658
-9128 2538 5122 -9797
-2476 223 -1923 6302
253 -597 -5009 -6004
5215 -5068 -3132 -3403
-573 -5119 -9271 979
-1258 -3330 1331 6843
4829 -2721 -292 3660
-6425 -8394 -2529 7155
-1460 -9844 2560 -3295
384 -2854 -1811 -5026
1527 -8177 -6719 3893
-8033 -3954 -3998 8597
-3510 -5546 -2935 2469
-3945 -5516 3821 1128
9081 -5288 -2720 -3416
-6949 -7302 1317 1464
-7742 8605 -6312 -6859
-1698 -683 -325 -8039
-840 -5457 3653 -1535
-2663 -617 -4754 -7326
-7368 -5828 5063 9501
-1291 -9176 -4673 6392
-7430 2196 -5100 52
5531 1999 -6553 -4275
-3489 -4 -5861 8396
-2341 -8254 367 -2724
-1758 -2062 5303 -685
-5145 -3089 442 -2056
-9519 5086 -1755 -6148
-5621 -649 160 -5686
1711 -5902 -2700 -3329
277 1550 5202 -4174
7975 4800 -8809 5496
-7617 2164 6717 -2106
3727 1051 -5176 -7911
-1931 -6956 2079 -2100
-6500 2498 2788 -5922
-3416 -2638 3552 9867
-8303 581 1176 -5432
-7246 6156 -2802 -5724
9254 9910 1568 1762
-8924 2715 -3301 -8994
-3672 3223 -6420 -3211
7070 7559 -8350 252
-8377 -356 3648 38
-4528 -6889 -3024 1041
-122 744 9901 1829
5567 822 -392 897
-7412 -4610 173 4766
-3297 2401 -3475 226
-2313 -5435 -4921 -2611
440 -8332 -2622 -3254
2754 -3955 -6391 1048
-7202 -9194 1605 -5338
-1306 1001 -9726 7777
-1585 -117 -2198 9182
7630 -1605 -2672 -1536
-962 511 -8316 -1860
2685 -9902 -5047 3314
-3470 -124 -7905 -6651
-7768 75 -4001 -8130
-4045 -7287 -7095 2617
-2446 -6325 1477 155
1936 -610 -3029 428
1396 8633 -4057 248
9133 -1608 -281 5373
492 1748 9636 -9681
-1228 5534 -7318 -8192
-1064 -1402 -4134 -2126
-7328 1341 6401 -4845
6113 -7597 -172 2103
-6775 -583 4675 -790
-1782 2376 163 -8086
2168 9565 -6326 -8282
-3650 -3361 400 -1914
780 -645 -7541 -8907
-1523 -2172 9183 -6233
258 -2018 -3834 9749
-6665 -1330 -8144 3234
964 -1723 6691 -518
3685 -9233 2421 2114
-5390 9626 -2612 -3151
-7402 -8306 -1508 4980
1877 -3447 -677 -7642
8179 -9261 -9 5518
-7675 6926 -300 -4688
-9638 9719 -645 -6959
-5217 -9871 242 5232
-5068 -3445 -2433 -956
82 3965 863 -9307
303 386 -5356 7117
-8665 -8932 3158 -6872
-7277 815 8174 -7958
-143 2278 8466 6663
519 -4643 -1827 7011
-355 -5808 -2533 2847
8344 -8700 -7546 988
154 -5466 -7290 4812
-3390 -6091 -8619 -446
-8243 -7267 8458 -8384
-713 -6606 -215 -6784
-7564 8213 6786 -7906
83 -1280 -915 189
-4463 -6951 -3159 1329
-6803 -7411 -8631 -7875
8125 -234 -2486 -808
-968 6705 -2578 -7372
-118 -232 1935 1037
-2442 6865 -4466 -8517
-2068 -1174 7245 -998
-4010 -5469 -3846 5064
-8569 8478 -3111 -9059
45 6230 -4106 -8139
-1257 248 -1940 5185
-4158 -7436 -8701 -8608
1754 -9169 -853 4527
-6096 -5726 -8680 -6467
2278 2169 -8823 1098
1510 -9903 -6256 -1696
1054 3802 -6115 -4538
-9603 41 -6739 1432
9902 5655 -5619 -30
3324 -9608 2599 -8131
-4643 -6950 -3638 -8690
-6659 8164 3759 489
-2240 1279 8475 -8119
-2066 -6092 -8124 -9124
-8222 86 8598 628
1611 6914 -9436 -9030
-3577 -2491 8849 -7634
-692 2291 7632 -7080
6453 3610 -1315 -5328
2489 -5045 -7632 -105
-1171 -1752 966 -2060
8293 -8414 5251 -6045
-3098 -5523 -7573 -729
-7965 -7150 -9522 -8728
-2682 -9041 -2535 5346
-2081 -1403 9135 5525
1627 2099 2288 -685
-9174 -305 3998 17
1186 -7214 -1712 8029
1215 -2328 -3871 -7407
7540 1152 -4989 -778
-562 -2831 -7223 2198
-4604 -7969 -7446 -9210
-7227 -3666 5717 5675
3693 -1642 -6669 -5951
-50 176 6268 -1868
-8706 -2906 2498 1283
-7313 1538 -4356 7952
-5315 5937 -2076 -8683
9869 -8409 4084 -1207
-3703 8021 -4188 -3911
-2422 -7491 -1218 9697
-6420 1199 -206 4143
-5357 -2676 2905 3541
-1002 1308 9145 1423
-9665 -2741 883 8753
-1536 -1391 -2148 -9674
2085 1169 6965 6981
-5380 -5337 -4543 -7149
-810 1929 -2635 -478
3161 -4195 -4412 -8475
-9400 -8421 -5275 -2388
7215 -329 -6594 -2248
1214 1163 -6372 2574
-1018 -8442 -1903 4104
-9904 999 -2989 -1553
8790 1172 310 -629
2538 -7525 -4933 7603
-5458 -5631 -7728 1777
-5679 -87 -9010 -184
5696 -9754 784 -2520
-7633 4756 -5641 2533
-3164 4924 -8606 -9573
1345 -3460 -9067 865
2956 -5297 -2710 -1735
-5019 5194 -2455 -6415
-6697 -1574 7847 -6001
-1897 997 2180 -5888
-2370 3123 461 -2290
6685 -6063 -4831 3325
-3718 -2484 -5533 -3129
1646 -7201 -6152 -1835
-7173 1376 -9914 8770
2023 2709 -8561 -8525
-9619 -1511 -2425 4093
-4250 -3295 -773 6463
1812 -5136 -5642 2695
-6739 6406 -9955 -7325
-4796 -2675 -7782 -84
-1967 8849 -8242 -7314
-2049 -2506 -9485 4990
-535 -7886 -5454 7577
-6895 -1580 -3850 -8387
-6824 -7445 141 -2772
1809 -1589 8250 -9499
-8034 -9596 2798 1510
2394 4478 311 654
4666 2673 1541 -9372
-3102 -1090 -2241 -4042
-6953 -7721 9210 -4938
-2800 -1216 -4646 -7134
65 -3432 -6803 -1423
4309 -3859 -1657 -4857
9969 -8882 -598 -2206
-5037 -6345 -4804 -922
2329 1717 -5746 1249
-3474 4931 -2404 8315
-5261 -1728 -6587 -4738
-3219 6037 -4955 -9720
-5690 9801 1314 1508
-1946 8000 -423 -6382
-5492 4136 -4237 2478
-4111 -6418 -5278 -2641
-9606 2446 -1545 3001
563 2453 254 7823
-5210 6246 -4456 4509
747 -6527 -7607 4578
4703 2169 -7064 1498
5991 -3138 -5157 -4599
2064 -6018 6100 -8511
1282 389 3106 1891
-7312 -1322 1648 -4648
794 -1098 5600 -8
-1953 -994 -5301 5651
-6142 2053 4405 -1100
748 -2500 -4034 -5712
2088 1639 -4932 2550
-6546 1583 4125 -9040
3251 -3462 -1746 -6204
-7562 -2795 -3337 7170
995 862 -5273 6761
-2412 2492 -724 -5353
-9735 -4121 -6249 -5364
7076 2018 -9275 -8786
-8488 1339 2261 -1750
549 -2044 3278 303
-8037 -14 -1691 -6507
-3846 -1321 8530 -9118
9651 -9584 330 1259
-5963 -8916 -8925 829
9656 8464 -3744 -7794
4776 -7454 -2950 -6197
1945 -4293 4647 -1783
-4731 7025 7387 -7922
-1760 -6908 -6542 7415
-3756 5544 -4433 -2336
-6089 4 1577 -7709
1534 -5921 -2457 -1094
-5779 -1506 7953 -784
9424 -8410 1887 -6444
2256 -2077 -5775 6752
-1788 -1281 3536 -5074
3794 -732 9621 3993
-2374 56 5434 6063
1178 2630 -4220 -6921
-7922 -2403 -1338 4887
-5971 -9176 -511 -2131
1562 1866 -9693 691
-3934 -7775 321 -5416
-4791 -9566 -2416 9413
-9076 -6005 -6683 965
-2404 4460 -4149 7855
7288 8640 2169 -1852
-6498 -498 6089 -3290
7625 3185 -190 -6248
-1264 -7259 -5755 -4010
-9037 1333 353 -2365
-5032 8363 -2222 5010
-7174 -3384 4759 5232
-748 -5900 -5947 -7381
-5270 8956 -730 -1408
3365 -3601 -2382 218
2730 -425 -2813 6136
-4807 -6256 -4178 -1956
-8425 -4357 -3630 -5160
-7290 -6445 3012 -7292
-829 -3253 -4590 -6292
4686 3848 -9656 -3440
-6280 -4567 -3637 6925
817 -9361 -9982 2282
-9238 5841 526 -1893
-1463 4453 -9236 -5195
2524 -4762 -7317 1219
-1462 -3853 -7868 -9028
-8960 7753 -2152 -7551
1879 9484 -8259 2058
-8594 -6373 1362 8060
-4113 -1059 -6531 -8752
-4001 1833 -1636 1415
2895 -4515 -5322 -661
-9239 -5464 2954 3647
5210 6195 -1476 -7342
-9419 -332 -397 -5001
-6921 5127 6658 -6312
9809 7271 756 -213
-3919 69 -8071 2168
844 -5385 -1442 -6049
-4633 5306 8433 -6351
8177 254 -8536 2466
5632 -1200 -1321 -475
2292 9644 -5768 -3063
-8012 -6486 925 -4082
-7178 2752 1382 -1835
-5382 -7008 -2116 3414
-4517 -3254 -3199 -1333
-121 -8449 -999 4277
-1657 -9113 -7334 6620
1541 -6892 -1136 -3098
5500 -8445 -8083 -6403
9474 -6200 1745 3636
-944 -7161 -9616 4158
-4273 895 -7417 4407
-7166 -7614 650 -6322
457 -6197 -7933 2165
-8258 -1612 -1983 -4119
4970 -2201 -3249 -6719
-8316 -5148 -235 -5386
-9915 -7241 -2183 -2639
