200 8865
9107 -7813 -4213 -8024
-6668 7478 -8236 -7268
-2807 -8437 -2851 -9009
2291 -5887 -5380 7681
-4246 2110 -7622 1201
-3435 -2044 7095 -7758
8628 -4801 -3423 2436
-3429 -2845 -7732 2869
7684 6034 -2775 7440
-2333 2332 -2002 -5286
-5315 -8535 -4363 -3338
-6154 -6437 -4692 -5878
-1688 -1073 -5367 1191
8092 -443 -8481 -6717
-4719 3073 -7986 -8729
-8510 -2703 -8704 -6959
2792 -6034 -7407 -3628
-3749 -2295 -3730 9150
7839 1918 8163 187
-5925 717 -9556 -9507
-4770 3601 -8158 -4324
7761 -1282 -9915 1583
2784 -3013 570 -6532
2472 59 -435 -9890
-9503 -5851 -6881 -4752
3382 -1833 -3250 -7386
-277 4162 -1367 -1888
-4159 3225 -3796 3260
-5148 432 6924 8905
9209 6433 -1138 -9885
4571 3755 161 -7879
7594 2654 9606 2453
-31 -8198 -1975 3832
872 790 2750 1922
-4947 -9633 -5817 -6694
-7444 1858 -1552 -5363
278 -7252 -1439 -5938
2834 -753 1906 1609
-7044 -9752 -5216 -781
-8137 -3937 7969 -1407
-8256 1454 -7660 735
7170 807 -2531 -6987
775 -1841 -2255 -7049
-5956 -6101 -6805 23
-2556 -1069 2101 6667
491 -5764 -674 -8942
1817 -9432 8168 -6580
3816 -6517 -5176 -2132
263 -9263 -8463 488
8518 -2984 5676 5530
-4866 -3176 -5328 -3797
-5320 8757 -7709 -1649
2355 -3744 4738 4283
8927 -3848 -5589 454
-1790 -2630 3843 -4126
-2579 -9531 -6558 1775
-1720 6831 -4372 9079
-8250 5111 5948 -9135
1779 -6502 4644 -6113
-3467 -1403 -781 701
-7086 -6354 -6759 7159
-8102 -2067 -5701 7627
3079 -8999 -6086 -8742
1119 7348 -1315 5853
513 -6100 -419 196
3455 107 7549 -7879
5950 -7936 1700 -5464
-2185 -3311 -3394 8363
-2470 -7616 -2626 -8665
1503 2832 -1121 338
9320 -7788 -1449 -6111
-807 -8562 -1065 -5896
-8875 -5333 -2294 4735
627 -9778 -77 -4931
1166 -583 4027 -9787
9010 -5135 -7633 5836
1520 -6716 -2427 -7998
-3009 2642 899 -7898
2152 -551 2069 -7332
5553 -5860 2255 -2587
-4660 -5653 -9789 -626
2396 -9253 -4241 3358
-4773 -9743 4463 -2233
8451 4241 -3625 -6144
1947 -2637 9104 -8331
8321 -8042 -3265 -4910
-4318 7721 -6877 -7807
7315 -7614 -6852 -6364
-1251 -2931 -7747 -7946
-6723 -855 185 -395
-1041 -8305 -8779 -3938
-6042 -6476 9726 -5226
1698 3730 1981 8466
-7972 -4286 1265 -2930
2243 1420 -1196 2563
-7573 7458 -4352 -1064
-3356 5865 -8907 5687
-8757 -8647 2265 -3199
4016 1 -6251 6573
1348 5212 -5559 -6570
-4424 -3736 -7574 -402
7961 6316 -5747 -912
-1284 6355 -3363 -2333
-4627 9098 -2216 -9226
1332 -4703 -881 -6118
2249 -5694 -2763 -7157
-8245 8057 8697 -2514
-755 5842 4596 -5422
2348 7350 5119 -3576
-6753 -8924 -8643 -1048
1849 -7714 8069 -7397
-3171 3635 533 -7903
146 -6545 -5028 -2345
-1048 1316 6833 6224
1372 2776 2944 1995
212 973 2573 3636
1607 4060 7916 -5435
-2240 -4997 -8156 337
4559 7810 9057 2895
-1164 -8317 1161 9428
3110 -9550 -1645 1070
-9238 9770 -9698 -3633
7614 -9820 6707 -8399
4585 -3175 9267 2005
-5763 -8996 2692 7083
-8294 -9733 -4893 -264
-2909 -8993 -4607 -8187
2217 1589 -4362 -7691
6923 -5309 -3967 -2717
1822 4494 631 -3368
-3951 4419 -190 -4897
94 -2667 -1282 9163
-2814 -1874 -1086 -4432
8082 -3142 1595 8507
1386 -5685 3446 -8098
-5923 751 -4914 -6714
-1373 8911 -2854 -7975
-3835 9497 -5913 -8107
2003 9495 2598 2864
1208 -5079 -6078 4801
1691 -4525 2311 -3798
5294 -1037 -8636 1590
-8614 -4111 -8842 -9151
-859 -5603 1788 -298
-16 2100 -4626 -5634
-6338 -349 -8236 1974
-6562 -8850 -4303 5086
7489 -815 864 1882
-9720 7972 -1586 1958
-3800 1682 -8106 -7684
-7953 -445 -4294 -7317
6855 -914 -6271 3324
-6724 -1564 195 2092
1481 -88 -2343 -7514
3540 -653 -2167 -3493
-1094 -7927 8656 -8747
-1121 5797 -5024 -6047
9589 8415 1248 -656
-240 -4407 -8657 -835
-2192 -6781 -306 -8147
-4450 -4457 -7629 7475
6957 -3509 -5030 -5631
-7864 7178 -2097 -5927
-5424 -4248 -3405 6310
3755 -465 5783 -4648
567 -8503 -4240 -726
-4069 98 -9455 5138
-1423 7289 -9024 -2205
-6881 6451 -861 -7391
-9240 4742 6183 -7358
9385 5185 5697 6488
-2981 1734 -6186 -2943
-7528 -7010 -5024 1164
-1858 2558 3918 793
-8948 134 -9029 -1972
-1826 -3635 -7077 -8791
943 -867 -4295 -2912
-8182 -670 3688 -1374
-9310 -442 1437 -6621
-7425 -374 -961 -721
-6313 2393 -1710 -396
-9909 -4290 -8483 -6648
4663 -1312 -4830 -5261
9612 -1224 638 2332
218 9408 388 -7989
-2941 -8275 1733 1736
-9804 -286 -3602 3186
835 -3028 -9974 -8836
-5757 -7099 -6961 -9766
9137 695 6391 -2898
8217 -3322 5226 -5944
-4887 -9786 -3937 -1991
4086 -4052 -2018 -9514
4933 -1705 1029 -5700
-7201 3310 -3323 -2838
-1051 5221 -1726 -5493
-6343 -4125 5878 -5950
2134 -4424 -7106 3701
-3130 -6364 -1281 -1031
-3617 6092 -6091 -3015
