2500 2015036
-170 4887 5114 -132
2087 2943 -4958 -473
1916 -9273 531 6254
8942 7897 -1049 2551
-1605 328 -2705 -1566
5341 -8869 293 325
-6854 5904 -2134 1081
-3556 1367 -1361 -4744
-577 -537 -5268 1380
5874 -3985 -3112 2156
-2856 -5013 -8454 3082
-3027 -2567 -1507 -5553
1938 -1685 -8668 -669
-3551 -1854 -7395 -7448
-2141 -784 -3559 2142
9346 -3641 -9447 5517
1856 529 1549 -7650
5353 -5092 2586 -5173
-8089 3963 3514 6649
9205 -4407 -6392 2531
-298 -1938 -4677 -2568
-4827 2919 2581 4935
-7536 4962 -1389 9723
5667 -4440 -6320 -3840
-9984 -6851 -1435 1970
-556 -3412 2193 -4436
-3059 -4193 4635 -3293
-5431 2060 -2733 -6054
139 -1000 -6369 -8757
8658 -7788 -171 236
-6965 4813 325 -5195
-1051 -703 760 990
-378 -1642 7039 -3643
-9253 -2392 3173 -2600
-8043 -2591 9670 -2830
-997 -5168 -2824 1730
-6738 -2095 -3099 -5472
-454 -3593 2387 -232
-8047 7487 -1893 -7349
6459 4225 -5217 -6973
-3386 -7591 -2371 -553
582 -2841 1635 7179
-6243 7224 -3197 -8715
1794 -3002 5455 9964
968 -6644 2792 2217
-8880 3461 -5023 4337
-8090 2022 -9362 -8046
-6263 -7813 -2663 4504
5995 -179 5658 -1941
-6353 -5235 1537 -6430
2938 9073 -8374 5620
-9806 -2706 -1066 -2725
5387 -2219 2426 -53
708 1123 -5393 9375
8200 -8070 78 931
3393 -2814 -3453 8731
2420 8985 42 -4412
-9149 1102 -8653 -9501
1124 -1214 -2212 -4412
-1918 -1432 6769 6187
6209 1476 3662 -1662
333 941 3446 -7476
-9623 -8797 -7438 -381
-8185 -4953 6348 -7881
-9859 -7680 1131 -5945
-6425 627 -6300 9025
1438 4641 -3766 9859
-7713 -2976 562 -1959
1397 -2645 -4943 2073
-5027 -2327 -3696 -3861
697 5946 1247 -1565
-7509 3022 -2778 7496
276 -6387 279 7650
-9199 9200 572 -17
-8937 9324 -193 281
-2643 -9483 3742 8240
8360 -380 6578 -3086
-3561 2393 3659 8032
-490 -7330 -779 -5194
-6812 3481 7993 -5328
9077 2587 -4652 -1928
617 -2316 -3932 8973
-290 7006 6197 -2568
-318 -3562 1750 -3272
2479 -3703 -716 -3838
-4589 -6315 -480 -6778
7695 5072 944 -3756
-1469 -4420 7410 -833
-2316 356 -6431 1917
8312 -9045 -5122 -7252
-2211 -1301 -2325 -5901
-7045 -434 -1214 9491
-2360 392 -9811 643
-5071 -1959 -2901 -8282
1768 536 254 -6566
-6228 6094 1481 -3704
2275 453 -5215 -1549
219 -6959 -6730 2602
-6659 -5477 -7077 8415
-8866 4150 640 -59
-8935 8191 -1680 -8146
88 -4997 3848 -6729
-923 -3212 -827 -2570
-578 2525 7957 -3687
1946 -8488 2387 737
3046 -8295 -2108 6280
805 190 -6746 -8641
-9269 -4480 2322 -4965
-1342 1623 -9753 8322
-6341 2626 -6728 6017
-3120 7773 8720 1918
4942 1123 -6111 -1031
4172 -9111 -3691 -4873
5070 -5852 7195 -1449
2588 -9428 -6069 3180
6659 -5266 -83 4922
-5118 -9612 2283 9101
-6330 4142 -5012 -1731
-4936 6093 -87 -4431
1814 -3219 -6047 3490
9403 714 -7391 -611
-5021 8108 6605 -2285
-7438 8239 541 -1323
-6991 -5284 2924 -381
-5775 -7265 -4731 -6160
-5109 4752 8117 -5474
5510 2511 -2045 7433
-8129 -751 2404 -4826
9257 5972 -6098 -6851
-9431 -3090 2279 -4110
2967 -3602 7375 -7033
-9091 -6483 -4002 7200
-2297 -7749 -8335 -5211
-4556 6781 -886 -9913
3143 -6302 1033 -552
-6964 -9375 2046 6178
-1875 7793 -7680 48
5299 -322 -5040 2544
901 3196 -1921 -6037
-3211 8096 6041 2737
-4339 -8962 1617 9301
-5537 -5374 525 4387
-1041 -3193 -6443 -1251
3197 8812 -7728 -128
-6552 -2064 -8030 284
-2610 -2827 -4782 2652
-6912 6285 -950 1709
-2553 -8087 2654 -5486
9528 153 -3413 -8889
2029 -1613 3633 -6000
-7947 -6224 -3753 -3552
345 -8790 -5097 4128
-1119 -7562 -3560 -2042
-3203 -7522 5754 -2146
-5868 -2412 1739 3700
-3202 -5499 2328 -5127
9104 33 -3229 4140
-2146 -6076 -2429 -8001
-5346 -3944 -8788 -4064
-5623 -1100 9008 -5454
8186 -636 -9909 -6956
-7338 6085 -3480 9035
2399 -939 437 -4125
-5210 -7938 1612 1803
-4921 -2320 -5777 -8627
-4744 -675 -305 -9628
7410 -5682 2362 -9121
9902 6879 -3455 -7007
-6983 -4836 5348 -1738
-5553 -5278 8039 -4115
-518 -8781 -7138 -3358
-5682 -3748 8266 -6966
-700 -3628 -969 3486
9709 -1367 104 -7358
-8321 1870 -9405 6102
-4763 -5268 -9152 -1206
873 3345 4711 -22
-2263 -3582 -6767 -1238
-5931 -9610 2440 -1884
2696 -3086 1465 -9402
-9654 -4296 1516 -4163
-6167 2754 -5148 -2325
-6078 4615 -1201 -5814
-905 -9366 171 2629
-5067 8753 3023 -6219
-7218 -3156 -8971 -7205
2597 -7719 -2240 4885
5612 -1442 -2927 5319
-5366 9736 4992 -9672
762 -5987 -816 -8967
-7952 6564 2117 -4920
-4712 -3991 -5894 2518
-7875 -8423 -4660 -3085
-2571 -7691 2199 4571
1898 1912 -2648 -4073
-7758 1927 -7335 522
-110 -5649 846 -9506
6215 -1022 -5111 -2639
-2353 -9577 -2799 -2880
9685 -9949 -3299 -6546
-6700 -2097 -4829 -7896
5568 -7749 -5417 1739
861 -351 4262 -9933
1009 -2008 -6465 -2860
2426 9972 -3724 -1157
-1827 -6175 -1873 -4057
457 -2672 -4452 -5183
-307 -5973 -1573 -3451
-6397 -9592 -7905 4569
-1667 -3818 -5850 -2609
-316 -8691 -1248 -1696
-4632 394 -6456 1939
8180 -7770 2113 -4913
9143 -1510 -9689 1609
3354 -2606 -4156 -6552
-1487 9148 -4121 3485
5514 -7285 -4767 -2399
-7345 -4703 -6083 -3764
-860 2993 4706 7778
874 9877 -2147 182
-7931 -614 -4997 7216
-5949 2621 771 -5966
3664 1384 -7044 -2183
1246 -2038 520 9969
-5885 8572 -2023 208
2478 -9016 -1631 622
6055 5875 1700 -4574
-6911 -1848 8696 3818
7144 -2015 -3857 3553
-3856 -9862 3437 4171
3426 -1968 6502 -7175
-3506 -6801 -5036 1949
-3232 -8369 1711 -3846
-9212 2716 -6524 -5834
-3124 -5395 5588 -7467
9032 -6754 3890 -8795
7964 -3155 -8275 2560
2900 3605 9098 -2957
-4899 -747 -8011 4617
-2137 -1329 1260 -5783
-153 -1387 -9459 5933
5109 -7402 5851 1664
-6301 7909 1138 1295
-2897 -7335 -2603 -1963
1134 -8589 -9848 4011
-7420 -5489 -2384 2811
-3528 -6529 2231 -388
-1443 5442 9254 -2259
860 116 -5213 -3202
-4352 -6342 -8486 -5893
4293 -1426 -3690 -2434
8091 609 -4225 -7865
-6631 1898 6891 9640
-690 -9953 -8812 -74
4747 -1877 -9425 -3679
221 1666 -9861 -5555
1710 -2958 9000 -5105
6934 1435 -4154 -2555
7743 2580 -9822 -458
1172 -3157 5463 -6151
-1300 -1854 -7047 -9233
2406 2184 -9119 -3088
-4700 5148 -6837 9059
5597 -6920 -393 -267
-6689 5742 -1878 -848
-1242 9679 263 -8390
6061 892 -4301 -8534
-1971 -3777 -1274 -4789
-8355 1909 -1191 -2829
6561 8760 3645 4679
-208 -277 1469 9292
8300 369 5823 -2132
-7280 8049 -9121 4781
1846 1252 3764 5931
-3419 7397 2499 -5569
1039 -8789 1727 -9218
-4792 380 9861 7050
-1445 201 -2265 -5538
1173 -2792 4972 -8634
-5142 6484 -5308 3928
-6432 3918 -1754 -5636
-1912 -6642 -8953 -5870
-8212 -4346 -2487 -6598
-9494 -4543 -7368 -8272
-4551 -6086 -2573 8700
3118 1086 -4694 -548
-3349 -2752 8564 -1207
-9249 1235 8899 -5365
-7696 492 -5648 9201
1841 -1185 6599 -6394
-6445 -2840 4143 -9513
-5477 7082 6345 -9734
-3986 1480 2051 9694
-8673 -257 -3706 1317
-3458 -9437 -230 -1202
-863 -5777 357 5468
6070 -1582 -6562 -7162
-928 -4890 -6670 -7103
8017 -7416 -3314 2596
-6157 -446 -4237 -6501
589 192 -6919 -2168
-5824 -3892 -1276 1093
-8748 -5189 -2947 -1412
-7365 -2340 5969 1123
-4407 5293 -1648 -3063
3504 -375 -276 -7482
-6719 -456 2490 -3083
-1788 8739 -6880 -5684
6092 -5119 -1564 -3201
5683 1412 -8782 -8180
-4902 2017 -7100 160
-5870 9870 -1991 1481
6758 -2516 2445 3936
-7709 566 -8908 319
162 6887 5235 1368
-1942 1877 1367 -4528
177 -7281 2675 -2426
2243 -2783 -1303 -1
2203 4932 161 -4237
-8050 -4699 2362 4280
-2377 -834 -5303 -3392
-7330 -4747 -2842 636
281 7783 -3129 -3518
-6759 -3075 -5377 -7754
5016 -763 -8516 -270
-3794 2501 -1009 632
-7853 8556 -3042 -2169
2464 1100 8269 2627
9580 -4764 813 -248
749 7690 -7389 -5127
-4084 9097 -1104 -5361
1443 -5339 -8428 -9543
-6174 208 6304 -1580
1811 2341 459 8108
1376 -7245 -1627 1666
3968 1170 -6205 -7931
7197 -7778 -9607 -6727
-4715 -2058 -6328 4137
-1603 -2943 475 -6161
1056 -1556 -951 -4672
-8755 -4737 -2689 1291
-1588 1076 336 235
5762 -9382 -9504 -7316
-7388 6646 -416 -2987
1463 3414 -1992 -9430
-7694 -395 -724 1559
-787 379 -3793 2666
-957 -1595 -1323 -8067
-6450 -910 6560 2302
-3617 -1128 5925 -1331
-6098 -5605 1292 -1139
938 -5658 212 3890
6778 -2742 -8592 -9435
-1041 9270 5543 -488
6444 -5462 -4560 6923
450 6670 -3930 -3616
-3305 -2646 -8638 -1540
-1019 -408 -7924 1834
-3040 -9595 -3597 6343
-1437 -771 -2399 9367
-5661 -959 -534 -3659
735 691 -4019 6667
-9867 -6042 -1516 -6573
-5876 -1418 -6175 -3602
-8843 7037 -3125 346
-4007 -1688 -3548 -1472
-4293 -7464 -5948 812
-8082 643 5258 -5134
-9425 9212 -7429 -3514
8862 -4237 -2160 1845
-1920 -964 314 -224
-6265 6178 2 -8250
-1703 -1931 852 1573
-8135 9923 -6430 1983
-5080 -5664 -7697 7909
455 -3799 -5388 -2003
-2172 -3825 -7053 5446
8362 -6693 -8864 -5638
827 -112 -7143 1634
-9424 -8251 2357 -9072
-8168 -7231 2993 5050
-2437 6071 8032 -1383
-2504 104 -4212 -2315
-6269 -7309 -4763 -7082
-7099 4518 -642 -644
-7937 -2712 3594 2460
5012 -2851 1653 1310
6183 -9685 -4584 -2859
-6205 -166 9464 -2049
8277 -1182 -2424 115
-8082 -2301 -499 -4897
-6016 -3517 8701 -8093
7205 9460 -6828 -6286
-3450 -1590 8712 -2692
-4779 -8479 -6704 1300
-1947 9015 -9340 538
-168 8781 -7600 -7913
-8959 -4242 7773 -3267
-7778 -9471 -3966 -1108
-5072 -6127 5855 -7311
-5517 -4571 -2234 -9170
330 -7350 -8453 -7552
-7250 -3871 2407 -9845
6701 -1140 6483 -2467
2047 -3377 -2232 -535
-1164 1303 2446 -3595
-5183 -8823 -6476 -112
-2277 -8827 2489 8499
6398 -4372 -9796 -9879
7894 7892 -2536 -1186
5385 5925 2568 -8407
-3660 2307 1129 -376
2824 -6527 2274 -9368
-4427 -5593 5618 -4231
-7657 -9951 -7693 -5950
-5705 -2195 3437 -4842
-5843 -8945 -5349 -1924
-4438 9684 2571 -8522
-4017 -3486 -8799 -3704
-7625 -7650 9618 7623
-2949 -5481 -8304 685
-1392 -1709 -9520 -5451
1436 -8230 -8327 5211
5640 -4099 -5634 -1463
4715 -4472 6014 -5731
-2630 7829 -5489 -3676
-9335 1688 -6966 270
-593 -3794 1538 -1280
-9410 -5920 -297 -2960
7524 -3113 -3861 6359
-2531 -5186 -2877 -2708
-7850 -3648 -7709 -3102
-1515 -7745 -5734 -4307
2691 -5135 1830 -5732
3624 -5923 -9050 4866
8827 -6826 -4576 -7676
-2350 -2991 6727 -5215
4927 -2065 2461 8297
-6364 -3689 6148 -3842
1489 1745 1008 -8668
-7631 1921 -8977 -1151
4862 4549 -3830 -1263
1572 -1269 -7288 -2112
-7286 -3571 6345 -3921
-660 -5724 -3603 1440
-2482 6079 5019 -1773
20 -516 -3930 9658
2786 -3401 -356 -3961
9493 -7147 -2979 5241
-1158 -1370 8009 1338
-2074 5103 -247 -8851
1298 -1155 -8037 -3816
-6582 -7926 1268 -6454
-1888 -804 -3011 -4843
8565 -3702 7138 -6525
-1961 2432 -1187 -8780
-6602 9910 -9176 2246
4587 -9132 -1148 -5598
-4972 6251 -4258 -7225
-9692 4493 -7080 730
5114 -7196 3863 -6147
-700 8234 2452 -2829
-893 1554 669 -826
2061 -926 -7125 -6035
-9146 2666 7644 -2716
-1342 -5495 2600 6778
-9806 7885 3835 -6001
-3343 -4063 1109 2362
-8808 1287 1608 -1556
-8988 7219 401 783
9178 -6856 -4837 2599
-7602 -2860 5630 -5183
-6383 -5527 324 -2995
-2504 -9957 1756 -1874
1536 -1220 -6867 -3272
-6648 -9714 -4423 -949
-9941 -5435 7888 -6864
-6464 -4037 -9966 2208
1662 6100 -2106 -753
-9534 8550 -990 -8291
4036 4838 1524 1243
2432 -9297 -5911 2848
-2423 -4789 8504 -6421
-107 -320 -7816 -6991
-6505 8574 -1877 -174
5544 6651 -6128 -2964
3797 -2285 -4404 -8777
389 -8303 -2889 -288
2466 7477 -1975 3865
-4797 -7310 -948 -3276
2392 -3638 2065 -7432
1378 6992 -5505 -3173
-1988 9254 41 -6697
-1034 1840 4332 -2837
-8065 2552 -6170 1026
-4053 4780 -1022 -1009
-3412 -5876 9455 -4494
4824 2940 1529 -1611
919 -893 -654 -1549
250 1120 1004 -8101
8163 -3492 -9963 1484
-5794 5396 2349 -5246
-7160 2700 1565 -2561
-4175 -7810 102 4441
8635 7321 -4781 -2157
-1381 6535 7410 187
549 -4006 1585 2543
-658 3032 -2592 1428
-3170 3416 9331 -2882
-1893 -6221 9899 8349
-1565 -1984 8081 -3207
3080 -6522 -7030 -2475
813 -8811 -8452 6529
3954 -4019 -7067 -7788
1347 -876 -1520 -8768
1492 2043 -810 3397
-5305 81 -9364 1974
-2600 12 -6318 5092
-8200 8685 -5609 -6363
147 -8193 2894 4022
1624 436 98 -1542
-8399 4862 923 -1709
-8561 -1754 1355 -3442
-3445 6267 -3630 -1757
6475 1621 -9971 -8364
-7701 8607 9233 169
-5356 -9262 -1223 1483
-2747 -4778 1660 -2350
931 -3565 7143 -3723
2664 -8379 -3897 -756
240 -1554 1826 -3439
920 -8066 2151 -827
-2898 -6359 740 6299
5490 -4920 -6491 3542
624 -6150 322 -8111
9763 -3462 -8073 -5915
-2970 -6244 -7050 -6018
-7073 -486 -9575 4776
6369 -3061 -8943 -3648
6774 8656 -9873 -7681
7776 2845 4138 -3934
-3244 2671 3424 -5929
1542 -1938 -3288 789
-438 -5155 -7364 -5651
6749 -5896 66 -1861
-7515 3058 -3853 -2800
-9216 -5868 9860 -3972
1777 -8098 -8193 8275
-7510 -8717 9927 -2234
6532 -1814 -3630 -4031
-6945 -2730 400 5783
-5746 7485 3228 -1067
-8743 -7275 -4713 -7176
-9864 -2894 -2024 -5351
3410 9461 2102 3010
-5799 5719 -3138 -9125
-8418 -5751 4716 1861
-2298 633 -1945 2072
3487 -4277 -9859 749
-4361 7576 -1328 112
-4886 -4646 -6247 -8064
-5074 -3479 -8995 -9756
8272 -452 4412 3680
2941 4264 -4257 4
6472 -3492 -8031 -2156
-5103 -2637 -2703 -3659
-7332 8893 -3392 -5607
-8577 5251 1800 -2498
-319 8797 -2722 1188
907 -6503 8653 1358
4468 -5598 -8625 -751
-1480 -189 -64 6562
-2909 -4310 -4366 -4876
8546 -6396 144 -4805
1469 1472 -8176 3617
5316 3108 -323 -2767
-6833 -597 -597 -1189
-6612 -5723 -4827 9297
3840 -5484 -1220 -734
-3185 -7888 5988 -7652
4788 -7543 -4987 -5787
-8932 4520 2089 -8985
-9620 909 -3472 -2004
-5714 -2503 -8027 8195
-3229 -4215 -6734 9721
-4417 -98 -508 4824
-1242 -1874 -8920 -6164
-3454 1805 6668 -6083
6489 4710 -1650 -3629
-2299 -1658 -2113 4212
-4523 -911 3728 -8478
-2110 1888 -4196 404
2779 1249 -9263 616
-6163 -2538 -3983 -1959
-5115 -8827 1731 -5886
9014 7351 -4669 -1470
-8426 4040 -2090 -4422
3224 2457 -1239 -2169
-3173 -558 2191 8740
-4625 5326 -8104 -2547
-7357 2747 2068 -3471
-6494 672 5017 7434
-5950 480 6645 -3970
-3171 -4903 1450 2019
-7251 8118 8795 891
-4572 -7075 -4386 -480
-1300 5327 9873 -8585
-6703 2151 -5473 -1416
-4844 812 -8262 -8226
102 7743 706 646
-3744 -4897 8179 2327
-1731 -2804 9316 -4728
-9566 4430 -8561 -4662
-4364 6796 -3041 -351
7521 6292 -6927 -6716
-3763 -4955 4601 6788
8830 2210 -8519 -2598
7324 -234 -721 1087
-8597 -7431 -3564 -662
-1588 -4055 -1845 -5465
-7089 -116 -3542 2211
726 9268 173 -3234
8535 -4848 -2132 -5816
-6703 -1528 -9784 -8410
-6305 -3054 8460 6426
-5474 -2672 -2725 8783
-5810 -7798 -4717 9897
2086 6067 -1245 -6305
-6928 -3017 88 -5439
-2510 -2743 8913 2534
-3895 -3789 -3373 1726
-8689 1018 -9008 -1573
4341 2225 8434 1347
3781 1965 305 -4638
9279 -2657 -8032 -2171
1097 -7532 1189 -7530
2723 -7691 -8801 -7033
-135 3993 -8253 -8111
-7962 5146 -6745 -5328
-8278 -6253 8391 -5714
8536 -1312 -2879 3710
-6764 6423 -5702 157
-1149 -3021 -345 -5939
-4520 -1500 -3899 -6586
4139 -7263 1708 -7121
-3949 -2156 1517 -3228
-8713 -8510 -3448 -1799
5205 -4680 9186 -9127
-4842 454 -5760 -3229
-3953 -2991 -3235 -6771
-6440 -5859 9267 -8304
-2732 -6338 3618 9414
-6803 -744 -3194 -6567
-3732 -3394 -6159 -4888
881 -835 -2973 2157
-6582 -7163 -1772 3266
-7378 -5910 -590 -3123
1537 -4874 -7130 -4421
1634 -2077 -1048 -5351
7142 -5053 -7794 6131
3873 341 -1970 -5356
9372 -1098 52 -5053
-2167 -3290 1844 9962
3493 4230 -1819 -6542
2721 -3729 -7066 2794
9973 -8663 -3398 1222
1637 -5809 62 -8711
-1157 2754 -6285 6713
-5708 6743 6197 -8740
-358 -5217 -6931 -7495
-4733 -4461 2465 6095
3282 6686 -3327 -821
-4469 5922 -6234 -6904
7207 -8895 -8688 -2143
-9551 449 1415 -2681
-405 -2553 -3225 -430
-7481 -2522 -468 5399
-411 7524 -1873 -2368
5665 -500 3462 -1616
1123 9124 2 -5553
-6146 1527 4675 9510
1606 -3197 4842 -8241
5767 -490 -5550 -5235
-9545 -9668 4188 -1034
-782 -3601 8947 -5521
9755 -3887 -8839 -7319
8664 -1772 -6466 -3571
-5936 5479 538 -3055
1508 -5114 -3845 -8833
1617 341 -2309 -6059
5948 2792 8874 4228
-2173 377 -3298 5886
-3359 -5670 -5329 6272
9053 -8923 1426 -6902
-3539 -2585 -2834 276
2614 -1473 -7658 -2261
-6450 -498 7350 -3174
-4680 -145 -3686 -7141
2129 -1539 -6871 2564
-3457 -6475 -1901 -3184
-799 -5739 -5311 5240
-7898 -9417 -7657 4527
3050 -3328 -5417 -3247
-8346 6688 829 -6020
7685 -5118 -9256 7252
5211 -3377 -5818 -3886
-6715 9187 -3992 -4815
2319 -2140 -3363 -2151
5040 -602 -3773 5715
2968 2355 -1781 -7631
-2948 -9293 -160 -2470
-8100 -9492 -7188 -7955
4309 3444 2814 -131
-68 -1307 -4362 265
1536 2479 3359 -2392
363 -3345 -3340 1706
5792 -1078 1724 -2724
-1985 -9028 301 -6566
-3031 -7644 -5503 -515
-3397 3413 -4828 2642
-9563 6405 6922 -4645
-6581 -3302 -1936 -1231
-1298 -9203 -775 5871
-7469 -8499 8918 -148
-1129 -9858 -4127 -3612
5612 -8000 -2737 -181
-116 2402 -162 -5737
3995 721 -3074 7641
2068 -6083 7280 -445
9004 23 -8734 -8880
-9244 9718 -2100 -4912
-3225 -5068 -9935 -7895
-5563 -9835 -4856 -6922
183 -8528 -202 -8568
-9055 -398 -6312 -9623
-2075 -8493 2254 -3844
-8692 1408 3236 -6868
-2202 -1689 -7671 3943
3985 -5777 -8454 2812
2704 -2005 -5765 -6053
-3930 -1573 6930 -5636
-356 -9382 -1612 8535
1355 -8081 7223 -5041
-857 9173 -1927 -1585
5764 2144 -3538 8200
1769 1920 -810 -327
-1579 -3490 -7687 -270
-550 4968 -6091 -9505
221 -4835 -4578 -4807
-5446 -5766 6921 475
-9767 -4810 -6297 -2031
1181 -7628 4658 -9505
5447 2314 -3398 -5689
-4296 7123 5516 -2506
-6583 -961 -8005 7272
-2170 1598 -5440 -7888
-9638 -3621 9280 1742
730 -3232 1788 -3795
115 -2908 9638 -4874
2875 -1225 9108 -6021
-325 5433 -5010 -5522
-425 -7717 9624 -8447
9407 3442 -6381 -2193
-2364 -5137 1425 2521
4766 -6535 433 85
-4276 1942 -9124 -9285
-1106 -328 2021 -6204
-1589 -1827 -5909 6758
-5901 1805 -3336 -1480
2428 -2582 4317 7512
8823 3955 -8682 445
-6498 954 -8054 -1152
-3039 -7104 3850 -740
6266 9570 -3488 2193
3504 8133 -2617 -6750
8659 -5047 -488 -2427
-3779 -9368 -4454 -4900
3123 -1507 -5537 -4803
-9840 5620 1027 -4197
-5263 -4865 -5643 2569
-2362 -4719 6448 -8498
2405 -5834 -2309 -8288
2560 -1645 -5854 4657
-1656 -4938 353 4281
-7219 -1358 -945 3976
9246 7937 -8834 -2241
-8114 -5718 7101 7042
-8451 -2267 -3998 7964
-608 -2003 -2629 1861
-9211 1898 -2457 -840
86 -8426 -5248 3962
-1330 300 1312 -6484
-7774 153 -439 6364
-7624 -3046 4325 -7806
-3769 59 2088 -7520
-3009 -3564 -4575 -4706
-6768 -8938 -7017 5996
-6314 -4494 -7742 -6568
-978 4680 -4562 -947
974 -6186 -4759 -7041
-4906 -6344 -7809 2570
-8751 -2424 -2036 1364
-1399 8167 -8644 -1479
-605 -2589 1411 -2570
1088 -4609 -5523 -8783
4495 8399 -6982 -1375
-3462 4953 -2188 1651
7591 -8650 1497 7536
3032 -3869 4228 -6040
-1042 -5252 -142 -230
-5943 6081 9888 -2014
-2207 1099 -7536 -8154
-9508 4322 2315 -2901
6472 -4866 1846 -2060
-8670 -2920 9223 -5760
-7697 6335 -2933 -9113
-4033 -5659 5688 -9466
-8646 -7729 -848 -2958
1727 7350 1229 -4595
-1807 577 -2869 -50
8198 628 -5787 3654
-7181 -2656 -1822 -2610
-2781 -4910 300 1616
-5241 834 -5811 -3556
8565 -5575 -6016 -1437
1275 6474 -7318 -7120
-6056 -8392 -804 -2211
-911 -3524 -9683 3535
7163 -7363 -588 130
-6218 -7768 -5447 -6084
-8362 -7195 -5114 -2393
2355 481 -8444 8415
-8004 -5214 2182 -1020
-9829 -9954 2107 1154
5489 934 -206 -1705
2362 7848 -13 -7382
-7197 -7795 7244 1359
-4721 -3744 3052 -6094
-8816 -9298 2058 1214
-2615 -1564 416 190
-9100 -7286 8360 -865
-6819 -4957 9393 -2271
7523 -6727 -7810 9280
2454 -6428 -57 -216
-3220 6905 -2764 -84
-81 1860 4017 -9226
-1181 2436 983 326
1646 6858 -3010 3094
6556 -4138 -1167 176
3787 6069 -8174 -3555
-5302 -8424 -3616 3627
6249 1403 -4641 8438
-3272 8200 -4406 -1826
-1894 2471 1636 -5135
205 -9524 1584 -2610
9638 -6019 -8525 4179
-1045 3363 -7662 -393
-8167 -3251 2236 -729
-1867 487 -627 3406
-1237 -9537 3777 -49
-7778 9567 -4021 -2668
-7403 8603 -5549 -9186
2541 -2523 -7207 8260
543 -8152 8309 -7998
-9010 -3847 -8048 3866
4949 317 -8377 8175
-8560 1787 -1658 -9366
-6672 4736 -2490 1535
-7013 -6651 6136 -4566
-8110 -1703 -4004 -654
-7204 -1419 6233 2326
-4487 1279 -5876 2115
-1446 942 5521 6111
-1809 3221 -5359 2498
-8748 1147 410 -1808
-338 -9597 386 -4993
-7626 -8712 3394 9762
-8040 909 -1944 -9919
-6131 -2533 6937 -2921
-8509 -6227 7752 -7202
-357 -6470 -7195 -3621
-4152 1632 -3035 -9697
-701 -9035 4592 1577
-9666 5430 -443 -7552
2131 -6602 -6658 -5663
-6919 -8859 -1167 3782
5021 3005 3716 4391
-3970 -7231 1427 1124
1094 -5979 -5541 -5426
-7538 -4103 2536 1750
-7615 -8171 -4691 2972
-6341 -9805 -5623 1045
233 -882 9450 7427
-3953 7977 9168 -5134
-7547 -8481 169 -1490
540 -2529 -420 1384
-6310 -2021 -99 2463
-4177 2196 7019 -3224
4368 2412 -354 -6592
-1782 -1351 -6561 1989
-1809 -2989 1149 -2877
9298 -1497 -8825 8859
2919 -426 -8433 962
-1892 -4938 1064 4229
1989 -3437 2997 1569
-6181 -3557 1313 -5875
-2 -1538 -4315 8560
-4480 -6694 6766 5118
-2171 415 -5975 -3866
-5359 -2090 784 7764
-4434 -3509 -717 -2432
-2152 -744 -5938 -7047
9436 8002 -3053 -8351
-4508 -5014 -3827 -9673
-3036 -3207 851 -9683
-1922 -3022 -1488 -7549
1879 -9886 1468 -4632
1635 8329 -3138 -5378
-587 -1634 -8262 -3510
-5828 -8954 3119 15
3219 -5844 -8888 -7799
-3657 -2969 2193 5623
1931 -5740 -326 -3078
5172 -4599 -699 -3165
7058 6299 2998 -1999
-2922 2415 846 -4511
-2603 -9413 1513 9587
-6410 9070 -1378 -4882
1519 180 -3319 -5710
-5107 3364 -3103 2708
-1960 -3163 7709 -7152
-9110 -6095 5524 -7244
-7981 -7441 -1683 -5011
1932 5522 -230 2567
4522 8001 -3430 -3327
8526 8458 -3711 -6771
7110 -5166 -2799 -5103
6117 -1718 -2450 -6026
-8297 -2381 -8187 -4781
-3717 -102 -5507 -5146
3400 -4467 -8998 909
-2771 -1594 6980 -5315
-4795 -8994 -4908 -69
-4910 -6248 -636 4466
-2895 1878 -4143 8641
6672 8494 -7049 -9352
2207 8640 -7216 -5315
264 8557 -1084 9978
-9364 1418 -5944 -4677
-3826 -5609 -6488 -8512
-7179 -6808 -9151 -9318
-483 -1146 -4634 -3188
-1071 1605 5884 7593
5458 7580 -8334 -9697
1503 6811 -6783 -7189
-1003 -3356 9502 -8212
9026 7672 -8619 -7661
1606 -7606 -7366 -7833
9821 2068 -7210 -4981
-4905 1019 -7103 -2614
-46 -6975 -7697 5699
-9766 4044 920 -8218
-762 -8735 -1162 -5842
898 1656 -9716 -8256
-1939 -3729 -1756 -1732
9920 -5685 -689 -3819
3745 -3844 -6533 1942
376 -547 -4347 4219
3570 -1540 -2069 5569
7587 -9528 -1949 -2335
2126 -4858 -9051 -2163
-6595 2439 2629 -3715
626 -5791 494 -3669
6566 2125 -4886 -828
-6933 -1195 210 -2824
2046 1992 -1908 -310
-6464 -3606 -5253 -3347
6620 7406 678 808
-5281 -6327 2682 817
7340 3961 -7337 -4555
1164 -1399 -3500 -2534
4603 -8094 -3727 2755
-6625 -5972 4053 -1835
-3438 -2739 -7138 -8934
2567 -1058 -6012 5760
-3243 -7772 -8361 2507
-8282 -7653 1034 1386
7032 -9946 -6924 -1107
1532 2695 8105 -1048
636 383 -9310 -4088
-8557 66 9237 -8300
-9373 -6833 2844 -4594
-125 -9990 8274 -4279
-7151 7 1643 7519
-728 572 1146 3309
1350 -4199 -8477 -4592
14 -1256 -6520 -45
-4192 -8191 -600 5310
-6151 7846 -5841 -3752
5016 -6092 -6269 -3845
746 -2973 -2943 -5217
-450 -7607 -3057 -7663
-883 781 -9723 -1594
3262 -9295 -1117 1505
-3134 2669 -7510 8299
-8157 -4275 8139 9713
5083 -4242 8108 -4993
-9429 -5222 -1587 -5820
-206 -4418 -9765 -7209
-4482 7309 1691 -4244
-4184 -5036 -3721 -3484
-4643 -2912 -7772 2080
1510 2713 2766 -2669
730 615 -5792 -7523
1547 244 -8232 2395
1848 -2010 -4643 5796
-7589 6466 6835 -6050
-1002 -7023 -3167 9049
282 -4722 -5748 1465
8270 -1940 -8790 -4076
-3481 -4801 3358 1946
6423 7651 -4264 -8773
-7581 -1096 -1336 -9813
2161 -4043 538 2635
2159 3895 -296 -7544
2452 2715 -1759 -3162
-1706 -9453 -9508 3095
-2088 -7237 -4897 9942
-1534 2124 184 8442
-3630 -4729 -4887 -75
7828 -1419 -9695 1500
-4401 7983 50 -9876
-7302 -6388 -9099 -776
-3643 279 -4590 -9529
-6318 -1879 3890 -3837
-8606 -2141 459 552
-3546 -6380 -3180 -8026
-6017 -3058 -7196 8143
-462 -1168 5591 -1135
9326 -2553 2285 -1671
8274 -2342 -526 -2172
1600 -6054 -7638 -1163
-8334 -4921 1838 2666
5166 -4079 -5772 -5008
-4865 -1390 1939 -7246
-6610 -643 -5340 -8830
4679 5193 8580 9084
-7693 5534 2000 -3046
-8729 -8298 4881 -750
9176 7147 -5728 -3545
-2138 -6951 -9667 -4979
-232 -8784 -5256 1856
2491 2429 -912 -1186
2409 -3566 279 2009
-5212 -4576 6667 -2906
-7854 -6896 -8754 -8462
-3810 -4429 3257 1700
1698 -2819 -9644 -4571
-4406 -8896 -2946 1452
-5395 2662 474 -7031
-2851 -8883 -9574 3025
713 -3283 9488 -6583
-7643 8276 -7853 -2948
-7443 -8929 355 2296
9668 -3743 -6416 5079
9085 -6987 243 -4302
8613 -8560 6655 -6381
4034 -52 -8813 -6018
5453 -7524 -3556 -5210
3646 -3478 -3131 288
-6933 -693 6216 -4462
-1756 -7544 9300 -2756
1672 2374 -3805 -3435
-3413 -3050 9346 -1463
-3353 7202 9765 -5771
-7692 -7121 -3799 -2844
-863 3239 -9125 -8765
-1918 -946 -4063 9280
-9623 4442 1838 -2554
-9365 -9137 1038 8992
-4034 -3863 5015 -3344
2841 1199 -3839 -3814
-5863 -4996 -8499 -1309
3289 3604 -8103 -9734
5077 -652 -9833 -4966
-2706 2285 5128 7418
4618 -8315 -6979 8225
-5401 -1865 -7158 -9160
-3478 395 7737 -9721
122 -3432 -844 8090
-368 113 -8049 7465
9049 -7741 -6972 -177
-870 3271 -6373 -1445
252 1146 -8879 3086
-7723 -9586 6903 5685
-7399 -5873 1403 -5291
-4920 2723 -2597 9544
1639 -9883 -9416 4808
-408 1724 -9530 -9255
6927 6944 4267 5438
704 7214 -1604 6686
-6264 9866 6899 -3110
-1814 -988 -194 1291
3611 -4387 -9843 649
-5211 9646 -3368 1275
-793 425 -9410 2358
1728 -9902 -9258 2769
2940 -3005 -7840 28
4399 -8352 -5881 5230
-5336 -1666 -9484 1694
-8156 7155 2035 1951
-5603 7687 -5399 1324
-2348 -6657 -4926 -1410
7392 -83 -3898 -6034
6734 3350 -7498 -3010
635 -7469 -6666 7543
-3821 3317 -5020 2672
1747 -7662 725 -4635
-1161 42 -2555 -6294
-2346 -213 8201 4720
-7043 -6690 -4328 -6815
810 -9020 -549 6647
-5551 5379 -4276 2756
-3121 -7652 2589 -878
-6419 -7868 -4413 8907
-4902 -2684 7371 -3167
5504 -6763 -4779 453
2053 4352 -7258 133
-4587 -7973 -7010 1411
-553 3839 -2959 -4151
6427 -6108 -19 1009
-784 -1819 -3358 -4538
1353 -7460 -4746 4256
-8292 -9445 -1830 -3755
-690 2156 -4663 -8184
1225 -6940 1858 -3193
-8856 2655 -1906 -2606
-1431 -5863 -758 -3411
2368 -9990 -6031 7351
-865 -4933 765 -9017
-6710 9933 -6100 -9907
-10000 -2311 -4590 2255
-3674 -1082 1552 -7217
-8696 -6683 262 -7089
-4950 -5073 -1355 -2686
-2286 9787 -8628 -4830
415 533 203 -4398
-4103 -5340 -841 -6359
-6564 -8277 -6671 -4749
-6627 771 -1674 -1238
-4625 -1393 55 -9452
688 -4271 -8344 420
4841 1561 -5013 -7242
2446 -5439 -4540 -2943
8458 -6454 -8389 -5353
-3887 -8339 -6266 -692
-3252 -7960 -846 8678
-8176 9907 -5617 -6752
7977 -6925 -3184 9679
-4981 9528 9823 -5132
-8765 -9856 -2213 7838
-855 -7402 -2746 -9315
3054 -5086 -4371 4896
9598 2693 -7488 -9082
-5431 -9197 -9906 -1383
2311 733 -1407 6319
-6989 -5306 -6596 -8638
-667 -6927 816 -8644
-7103 -6134 -6957 3032
-7135 4691 -1864 -6556
-9095 -6033 -2055 9954
-9250 -9538 -6098 -5477
-3 -3141 5547 -5425
-3542 -8891 -4611 -7035
-6238 -3194 -4045 2615
-3300 -2361 -49 -5396
-4176 -3663 -3845 -9855
5561 -1216 -9739 -7454
8590 -8606 -5336 -7655
-7623 2382 -9095 3412
-9096 2122 642 -4645
2671 -9136 -9109 434
306 -293 -9235 -9510
-8430 2745 -3084 -5948
-583 576 7631 6482
-6192 5888 -6361 -7681
-5687 -4330 2362 -3975
-1409 641 -3855 -687
-1656 6968 -9473 -3633
-4800 2276 1177 -1944
-5497 -5273 6375 -6532
-2475 -860 415 -6841
9476 -1808 5101 -1375
5311 9986 -1742 1034
-9899 -669 -7133 -1487
-4478 -3568 -641 3066
-6953 -3324 -1211 -508
2345 -2387 -9976 -936
487 2651 -5809 -6418
6450 -4689 -2958 5091
-4619 7649 1362 -3371
-2864 -8112 -1467 7028
-4262 -2471 9525 -9847
2215 -5664 -8885 -455
206 -4849 -1546 1456
-625 -5905 7789 -2675
-305 -2580 693 -206
-501 -9272 -6276 2109
-3021 -7758 -4617 -1831
-9026 -6400 -5925 483
-5756 -5735 -7254 -7402
-6953 -6962 -2603 -1684
-7985 -7087 7367 2392
5754 -5778 -7755 -1826
-1312 -2212 -1047 -4309
-6892 -2648 -793 -4191
9609 -8019 220 -6963
-4818 -5549 7340 9655
2754 -7186 -4600 6640
9696 2749 -4737 -5225
1737 6081 8247 -973
-6993 6712 -230 -1366
7901 -4192 -2553 -5618
5143 -1015 8297 -106
-4244 -7978 4008 -8586
-3241 -5370 -261 -1272
-2071 2464 4044 -9053
-4665 -9261 -2902 -2083
-9712 -9993 -235 -724
-2616 -6687 -7670 1531
-4830 -7781 -2822 -844
-3736 3111 -2745 -2179
-446 1340 -5959 6158
355 495 6691 7537
4264 9546 -5677 -1700
8696 -4528 -2372 383
-5349 -3642 6301 -1123
-7149 -1930 -4576 -2575
-9971 8245 -222 -7945
3040 738 1996 3497
-5197 -2177 -3499 -9779
194 -269 -4988 7830
-6881 3441 3127 -8412
-6457 -4610 -71 -5158
-9942 -4200 -3873 997
-3431 -3915 -4802 1202
-5013 1422 3484 9495
545 2678 1701 2002
-7005 555 -7760 7869
352 2980 -4615 -9625
-2021 101 9600 7644
-5218 -7945 -1258 -4310
-5200 -3074 -973 -8229
-747 5293 5613 -4257
960 -2708 -192 9840
903 -807 2662 -1369
298 -9942 -5343 2562
-7757 7920 -4608 -2450
8919 -8518 -114 -4628
5198 -7618 -6555 2260
3873 3988 -7113 -8157
2662 -1667 -1300 -9133
6097 5962 -4037 -5378
-720 -6293 -6390 9901
-2453 2936 -1374 -8286
-4725 5326 -2176 -4248
-3700 -3639 -6032 -3674
263 2099 6876 -5164
9204 -630 -348 -6600
-289 1955 -2200 -2983
9317 5940 -6059 -7954
-1698 -3982 6974 -2543
-4397 -6629 9152 -4620
-2550 -7603 -5715 6877
1029 -5490 2548 -8400
-7281 -6156 4210 6649
-7299 4116 690 -9145
-3505 -4719 415 -5056
-9196 -6044 3322 -5190
-8356 -5309 -9218 2583
-2689 -4262 -1894 -1581
-7395 -5237 -8011 -7638
-3723 2233 -33 1022
-5064 -8537 937 -8415
869 -1982 6486 -6136
6737 -1272 1387 -3817
7241 -7164 -6424 -824
1330 2278 8719 -6887
-1044 -1935 -3643 7315
-611 -9344 -1528 -5903
598 2983 2589 504
-9631 -9127 -349 -4415
2102 -6802 6422 -7007
-528 6676 -4753 -3149
-6802 -2041 898 -5005
-7650 -3783 8018 -451
-3397 1459 5228 -5300
-2602 8722 -6821 3879
-3892 3370 -4663 -3441
5623 -8317 1554 -751
-596 -8804 -7778 5559
-9263 8477 -971 2373
-7176 8271 -1026 1867
-4986 -3504 3325 -7857
-3232 6492 9075 -677
832 -148 6699 -8071
5097 -5821 7787 -8354
1346 -3221 316 8273
3468 355 -7401 5145
-5043 5700 -8250 -39
-2297 243 3390 1602
-8390 -4752 6307 -3135
-2028 -9275 -9634 8089
-5566 786 4687 -2006
-1452 -847 -3401 3813
-4194 -7259 -2020 9136
4416 3158 -8365 -9142
4480 -2453 -6573 -2298
-7681 6991 2943 1576
-4154 -9334 -8007 3506
-1049 1444 -8008 5294
-8014 -7312 -1169 7315
-6455 -563 -1106 -3921
985 -1858 -8910 -861
-3393 -8176 606 4382
-6843 -6395 -242 8159
5974 -6429 -644 -5694
833 2039 9193 -4027
-5586 -26 2669 5853
957 -4403 -3849 2619
-6184 -8927 4395 1684
-6771 -6240 -2821 9501
-3748 -5411 1998 -7667
936 -1438 -5893 -9528
58 9705 6863 -8255
-1895 1488 2352 -5037
-3553 -7982 6598 -3623
-9511 2595 -8255 -8730
-4373 -1863 8560 2432
-597 -6794 1192 1641
934 -1228 -5537 1646
-2964 -6944 8555 -924
-4789 -247 -2951 7675
-3507 -9490 -9352 2761
-2842 -1423 -5634 -5570
-3285 -4327 -520 -9735
-4612 3870 -2405 2158
-3647 -2543 -2723 4446
-636 1656 -3453 -7020
-1892 -3094 -5801 -3754
-1881 9097 -6021 -143
-9932 -2277 1916 -5852
-3891 -5768 -1200 2725
1371 -2614 4567 -1098
-2555 -1379 -7911 -9756
-5959 2308 -2399 -5732
2690 6471 -267 -9530
8571 -7161 152 2323
-4346 -8935 -3071 2433
-385 -44 -9920 -8028
-186 -8701 164 -605
9287 -1491 -256 -5570
-5503 2618 -8699 -1639
5603 1703 -9749 -2244
-1677 119 8733 5667
1260 -463 -1362 999
-384 -8840 9789 6530
-7027 -8044 5345 7792
-9557 8602 -2117 1082
9196 -2024 -4104 -3878
-7545 5517 -1664 -6382
-7676 -5270 -8180 -9570
-3669 -6002 -4883 3824
2155 2190 -478 -9538
-7882 7261 8934 -5696
-400 -2379 2284 -2052
-8327 -2205 -519 588
392 -8544 -8274 -7947
-7776 -8361 2910 9976
-3672 719 5112 -6638
-798 1169 -452 3499
-753 -2178 4991 -6148
-608 -2683 -2986 -9303
8798 2820 -2829 -4310
-1243 -4301 2382 -9573
-2560 -1702 1367 -3150
1202 -9951 1248 5900
-7378 -9619 -1082 -662
2887 -4659 -4282 -2938
4925 -3502 -962 -3748
-2947 5264 -7257 -3991
7587 8147 -5939 -5749
-9473 -5591 7899 1643
4886 -7137 -1013 -2406
-259 -6783 -6930 -635
-4403 6027 6846 -2002
-627 -4046 9701 -228
-1326 -5397 -6839 6948
-396 -3771 -1855 7562
-9139 -4322 -473 -3316
-1567 -8110 -989 -2513
7336 -9216 -1901 -5258
4375 6731 1827 3763
721 4114 1334 -6300
-8339 -8099 2087 8457
-6048 366 -6010 3304
3769 8685 -279 -897
3347 -1392 -6548 -1455
-3501 857 2388 -6647
-5297 -565 -7898 9401
-4421 -8239 1108 -2585
4965 1945 -7952 9339
2688 -2833 1488 -3463
-8671 -6519 -719 44
-4258 -4372 1446 -4199
-3582 -205 -9905 4229
-4579 -3506 4463 -9075
-9624 5079 -7420 -1954
1472 3648 3316 908
-7532 -9277 -9017 4415
-813 2593 -1704 -6267
2299 1890 -5834 -6070
1115 -5280 9605 -1594
-4543 -9198 7232 3395
-4807 4289 -7321 7594
-9753 -1173 5906 1904
-4211 289 -42 -3056
-5623 427 -9002 -2060
5505 9524 -6831 -7639
2118 -3818 -3756 -9178
-1767 -2541 -4699 -71
-1919 345 -6906 -3378
-808 -2351 -8152 5099
-6575 -5404 5140 8705
2054 -3714 -6529 -4429
-8773 3374 -5871 -5601
2405 -8729 -5958 1029
-7378 -2055 -720 9305
-6977 -1257 6157 -7506
-8862 -2933 3074 1045
-9727 -7207 1073 -5164
-4377 -3201 8873 110
-8302 -2258 8126 -7953
-688 -4404 8097 -8523
2954 2236 4982 4035
5608 177 -2808 9148
-9228 -8237 5099 9107
-2630 -4696 8789 -5891
-3656 1763 -6819 -8301
-4256 -5955 -6015 -8418
-4297 -7213 2608 1362
7815 1862 -6382 -2076
5753 -7012 -8564 5153
2657 -7330 347 -2854
-6309 6 -1576 -2826
7368 -1151 -8028 -7876
-6720 -5321 5948 3112
-6027 -4122 3090 -6484
-5953 -4246 3872 592
1343 -1870 -979 -301
-4812 -4630 -9691 -8858
681 -4418 7184 -4138
-5967 3713 -2636 -7678
-4959 -3474 8971 9568
5486 4466 -9655 -8986
1937 856 9376 -6549
-5371 1343 4067 -3978
7052 -9778 -77 1138
-1509 -7970 2513 -3659
-8573 -8182 -5512 -102
8400 -7678 1245 -5528
2852 -3165 -4969 -2952
1978 373 -925 3630
-2421 -1357 -7496 -4947
-5847 165 7144 -4023
-4681 65 -1924 3252
-3065 -3094 -4589 4233
-97 -2888 -1131 -2352
-2876 -6749 -4905 2813
-4614 -1879 2096 -1361
-7393 -467 -9984 -2561
-3667 -4489 3090 5220
-4895 -9842 2446 9131
-9097 -3122 -2584 2127
2162 -6268 -2674 -5860
-7454 6195 -6700 1153
-4166 -3832 -8870 9858
-9296 -4806 -5333 -4834
-3145 -9272 6938 3073
-8834 5460 -1498 -4304
-68 -226 -674 7267
-4160 -1094 6006 -1059
-3225 2774 -1781 1465
-4792 4211 -3050 -198
-4685 -8133 -2140 -1839
1992 -7107 3087 5696
-240 -8636 3552 4761
2641 9214 -4821 -9385
-1128 1887 -3323 -1589
-4900 3266 -2137 -8919
-1912 -6774 9129 -2071
-2265 206 -7836 4041
-124 -1433 2401 -6309
3665 1303 -4464 -6231
-1834 3368 -7133 -980
-7062 -4537 -736 -1446
2269 -4151 -6811 -8701
1363 -4089 6201 -8501
-7394 -6985 -6832 1263
-3626 -2234 4802 -6665
768 5261 -4405 -3063
-8015 2128 8227 -8221
-3424 8493 5794 -2969
-9317 -7826 -184 -983
-2375 3354 9047 -4399
6004 -2076 -3826 -911
861 666 2314 -3273
1944 -7431 -5918 -6224
-6404 -8069 6991 9594
1444 -4061 -3726 -430
-6094 -7918 7183 -8818
-7422 1971 6322 -2871
-5040 4594 -3218 1483
-5825 8097 4095 -7484
-7265 -2704 1749 -2714
-3768 -5367 6001 5447
-6433 6381 -1173 932
3229 8222 -4005 -2000
-7292 8970 3225 -3620
-9605 9182 -5464 1094
-9166 -2558 8797 -2600
-6999 -7154 -2203 -962
-616 -6789 -2821 1101
-452 -210 -7032 8021
-9726 -2632 -5644 -2706
6773 -6294 -1865 -7174
-8279 489 -7230 -9227
-3881 1090 -9863 9270
6840 -4670 3765 -1765
-213 9077 -267 -2389
-2340 60 -9013 1020
-7067 9023 -6621 24
-9939 -3175 4829 9391
-1959 -4403 3738 750
-7320 550 5355 -4076
1280 -6255 -8337 6023
-8583 -9254 -5832 -1207
-4179 -4835 -1440 4468
-8878 -8181 -2041 -2258
-7055 -2950 8183 9300
200 3226 4303 -7775
-2289 -3904 1563 -428
-8412 5556 -2125 -8807
2955 -7690 -8340 -4722
-4407 -4656 -6773 3159
7049 -230 -2747 -6124
-6202 6361 -1783 750
-1935 2418 3722 -4356
-2078 -4687 -1832 -5096
786 -449 7026 2629
-8320 -7233 -1105 -2867
-8471 -9860 -833 -82
4324 -5332 -9662 9117
-9030 -8620 2327 5862
7526 343 -7082 7509
-8293 -8216 1003 156
-2012 1135 -2109 156
2693 -2090 -8292 -720
1520 9676 -4575 -9965
-5285 3939 -4114 1107
-3276 -6382 -8484 -1543
-4038 -2728 -2660 -546
4825 -573 9417 2230
2528 7234 -4284 -2377
7905 5923 1406 -398
-2799 -6785 -2271 9448
-3720 -2781 2238 -1998
-6086 -9092 -8092 -2842
-2061 4049 -5192 -940
-6040 -4774 -3216 -1602
8854 5466 4760 1675
-4367 -1327 -1138 -6599
2018 3306 -3906 -4274
-5946 6107 -1215 -4409
2712 -1864 198 -2498
-8439 246 8243 -7416
-2451 647 -1929 -7071
-6663 8385 912 -173
-9452 3570 -2611 -8271
7565 -7060 -5810 -873
-4727 -2695 -1393 8718
2134 -7374 -6559 -2829
-1480 -2069 -3048 1622
4614 -1332 -6061 -8037
-4929 -6200 127 -5290
-6782 -1657 7093 9603
-341 6330 -7280 -4616
-3115 -9836 -1896 -4286
-510 -6601 288 -2026
-8601 5181 -9814 9227
-238 6247 -6998 -8566
-5718 1434 1557 -3403
262 -3763 2859 -7322
-761 382 5857 -265
-1105 -4428 -6293 3114
999 1343 2491 1640
9007 -9006 1059 -111
-8534 8196 2629 -5541
-4352 -3832 -3575 -3835
-6424 4185 6550 -9050
-9563 2601 -5641 1771
9380 -7539 1539 -4747
4016 6106 -7383 -5087
2004 9744 -351 6034
-5416 8025 -1730 3917
-4275 -7495 1250 1039
-4366 9818 -8942 -7925
-1775 -3506 -6360 -3506
-1377 -9912 -3933 5762
-3983 6154 515 -5316
-2558 -5166 1029 -3650
-3340 8156 -3987 -2602
1884 -6929 7546 -7804
-4382 -9426 -1554 -1261
5508 2993 -2353 -2733
5843 -2529 -4087 2256
-2811 -6629 1 2159
7953 3378 3566 -5197
-2577 1942 3171 -1969
-68 -4865 -4256 46
-6156 -5261 -7373 6568
1631 -6616 -7542 -870
786 -56 6943 8482
-2820 3828 4157 -9661
-4964 6104 5290 -7693
1912 1774 -4633 -2859
-7765 -4055 -427 1319
-1608 -2479 -6578 -1034
4145 6103 7539 8299
-7315 8674 -8436 -281
7792 -6023 5034 -5342
-1111 -8433 -5350 1203
247 -4608 -8612 -7657
-4580 -2027 6778 -4251
2519 9952 -9792 -9784
-5246 -5284 -627 1495
-6828 -8480 897 4414
-1873 919 -1828 2691
2261 -1269 540 -9863
1737 1516 -7146 -1331
1154 -2258 -1463 3467
733 -4965 6483 -4448
224 -2935 1114 7057
-8150 -7967 -4938 -6761
7150 -8630 -4040 4045
6903 -5472 7938 -6632
-5741 6112 -8886 -3187
1292 2170 -2927 7409
-3575 6026 -5540 9694
3861 -3726 -3697 2029
-9996 -4573 5988 1201
452 -8423 -6261 3098
8665 -5183 -86 -5957
-7072 -4161 7927 -7992
298 -2274 -9192 -1312
433 -5913 9044 -6573
-3075 3351 -5922 2494
-3237 -9638 -4126 -2421
-1860 4136 -9217 -1850
2111 -9890 -4925 -1762
-5674 -578 -4673 6656
-7650 7695 -883 -882
-2960 -8505 2165 4584
-2029 -3295 -9270 -9786
-5384 -552 -4373 -7545
-1118 5243 4285 -9433
-5858 -4609 3633 -7063
-1213 1818 -8927 7470
-2367 -9210 9924 3315
-4213 -9651 3845 1486
-103 -5533 -8978 -6137
-9464 -9811 -7557 -8124
-4369 -3333 -4700 -1584
-7145 -5067 -7352 -8336
-6278 -5468 -562 3935
2554 5566 -8371 -3414
-4667 -5609 -3466 6994
479 -1094 -222 -5172
-6671 -1318 -7982 2911
3593 4606 -4909 -4350
-7318 -7856 -2692 -3064
6072 -6896 -8649 -4960
334 -9150 -7933 7761
1573 784 -3461 -9432
-6306 8097 -5061 6614
-9519 -6233 1485 -4614
1601 -5363 -7746 -3103
2518 -3317 9843 -9071
584 2659 1489 6746
-3436 -7376 -7459 8031
4194 1490 -6346 -9067
-7040 -5572 3142 -6017
-7666 -4602 -2027 -1526
3408 618 -959 -8523
1443 -6837 -3942 -6493
5303 -8248 -1264 2004
1108 -3264 -7813 6875
-6996 5586 826 -9755
1 -8433 -3182 3599
9931 1765 4146 -278
802 6214 -7102 -5442
3398 8155 -5956 -7196
5358 2337 -1744 -2190
-5884 -2814 4190 9953
9303 -9576 2109 -2591
-2082 5409 -5435 857
-9491 3209 -3452 -6494
-8284 564 -112 2256
-2431 -6152 -714 2050
6147 -7463 -6841 -8801
-4545 -6513 2620 6546
-2951 -1217 4286 829
1962 -4649 -4977 -4744
3946 -5491 -1587 -3493
709 -2416 -3008 -2954
-4629 -9328 -6230 169
8859 -9378 6606 -7516
-6646 -4796 4679 -2917
1816 -1680 5584 5291
625 816 3187 7363
-1734 -1933 1882 9811
-1235 9943 -8772 -3315
-1738 1115 -412 -2831
537 -5193 -9727 -5820
-6271 -242 -8261 -2945
-961 -2548 9076 5437
-2592 -2233 -4300 -2442
5828 7367 -2970 -9469
9429 -2579 6443 -4121
291 -9853 -5411 2257
123 2773 -7268 -6759
9644 -3619 3456 -4764
3503 -2126 -6392 -3403
-8584 429 8561 4457
-6217 8031 -4539 -2102
-2985 -798 -9548 -2510
-6447 -132 -815 -2202
519 896 1491 -9874
-4311 7512 -8207 -7418
-5186 9653 -3218 -4338
-9583 -542 -6712 -645
-9516 -4000 -5819 -3511
-9359 -4085 6616 -2030
5019 9671 -4715 -1368
613 8802 -3499 -85
-861 -3226 7602 -1403
-1589 -4031 -6647 8227
1975 4758 -7996 -6361
2183 -886 -4717 -3138
-2443 5908 -1381 -9554
2579 -451 -3210 -2539
-6179 4935 8205 -2304
-5035 6071 -3679 -1623
-7177 9664 1710 -7985
1292 -2433 1738 -8182
-9674 -2414 1694 -7132
-7080 2383 4742 -8996
-9529 -3860 13 -5795
3290 -5724 -8591 4349
-4840 4257 1164 -1485
-8874 -323 -3514 -9796
621 2447 618 -1088
-2597 -146 -7229 1743
2276 -810 -9199 -556
-7209 -6832 -1718 -6247
2793 6070 -8706 -4727
-8259 -3870 -2877 2365
-9909 -2914 9313 -7346
60 -4086 -5474 3572
1854 6817 -3849 -9613
-2889 -887 429 9226
-9958 -1630 8182 -730
-9339 9958 -7106 -8870
3326 2922 -5526 1100
-228 689 722 -9510
-8733 -4858 -3913 -2049
-4295 5517 -982 1020
-1675 -525 -6400 -5104
4618 -8387 2023 -5328
-6752 7769 -1769 -2113
5576 9797 -6995 -2689
-492 -3775 -2111 -4455
-3337 -2099 -2124 -5578
-4667 -383 3898 -7628
-6284 -7271 -56 -685
5174 -215 1204 -7630
-91 -4080 8161 -4174
-733 -5222 8558 -8101
-3359 1509 -8368 3191
-1028 -7928 -1377 1466
3509 -2814 -8276 -826
-8195 -885 2849 -3404
-5350 2254 -1835 -9210
1559 -5104 -7588 -6595
5574 487 9942 1407
-5613 -8393 7880 4749
5798 -2465 -9304 -1089
7325 -2331 -8881 3004
2308 -4178 2132 -7763
-478 -8195 1036 1491
-2494 -5468 8231 -741
6073 7502 1539 1843
-4190 6802 1008 -4634
-4368 6754 1472 -6950
2672 -3482 8252 2566
-1212 -6781 -1507 -6735
2274 6582 -8905 -1877
-4935 -9682 -942 3155
-6867 9963 -6626 1202
-3984 5317 2064 -6
-1160 -3135 -3280 -8942
-7746 -7115 4644 8439
-3190 -1093 -1311 5388
-5482 4887 -582 -2056
-278 4158 6538 -7364
-177 2448 -2156 -3967
-2357 -6181 4035 -8707
-1708 2864 2085 7958
-276 -3875 6614 -3554
-2470 3435 -7553 2403
8836 -6589 -8578 8921
-642 -8035 -47 -1420
-6470 -4091 9572 -3910
-1454 -5296 -4438 2224
7737 3831 685 1577
304 -1140 12 -3864
-178 7103 -1736 -1478
-3225 -7587 -4676 21
-9240 -9348 -6528 -6995
-2951 261 -7142 -1766
-6160 -9960 -1623 1391
-2157 -355 -5832 -1323
1728 -258 -4671 -8217
-7169 -3447 5122 573
-1058 -2178 -6296 -9503
-3253 -8238 -4227 -2735
2112 5091 6269 668
1495 -1227 -1277 -6309
1960 8039 609 -7264
786 -5235 1249 17
-4461 2254 -9392 6756
-8283 -2189 2118 -4787
-9952 -1847 7903 -5258
6921 -2852 -9222 -4665
-3286 -1641 -7953 379
-3373 -1722 -5376 -4642
-6494 -6898 -1141 843
1126 -6628 -2832 510
341 -2247 -6435 490
1909 4663 -5566 -3035
-1096 -262 -3653 -6568
-7187 -4086 4962 2717
-4797 9118 -1787 7170
-3395 -3184 -114 -8507
2442 7438 -2490 -9820
5275 1267 -4055 -3048
-4476 -6927 -6129 -8404
-5848 -3286 5479 -5605
-1544 -2787 -6615 5889
-9842 -3292 8570 -7991
188 -5072 -2993 4382
9351 -3190 -7496 8855
5502 -5571 8792 -6580
4550 1605 5729 4017
-6619 -1188 985 -5260
6528 -6836 -9429 4308
-81 -9143 117 -4711
-8624 -7715 -2231 -3839
5310 -1821 1523 -4461
-1220 -9807 7789 7673
7228 2128 -137 194
2205 7856 -1611 -5999
-449 -3397 -164 -599
-2477 -3022 3184 -4809
7610 5066 976 -1590
-9341 -8246 -6177 -1457
-7319 -4925 3720 -4112
1314 -2638 -4150 -2150
-6153 4902 -2908 -424
-874 2758 -7500 -7110
2802 -174 -6552 -5945
2329 7799 -547 3017
2613 -5369 -8444 -7427
-5481 5203 9587 -8086
2689 -10 1183 -8038
9635 -6244 -4976 -4570
-739 -5072 4451 -7777
9999 -2901 -7834 -650
-3627 -4761 -5839 -6884
-8071 -6762 -4779 -6245
-2452 -8491 -4339 -4174
7425 728 -1351 -2383
-3105 -5406 7831 651
583 2123 -3916 4393
9441 -4056 -5922 -1398
3278 -2754 -9757 -2883
-75 -4813 -6460 2490
-268 -4457 -6474 -4726
-5482 -4144 -2299 -4018
-8196 4508 2638 -726
4225 -1353 9440 -9238
-4371 5603 -7191 8118
4398 -5610 -5611 -9921
-6614 -1728 7994 -5399
-8108 6881 -2821 -1862
-429 -7904 -6110 -5511
-9481 -6521 2334 -5491
-2400 8316 -1343 -7166
6868 -4924 -5204 -484
-3233 1389 1232 -1682
539 -1133 8343 -1099
-6219 9955 -8156 -5256
-9765 -9638 -822 -4009
2642 -5057 -2722 -3427
-8996 -8216 1190 1288
-1527 419 -728 -3061
-9075 -6364 -3290 -7140
-9423 -8037 3928 2468
-5971 -393 593 -7928
-5770 -7915 2218 -4439
-3304 177 1832 -7313
-1233 9255 -8277 -5849
-7916 2173 -9144 1227
-273 5862 64 1776
-6770 4503 6088 -4157
-7420 -3267 4280 -5657
4184 -9875 653 -6632
-992 -4279 -4687 -5662
-3225 8508 -1947 -793
-5460 -5769 -5703 3490
-8417 7235 9890 -2142
-4866 -2684 -6729 -5318
1179 9810 -915 -4133
-5862 -7722 250 -5636
-939 -6502 -2057 -3926
-5092 -3368 -1192 49
-8678 2724 8209 -1982
-827 -5880 -6992 8344
3345 -8701 838 -1628
837 -4550 9219 -9021
5023 5842 -7340 -8917
662 -4758 5753 -1543
7410 -7728 -9801 7496
5647 834 -9316 -3419
3437 1513 -6518 -459
-8145 -1214 47 391
5241 -8844 602 -409
-1406 1779 -755 2747
-1761 -7969 -4578 -1580
-4519 1679 434 -3351
5283 8309 -6114 -8045
-2312 -5350 -3182 -3584
873 -5584 -160 6993
-61 -2412 -6762 2568
8596 4930 2356 -804
-4942 -7615 686 -2427
-4577 -5626 -301 -7302
62 -8483 -7026 1699
-3648 2737 1075 -8843
1903 -5155 -7988 6119
1132 -2798 1683 -9234
5856 -8070 -6961 -2638
-1526 359 -7382 -7094
-4243 6470 -7376 -503
8555 1361 -4819 -5989
-6929 176 -3604 -5179
-6086 9767 -5666 -6643
67 -9034 -5231 3697
4610 -9648 2177 -5207
-6039 -654 5342 -6032
-4056 212 -6279 5467
-3671 -8462 -3276 6060
-8230 -6306 8489 -5159
1125 -2598 1285 1462
-6998 8939 9208 949
76 -1582 9906 -9266
399 3152 -9524 -5014
3792 -3637 -7619 -7894
-264 -1227 -8337 -5508
-6944 -9852 -6627 -5110
-1191 -1386 9695 8766
-1233 -6695 8852 -7244
8060 3883 -5192 -4590
1915 2391 3675 6904
-391 429 1157 -2457
1310 -7021 2637 -7361
-3425 -6814 -5595 8531
1434 -623 -9512 -8587
-678 -2643 6519 7646
-655 1777 9324 -9445
-9924 5349 473 -2362
-7425 -3874 -2074 5493
-7574 -7312 -3052 -3339
-4332 5220 -6084 7416
-4632 -2349 4187 -7877
-8071 -7781 -4823 5897
-510 -487 7822 -5550
354 -3066 -6944 -2956
-370 -7629 3546 -6086
5943 -4355 148 -2010
-443 -4067 -8847 -1516
8059 -6868 -5575 -5757
-6198 8920 385 -5405
-3467 7427 -6970 -6267
3899 4049 543 -1106
6203 -6962 -5045 -7263
1555 7442 -5888 -4324
5570 7700 -437 -4915
1629 9083 -2937 -7392
-8084 603 -4790 8124
2234 -1532 -3124 -1421
-8073 -1279 2231 -6650
-9998 -427 1800 -3187
-8363 -6458 85 -1423
-9080 -7242 737 1334
-6399 -2383 2338 -3868
-4253 3901 584 -2483
-8615 -7921 1490 -3501
-4402 8340 610 -4509
8209 6575 -3320 -3664
-7232 7134 -840 3457
-2140 -8430 -8386 9834
-7000 249 -1358 -8842
-8837 -5699 -2705 -3135
-3612 8693 13 3193
-1986 9941 365 310
-4511 -9225 3803 -1610
6768 -3083 -1436 4993
-4001 -9442 -4757 4948
8340 -8823 -7666 8895
2407 -6729 -8860 9247
3964 -8963 -2548 3067
8143 -2200 -4445 -373
-923 -5598 1497 8185
-618 -9938 2930 5914
-4356 -6927 2018 1842
-5041 -3894 -4271 -9193
-3109 -1328 -6813 -6049
3032 9635 2382 2169
-300 -824 -5908 -5811
1447 5915 -393 -6235
9545 -7435 -8501 -4222
2553 2267 658 167
-340 -1267 2288 -3515
-5248 419 -4608 1283
-1298 1648 -6952 -6372
958 -1137 -4991 -9334
-8237 -7767 -281 2341
-6541 -3850 2947 1331
-1841 -3355 -8105 9042
6424 -9577 -7024 -6062
2007 373 -5361 -6994
-4433 -5271 -3904 -8747
8432 -2747 -6486 -4415
-4006 -2909 -3985 -790
8389 -685 -9510 1059
-8019 9595 -7757 505
-9263 1413 -4163 -3291
-2214 4134 -6074 -8186
-6560 3394 -5751 -1440
7616 -7597 -1148 -738
8156 -5165 -4529 -2045
-9386 -6916 514 2811
-6065 -3510 4859 -9392
-9526 -2154 -3883 -710
-4642 673 -4232 -9176
-7871 -4998 -143 -5654
-5378 6310 -5208 -5887
-4757 -691 -3929 -8986
6743 -2701 -810 5455
-6731 -7199 844 -2514
-9971 -1965 2535 -2208
-9884 -5994 -4402 -1439
-1253 -527 -6189 -5138
820 -7912 -5297 2161
-7377 9771 -4141 -2188
-3144 5039 128 2660
6436 -3624 -6972 -4175
-3241 962 -1136 -4378
-915 4137 -5209 -2199
-1218 -4661 -2468 -9197
2752 1291 -7546 -2019
-2787 2 -5757 1973
-5226 5775 3631 -5307
-4114 2282 439 6004
4407 -7582 -8711 9721
-2208 1600 5168 -7900
6574 818 -244 8217
2052 8382 1913 5413
2120 -2325 -1698 -1668
8195 43 -5000 -4596
-4493 3586 -6253 8478
1567 5161 -5846 -5577
-7018 -6641 -242 -64
-4726 -9268 -264 -3994
563 -2952 -2991 2524
-2670 -4326 -7786 -9911
306 -7028 3688 9608
-1836 -8378 -5128 3686
-579 -4370 2201 8772
-7373 6841 -4085 -8392
-9694 -6554 -6663 -3427
7503 -8405 -8499 -4181
6691 -9361 2522 -6724
-370 2584 6627 1073
846 -9738 -4027 7869
-1029 -3775 1915 -9611
-3235 2314 6157 -8352
5752 -5173 -9516 -2271
9077 -5228 -5701 6173
-5152 -8900 -5315 -5070
5528 -9731 -4533 -3531
-4157 -1728 -6183 -5402
1959 2180 -5485 -3164
1504 1999 -2863 6141
-8877 6209 -7992 5299
-3502 -4765 3359 5814
1364 -6135 -668 -2995
-4052 -9136 -5018 -2538
-605 -1832 -2171 -6944
-310 -1983 2603 -585
7006 -869 -6530 787
-6864 -5731 -7817 -9525
815 -1653 -8724 -7714
8333 877 -1290 -2516
2521 -8692 4511 1397
-7593 -4141 -5870 2468
6462 -3654 -5359 -5801
-7326 -5860 -3215 -1792
-2744 -184 -8607 1685
-3601 -4033 -2608 9646
-8568 -1019 9573 2551
1283 -6043 9012 -8713
-4562 3816 157 -8018
-3560 -1659 -514 -8868
-813 -8390 -8568 7338
-3807 -2952 -9343 -3154
8703 2130 241 -6474
-9638 -9990 -1338 -5639
-520 5398 -1348 3901
-4593 -2424 -3488 475
-1515 -9152 1934 -2125
1743 -1516 8780 6851
4773 410 -9080 -3261
8151 4507 -6423 -42
-4105 -4631 2544 -7410
162 -7868 -3868 6762
-5877 -4477 -1036 4268
-1416 -6442 7182 -9854
-9476 -7209 2094 -5351
-5871 -2488 -6838 1310
6097 -2546 -7765 -4218
-5918 -9348 766 1076
-5603 -5091 509 -1337
-232 15 87 -5520
-7100 4544 -6261 323
-2326 -3198 643 5978
-3122 341 4018 -4429
1295 -4446 -9420 -300
-2187 8013 9569 -4634
6058 -6897 -445 2894
1409 -3840 -7314 -7211
-2048 -6882 8895 6652
-6269 -525 -7329 -3341
-4936 2685 -3644 5570
-4403 -6667 -5981 -1684
980 1259 466 -5427
-9487 5832 -891 1657
3391 97 -9036 -3425
-1945 -487 -6015 -1831
4935 -4619 -43 836
9700 -2371 -8987 -9700
-5872 -1945 8785 -5384
655 9585 1694 -7403
4644 -2846 7014 -3927
-2914 3182 6936 1049
-1413 -3396 -7753 -4610
-5786 1255 -727 -8946
-4778 -4512 -5399 -6071
1890 -6861 -3801 -6002
1596 -1308 -4624 -8655
6993 -7552 -6148 -6124
5844 -3314 -1688 1843
-4700 -255 3586 -7374
-3345 4944 -7321 -4021
1589 1491 7530 5313
-3092 -420 -430 -5934
7381 -5437 2666 -5770
-1207 3908 -6958 -5129
-3515 6783 -7702 -9943
-343 -7975 -4769 -4356
-5272 -2269 -3817 1843
1976 3613 1748 2383
-7099 -9261 -2125 -4646
-8958 8206 -7993 -40
8498 -4502 -9638 621
-3765 1943 2650 -976
785 2335 -3716 -8596
3549 -3935 -1456 -230
-6122 -2686 1811 2424
-6440 -6056 4964 7225
1972 -5481 809 -4393
-590 1364 6990 -8867
8138 2129 -2030 -3536
-4986 -4859 1987 -5216
1776 -7345 1372 -2774
3892 -6352 -1721 8780
-2052 -4536 -3907 -9879
-3639 7099 9624 -6780
-7934 3101 -8428 -821
6534 1709 -1836 -425
2721 634 -4243 2567
-7958 -9159 -8069 4185
-5844 -3602 -3629 2224
-2611 -9778 -4308 2267
9734 -6180 -4682 4986
7664 1331 1073 -1394
-8564 5266 7458 -5670
-1530 30 8588 5418
261 9620 -4810 -5107
-8070 -4553 -1213 292
-479 3653 -1743 692
267 -9641 -576 2161
7262 -960 -7861 7907
-3494 2306 -7171 -8412
4965 -2525 8336 -415
1196 -3570 7280 8014
-163 -2734 7040 7236
8524 8344 1941 -5174
9093 -7853 4437 -2728
-2540 -2945 3011 -651
-2636 1526 -3660 -9382
-6526 9904 2714 -7911
-3629 -9381 -1850 -3541
652 3459 -8781 -5928
1252 8099 -3139 -5409
-9256 -2476 5155 -2343
-8834 -6998 -6043 -3646
-3536 -7565 -6647 -7647
-7275 -3893 -4290 4882
7296 -5830 -5356 -1959
1603 -4121 6960 -2259
2087 6536 -226 -8155
9658 -5624 -166 -132
-3977 -7732 -6081 2816
-2945 -4993 477 -9914
-5248 -1482 -6272 2457
-4344 -5813 -2574 -5095
2970 -9785 -4702 2108
3057 -5760 -9226 1594
1066 -8452 -4239 -2359
-1796 -2817 -4418 9921
3243 -3000 -5276 -2847
-7095 -8705 2938 616
-2164 -5693 -343 -3864
-1446 -1054 1924 9822
-3578 -5712 1682 -3398
-7096 -247 -881 3286
3708 1355 -1067 -3648
7105 5774 -900 -2946
119 1186 -7653 9874
-7416 -6159 -385 -1051
1992 -2293 -1850 1441
1396 -5158 4120 -7353
6558 -3822 311 -1711
-4506 -4653 -4861 2137
-3565 -560 -6530 -10
-3432 7026 -7796 -4673
-3672 -142 -3686 -1658
-9403 -841 -97 -8455
-6393 -3410 7854 -8954
-849 -6455 4710 -2583
-517 -2283 -866 -5490
-6736 -1587 -2766 -3109
-943 -7232 -2533 -9186
-692 -2011 -7218 -4123
2096 246 -4448 -1449
-7373 475 -3623 -4075
-1809 1335 3014 -4881
-6653 3012 -4377 -4365
992 3344 -4335 -3087
-1194 -710 -5104 8469
4728 -7625 2807 -7415
1227 -2480 1613 -7432
-7442 -8769 -3147 518
-6425 8732 11 -7415
-9616 6426 -6350 4631
-5325 4624 551 -9361
-8155 5662 -9487 -5103
-185 -5358 -4101 249
-8343 -6442 -2893 9537
4345 1750 -8084 -4081
776 -194 -657 497
-7484 8244 190 -458
-4589 -6720 -9795 -6479
1648 -2924 -3799 -3635
38 2475 -3219 331
-2873 4171 -2231 -5556
2570 -4678 -8868 -5362
7111 1855 -5773 -4113
-1551 470 -7150 4656
1471 -2909 5509 -4279
1441 -8180 -5000 7872
-8572 -5636 -4252 1932
-9450 -3030 2534 -3240
3348 -3884 -7537 9176
-3685 -59 3510 -6641
-8050 2564 6178 -620
-9406 -1869 3719 -1774
1627 -9499 -5284 7365
6226 -960 -4242 323
-2347 -5155 -2168 2123
-4744 -4105 1135 8754
-5245 4873 -3415 421
-4516 -4839 -9917 -9621
-5857 -2839 -8989 -2563
-4705 -5360 9874 -7268
-1848 -6249 -5769 2087
-8648 -107 -3748 1238
-7644 -6879 -9405 -8282
-1628 -6517 707 -9371
-9509 -8515 2156 -2082
-8991 2120 -200 144
-6643 -5912 -1721 52
3050 -5086 4078 -9340
109 -5037 -3007 2730
4903 1953 -1200 -1033
1359 2747 -5852 1046
7381 9054 3907 5000
-102 171 -632 -2894
-1221 -2684 -3193 -7471
6749 6043 -5359 -9841
-4683 -2590 1260 -2583
-7353 -8357 -4346 -5183
-2852 -4983 2689 162
-4736 -3457 3794 -3073
3189 -2937 -9560 -9647
-2668 -237 -6101 -8291
3580 -7940 -4946 7821
1690 -8836 -3111 -2419
-2457 -5821 -9670 8873
-360 -9894 2070 5493
7659 -9016 -7616 -737
5783 -1691 -9879 189
-3977 -6647 -6303 9571
3708 4404 958 -9289
-4507 -1127 6355 1780
-5032 5093 -3393 1278
741 -5679 2398 2416
-1727 2113 3899 -3335
-2697 -9126 63 -2567
-4695 4838 -1219 -3452
-1065 -1987 -8901 -8929
8465 -5980 -9404 9928
5731 -1008 -1422 9596
9588 4161 2711 2735
590 -6028 -4610 1140
-8296 -8190 1024 197
-8453 5365 -518 -851
-8434 -9755 1735 -5761
5953 -9836 -7437 -2635
8014 8999 1007 -662
-9063 -6398 -1145 -5843
1483 8843 -910 531
-6335 -5549 -1216 -3457
8707 330 -9347 -7054
-7444 8998 -2499 6562
-3249 2693 -5843 -4675
-1482 -8822 -695 -4436
-7246 -9059 -9038 7555
4204 2756 -8335 -5604
-2481 -5108 -5284 -282
1374 2334 1161 -2845
4324 1826 -9347 9621
-9337 -973 4702 -3894
-5927 6107 -9574 -7976
-2019 -1308 4784 -9342
2175 -7529 673 -2304
382 -640 -4087 3377
-6219 6846 -4256 -5356
-3495 -243 -7999 -1499
-4832 8142 7942 -4601
9574 -3871 3674 -999
-4355 -3262 1188 -8365
-8295 -5028 6274 -2243
-4451 -6715 -535 4625
240 -6768 -4054 8538
5407 5810 -8010 -8995
5194 -3102 42 1926
-4418 -534 9571 8501
224 -6031 -8650 -2326
840 -2302 -188 -2599
-8665 6060 426 -9604
-2677 1403 -3737 -8097
-5546 2232 -2120 -319
-7534 -7994 -1300 -5597
2910 8663 2169 4665
1778 -1782 -1241 1557
-2185 1268 2571 -8958
-2377 -6047 -8164 -4557
7519 -4462 595 -592
-8975 9167 6055 -1737
-3207 2763 -7642 8472
-6578 581 6875 -5857
45 6296 -431 1672
-8093 -1600 6714 -2935
9508 -1167 -5336 -4360
3421 -5016 6278 -8259
-8495 747 1751 6260
-7796 -5419 6922 9029
-8702 1718 -7237 533
8053 2596 581 -5436
-3188 1751 6342 6905
7637 -9320 -2648 -3877
-283 -2024 -4167 -9514
1699 4414 -513 -3333
-6795 -5066 9705 -2781
-7653 -5191 -7764 -4160
-307 -1851 -291 1380
-7076 5600 -5312 -5462
-7035 -8688 421 4170
2564 8539 -6387 -3483
-5219 -5244 -6959 -9295
2158 -236 -7372 8149
2735 -324 -7413 -9375
-8282 -2348 5861 -5682
3274 -7473 -3716 -7606
1266 4971 -1429 1564
1627 -4452 -2724 -5117
-9776 -8354 1328 -4528
7252 1030 -4515 -9701
6928 448 -6457 -3917
-5919 7384 -1579 -3153
-3095 -6473 1109 -4361
977 2741 -8774 781
-9194 -8078 8901 -1820
-3135 -5382 -1023 75
6385 -6182 2012 -1393
-4620 6539 2747 -1561
-7582 7555 4621 1343
-5662 -4870 9273 -2021
-3090 9618 -3600 -7613
-3211 -4495 -5276 3687
-1452 5085 6805 -3100
1676 -6082 5455 -6249
7299 -8069 -2787 2115
7062 -1517 -7085 5592
-1856 -3865 2588 -6214
-4877 -7811 -5351 6498
272 -4699 90 -5897
1685 2571 -44 -6766
-5511 7493 -5423 1322
-3126 2797 -4887 -3235
-6331 -4252 4014 -3093
-5257 -1213 -7767 8462
-4501 -1592 -5535 -6063
3878 -8521 -8680 -724
-3330 -587 -994 -9907
-8143 5893 1347 -7897
-5774 171 -9139 -2588
-832 -4638 -1849 9935
372 -810 3285 -8327
-2207 -6038 -3131 -1055
-3386 6120 2640 -6884
1790 4567 -1315 -6977
2109 755 -6251 4953
4720 -3028 1341 170
22 776 -6343 -3967
-242 -6715 -5076 -6450
-178 -3624 3963 -4862
-5125 -2731 8105 502
-8410 -2377 3919 3250
-5598 1268 -2106 -5785
-5251 2201 3863 -8517
-1989 -4447 -4849 -5957
-9566 6700 2433 -4873
-7638 -3342 1640 -7194
5323 -2322 -6858 -9896
-6683 -9290 6323 7590
5419 -4480 -4778 -6109
-3317 9156 -3268 -4778
-5482 6180 2645 -3840
-4143 4024 -1709 -8991
-4630 -8786 -671 1089
-6436 7171 1635 -8525
-1514 -4024 -9385 -2138
-6032 -1021 -5432 3631
-8314 9946 -5062 -9091
-4663 6373 1354 -423
6693 -1308 -4114 -1080

1407 1698
