1000
4 229 333 477 479
1 492
1 246
2 370 607
3 294 869 977
3 469 710 919
1 740
3 324 395 712
1 263
2 323 979
1 443
1 999
3 348 491 974
1 283
2 183 575
1 332
1 235
2 304 542
1 304
1 517
3 417 430 900
1 572
2 46 140
5 110 230 269 297 893
1 525
2 70 853
5 110 597 768 809 918
1 333
1 301
1 695
3 195 577 931
1 286
4 200 338 804 898
1 847
2 600 715
1 963
1 961
1 463
2 526 693
1 218
2 571 688
1 779
5 362 709 893 947 962
1 632
2 297 981
4 23 364 711 1000
1 79
1 707
1 320
5 101 168 309 374 866
1 714
1 217
1 873
1 278
3 137 345 954
4 275 318 405 766
1 127
3 260 271 841
3 277 682 797
2 338 855
3 390 666 940
2 193 202
1 180
3 467 492 916
1 372
1 76
1 457
2 142 146
2 276 661
5 26 105 219 582 745
3 337 425 528
1 870
1 239
1 110
4 94 331 538 580
3 66 382 652
4 554 585 662 913
2 89 945
2 47 505
6 131 242 500 618 805 952
2 103 809
1 787
2 619 696
1 472
1 839
1 518
1 283
1 300
1 78
1 358
1 990
3 129 168 569
5 421 458 902 940 995
1 75
3 123 717 963
1 641
3 643 800 921
1 993
1 259
4 247 531 759 835
3 50 283 483
1 1000
2 81 989
2 107 986
1 70
6 263 330 435 452 599 601
3 104 723 787
1 694
1 348
4 24 27 74 984
1 591
1 649
4 120 563 769 845
6 467 483 525 549 594 864
1 901
1 715
2 551 912
1 556
1 804
2 113 584
1 438
1 392
1 95
1 719
1 748
3 373 524 993
2 57 535
1 327
1 92
5 402 642 656 879 988
2 80 239
2 151 621
1 330
3 595 602 702
1 390
1 490
1 55
1 618
2 401 548
2 23 506
1 382
2 68 375
4 431 448 545 644
1 989
2 312 826
3 68 338 664
1 656
1 469
2 589 734
1 652
4 132 221 286 770
3 260 269 980
1 827
1 317
1 886
1 997
1 931
1 632
2 366 502
3 189 434 565
4 181 349 473 568
1 985
1 232
1 388
1 923
1 650
2 829 899
4 50 92 636 786
1 306
1 484
1 939
1 598
1 465
1 180
1 221
5 320 555 754 876 948
1 538
3 635 749 925
2 252 450
3 63 174 213
1 161
4 212 447 544 953
2 15 385
3 238 767 813
4 358 469 582 806
2 237 542
1 711
1 871
3 160 338 347
2 719 743
1 823
1 763
3 62 357 404
2 439 661
1 31
3 572 652 893
1 390
2 262 980
3 246 440 953
6 33 269 411 894 920 935
6 339 510 672 756 792 914
4 62 615 707 923
1 540
1 704
2 622 933
2 560 722
1 435
1 865
1 887
2 698 727
2 888 983
1 182
5 180 288 558 730 888
2 522 895
1 723
2 694 899
5 52 239 520 525 920
4 40 517 522 575
3 70 307 810
2 390 976
3 151 175 499
1 752
2 327 449
1 826
1 490
1 977
1 498
1 627
2 1 633
3 24 395 632
1 936
5 163 277 281 613 807
1 855
1 280
4 17 264 360 709
1 789
3 186 799 848
4 184 746 883 906
5 73 131 217 733 830
1 536
1 673
2 80 527
1 547
1 755
1 380
4 3 199 344 623
2 100 377
1 918
1 816
1 762
1 349
1 179
2 701 719
3 302 790 953
3 429 730 776
1 947
2 687 801
3 706 834 857
3 99 454 609
4 58 152 939 967
1 821
1 198
3 9 106 822
2 235 379
1 821
1 424
1 557
2 417 605
9 24 152 200 378 390 525 708 715 977
2 559 938
1 58
1 525
2 410 481
1 737
4 56 359 418 519
3 69 850 880
4 59 232 288 726
2 54 674
2 307 387
2 234 460
3 232 696 911
2 463 783
5 14 87 101 437 713
1 710
1 1000
4 32 151 532 589
1 342
5 213 277 780 864 910
2 448 529
1 887
1 580
1 838
3 490 765 785
2 5 982
1 816
1 421
5 24 45 496 553 688
1 769
3 389 460 808
2 88 835
3 29 391 883
1 254
1 812
2 18 19
2 372 535
4 169 668 801 930
3 219 279 872
1 827
2 50 724
1 541
1 351
9 145 327 557 559 628 640 670 886 940
1 597
1 492
2 426 688
2 631 672
2 154 466
5 56 516 538 570 742
3 382 859 937
2 49 176
2 328 618
1 947
2 10 735
1 8
1 661
1 780
3 128 223 312
1 321
3 650 767 924
4 106 133 875 903
1 75
3 16 556 977
6 1 28 472 864 957 994
1 678
1 980
1 757
1 71
5 33 60 146 189 955
1 201
1 835
1 396
2 287 698
1 658
3 246 566 782
5 55 533 538 815 920
2 859 890
1 189
5 13 109 524 774 1000
2 161 251
1 532
3 311 378 824
3 380 415 526
1 883
2 411 521
1 420
1 806
1 193
3 90 185 598
1 275
1 235
2 667 778
2 43 837
1 980
1 46
1 726
2 159 841
1 503
4 634 661 779 842
1 942
5 4 442 508 682 744
1 623
2 65 305
1 126
2 50 425
1 142
1 973
1 247
2 269 351
1 264
5 245 352 390 870 877
1 767
4 76 141 319 750
1 516
1 590
1 183
1 961
2 279 397
3 164 468 885
1 299
7 61 135 197 220 269 380 745
1 301
5 122 505 780 791 838
2 403 411
1 421
3 8 230 861
3 341 661 665
1 387
2 681 719
1 703
1 733
1 139
1 130
1 393
1 193
3 56 461 591
1 793
1 526
2 717 854
3 478 503 889
3 273 422 833
4 200 354 393 912
2 524 574
1 492
3 726 789 926
2 352 873
2 522 781
2 21 268
1 275
1 838
2 355 1000
4 93 296 394 484
2 410 513
1 458
3 266 553 649
2 71 374
1 315
1 554
1 669
1 255
2 21 499
1 143
2 542 843
5 546 627 823 846 897
1 160
5 106 207 698 885 920
1 800
1 283
2 121 602
1 194
3 199 675 772
1 639
1 370
2 11 819
1 794
1 833
1 755
3 182 606 964
2 143 289
1 223
2 179 870
1 529
1 106
1 563
4 259 477 671 907
1 821
1 682
2 67 525
4 93 423 552 604
1 870
5 280 299 849 883 936
2 405 630
1 772
2 38 282
1 969
3 173 577 669
3 317 658 778
2 64 114
1 388
3 6 148 185
1 835
1 808
2 84 333
2 161 483
2 826 871
1 554
1 882
2 1 454
5 409 645 778 920 963
2 1 648
1 596
1 273
1 490
6 101 114 473 577 624 689
2 170 421
1 911
1 874
1 847
2 883 975
1 490
7 136 225 293 482 489 543 818
1 13
4 2 64 314 413
2 660 955
1 772
1 722
1 297
1 719
3 227 753 958
2 221 430
1 80
1 830
1 159
3 367 409 596
1 647
2 79 392
1 140
4 626 753 778 928
1 370
1 973
2 201 685
1 933
1 984
1 422
1 799
1 973
2 318 383
2 20 218
3 86 946 967
1 275
2 217 922
1 354
10 214 218 416 536 581 653 699 820 940 965
1 671
5 126 348 412 665 803
9 25 114 217 269 272 457 719 892 969
4 39 352 407 676
1 242
1 71
5 289 451 684 792 819
1 578
1 100
2 286 350
2 345 614
1 788
4 127 305 679 811
4 240 522 543 950
1 833
4 75 177 318 345
1 646
2 203 570
2 310 637
5 18 186 432 588 884
2 490 536
1 182
1 143
1 433
2 243 899
2 139 676
1 114
1 973
1 117
1 458
2 297 424
5 77 427 475 613 942
1 176
2 118 332
2 267 312
1 213
3 270 312 721
1 206
1 883
2 629 940
2 113 453
1 618
1 160
1 344
2 723 852
3 161 844 896
1 92
2 318 540
1 41
2 22 196
1 963
1 412
3 15 218 610
1 801
6 31 465 483 874 971 973
2 530 973
1 786
2 75 291
1 522
2 70 185
1 714
1 120
1 77
1 792
1 772
1 542
5 149 286 828 905 929
3 384 739 747
2 111 405
2 718 974
1 762
4 114 673 972 999
1 134
2 480 503
2 27 313
2 172 358
2 106 642
2 35 909
2 106 677
4 134 438 885 987
2 794 939
2 458 856
1 268
1 447
1 4
1 698
1 259
2 575 831
2 703 728
1 823
2 232 554
1 533
2 202 927
1 979
2 747 778
6 80 138 321 564 784 945
1 83
1 869
1 132
1 205
3 246 371 991
2 483 796
1 789
1 507
2 228 433
1 312
1 562
1 461
1 316
4 44 158 230 691
1 229
2 368 738
1 178
1 168
2 541 969
1 865
3 441 825 969
1 312
3 96 687 795
2 130 599
4 97 748 815 891
2 143 680
1 478
2 539 925
2 504 886
1 479
2 112 424
3 166 329 741
1 772
3 76 150 196
1 522
1 778
1 755
2 130 147
1 885
2 343 466
1 882
1 493
6 69 194 325 368 396 823
1 77
1 815
1 146
6 396 524 703 737 792 893
1 61
2 361 811
1 306
2 428 465
1 312
2 454 523
2 201 316
2 241 594
4 278 761 949 970
1 440
2 526 548
1 601
2 334 830
2 535 757
2 644 764
1 398
5 59 370 456 788 961
1 950
1 529
1 510
1 991
3 257 641 960
4 41 297 315 933
1 483
1 792
3 632 775 840
1 920
1 39
2 108 216
2 30 748
3 83 281 814
1 822
6 210 342 435 608 732 827
1 522
1 935
1 253
1 134
5 399 611 665 704 751
2 204 703
1 812
1 258
2 48 202
1 269
2 43 235
2 6 284
2 46 187
1 8
1 283
3 51 583 819
3 35 116 269
1 915
2 95 408
1 592
6 124 190 253 398 497 525
1 730
1 559
3 206 495 969
3 107 215 567
1 309
1 979
3 277 365 414
1 210
1 611
1 997
4 213 255 720 992
1 882
1 698
2 239 400
1 149
1 323
1 935
2 274 665
1 634
1 590
2 7 870
1 650
2 318 798
1 190
1 370
3 70 390 755
1 238
2 590 617
3 125 643 695
1 178
1 382
1 703
3 222 758 780
2 498 507
1 176
5 244 446 655 745 970
5 201 881 887 917 985
2 336 679
1 752
1 100
2 858 933
1 674
3 250 593 947
2 192 779
1 680
1 293
2 56 769
3 184 329 381
1 27
4 113 298 766 868
1 151
1 772
6 440 462 494 587 651 771
1 798
1 348
1 691
1 255
1 939
8 361 466 478 507 617 654 835 956
4 42 368 763 783
4 288 326 392 752
1 416
1 344
2 282 779
1 618
1 293
2 168 579
3 82 107 936
2 534 682
4 236 414 625 899
2 254 878
2 392 951
5 201 529 586 665 690
2 406 869
3 444 603 998
1 641
1 624
1 59
2 742 773
2 237 514
2 97 436
5 257 306 576 816 923
1 932
1 524
2 33 119
1 80
2 185 356
1 232
2 299 471
2 27 81
1 219
2 535 667
3 303 705 883
1 184
1 696
4 345 643 663 833
3 249 295 801
1 870
1 490
3 443 529 714
1 522
6 261 265 455 867 925 929
2 263 697
4 191 433 612 661
1 351
1 639
3 145 224 474
3 153 308 698
2 589 920
1 167
3 239 501 678
1 610
1 936
5 410 445 537 815 904
1 258
8 100 300 340 470 778 882 908 996
1 888
1 362
3 292 392 419
2 85 979
1 691
2 58 366
1 368
1 432
1 568
1 113
1 433
3 34 487 884
1 237
1 460
1 276
1 993
1 567
2 26 966
1 408
2 60 233
1 604
2 258 909
1 760
2 319 346
1 909
1 395
1 889
1 997
4 114 288 333 884
4 208 638 990 1000
1 50
1 821
2 769 876
3 5 620 793
6 72 380 450 459 740 817
2 188 474
1 307
2 53 415
3 486 577 934
1 330
2 176 868
1 380
1 790
1 130
1 276
1 756
4 476 659 731 835
8 238 301 353 460 488 561 812 920
3 542 847 864
4 388 435 602 657
3 155 312 647
4 209 290 756 959
3 211 213 836
3 409 862 968
1 346
1 643
2 525 941
4 24 43 196 665
1 200
1 214
1 568
1 433
1 33
4 167 216 547 789
1 21
2 115 920
1 93
1 330
1 833
2 589 923
1 238
1 454
1 835
3 600 857 860
1 288
3 281 485 997
2 117 411
1 77
1 201
2 716 953
1 64
1 756
2 27 248
1 6
10 200 217 345 435 478 692 828 883 901 953
1 97
1 520
4 165 202 801 905
1 329
3 178 646 821
1 414
1 615
1 507
2 589 821
1 306
2 31 157
2 802 980
4 205 511 688 760
2 874 943
3 200 700 736
5 231 460 787 832 979
1 319
1 270
4 171 260 603 777
5 61 93 312 522 562
1 892
2 369 554
1 934
1 980
2 78 618
1 518
4 43 256 322 762
1 176
1 674
2 536 683
1 791
1 80
5 182 199 254 915 920
1 55
2 338 493
1 778
1 333
1 498
1 887
1 687
3 37 386 682
1 43
4 36 95 478 573
1 447
1 522
1 853
2 260 518
1 889
5 464 525 637 639 722
2 674 755
1 577
1 594
6 376 509 515 550 577 578
2 13 592
1 488
1 220
4 5 226 269 332
1 999
5 10 616 725 839 936
6 152 198 335 363 932 944
1 45
1 294
1 211
2 110 512
2 162 756
1 104
1 602
1 130
2 103 144
2 91 865
2 623 686
1 730
3 98 126 851
1 333
1 93
1 835
4 156 729 863 911
1 794
3 12 594 978
6 46 102 285 348 420 865
