1000 100 300
179 844
130 851
87 491
636 443
601 777
251 749
472 511
133 713
115 74
237 876
132 737
503 285
140 337
554 121
659 837
368 719
282 587
597 883
552 320
21 705
446 186
443 262
524 369
211 911
343 81
323 65
186 988
632 646
358 355
462 626
116 461
119 333
471 90
634 437
618 122
550 798
540 549
81 588
546 440
462 368
641 664
486 28
144 416
375 784
104 839
648 629
616 293
481 927
591 65
196 69
392 573
58 352
566 348
353 523
106 357
577 639
444 449
398 175
283 985
527 556
478 937
514 527
400 3
608 33
0 554
336 539
655 427
639 950
47 893
542 566
447 329
174 732
28 389
156 116
225 738
148 770
428 620
225 420
51 841
248 636
227 923
531 811
205 514
649 126
352 323
25 916
493 146
130 110
513 769
286 667
270 793
554 188
79 693
36 111
496 635
408 173
316 871
22 51
511 744
36 371
26 602
273 481
176 174
584 685
533 197
407 845
61 352
659 525
62 785
299 107
339 790
27 535
155 422
472 629
388 106
341 125
126 526
183 866
437 357
269 826
228 614
564 872
585 689
303 451
191 353
126 616
528 289
630 66
473 928
642 117
662 664
35 783
218 718
81 384
564 220
510 353
583 287
565 171
173 160
250 585
119 686
54 552
354 695
343 564
178 71
387 291
170 562
512 693
378 627
385 47
186 861
560 541
96 809
644 371
498 198
194 503
12 897
48 529
120 148
548 279
354 860
651 130
422 24
98 158
526 532
273 574
611 961
268 116
105 105
127 301
580 314
89 733
545 930
169 867
470 366
556 915
263 632
145 816
277 348
43 430
429 541
352 384
156 777
74 258
128 426
102 996
113 98
148 755
239 554
568 587
396 645
271 628
11 53
2 735
602 914
523 717
359 587
655 602
150 144
344 600
525 351
85 691
136 215
180 4
123 370
161 414
563 859
191 27
546 116
450 473
274 177
645 179
435 435
642 53
263 475
41 229
501 788
17 827
366 413
254 866
403 804
619 777
648 462
74 177
329 142
146 823
180 672
440 932
620 675
534 267
512 763
53 684
104 973
267 46
528 515
30 681
464 111
377 807
6 483
273 592
661 782
170 780
554 12
200 40
53 727
645 477
590 576
528 957
225 469
298 195
360 422
99 744
201 375
630 337
333 531
400 242
358 14
35 540
303 887
477 524
382 837
50 618
532 63
212 495
599 169
0 323
277 115
642 299
18 508
0 906
339 794
661 548
410 143
341 505
346 67
86 358
436 83
584 331
53 949
439 196
474 292
357 682
34 650
105 548
164 248
535 754
409 36
523 388
652 804
122 278
280 399
98 467
218 366
176 957
542 539
472 412
606 387
113 728
68 165
522 643
