1000 150 400
26 270
144 412
132 155
611 455
649 215
635 590
452 195
504 201
83 413
628 263
267 80
74 264
81 969
254 821
168 980
273 705
580 401
574 161
320 904
395 714
487 575
665 882
435 535
191 459
513 934
426 294
461 376
352 748
43 63
416 230
638 212
49 505
55 543
73 681
275 876
157 55
76 139
307 238
555 338
217 226
513 281
469 349
58 99
411 259
364 873
355 387
320 901
601 535
294 407
597 529
105 747
398 107
427 389
83 452
379 237
273 58
185 79
426 838
3 213
379 654
149 547
142 689
119 719
420 326
653 35
532 466
591 270
546 453
402 635
609 24
485 442
644 962
470 283
396 371
584 760
649 741
343 57
606 237
617 914
584 864
665 793
24 455
530 278
289 628
34 16
596 154
462 741
208 400
491 176
238 763
102 861
540 282
403 206
5 832
77 315
104 587
41 379
309 662
59 678
242 120
535 497
182 748
243 502
437 286
212 369
238 33
199 714
295 993
297 623
22 982
433 327
579 384
664 819
388 457
658 459
613 372
295 872
262 412
102 668
63 987
442 799
441 402
529 596
421 541
502 768
436 896
636 934
208 601
600 464
355 412
488 687
540 778
214 765
497 459
659 762
412 325
166 735
654 293
89 862
351 549
7 927
451 485
644 698
445 35
91 995
61 303
385 506
85 687
367 625
638 902
213 886
72 573
547 771
445 335
554 945
445 590
310 215
33 367
91 758
9 936
219 423
455 109
527 137
237 399
10 731
530 458
68 719
220 459
258 831
474 357
275 356
655 193
87 573
574 859
289 833
208 7
247 84
244 12
438 882
248 169
239 191
114 548
544 517
633 161
150 166
494 393
281 685
532 838
524 774
228 983
229 220
281 405
279 643
563 396
319 117
295 204
662 939
87 294
302 116
345 314
582 354
23 680
277 597
547 959
651 416
574 465
577 791
59 740
599 95
307 852
380 300
150 665
66 738
578 524
347 930
317 3
93 305
333 658
645 840
104 944
9 926
619 732
343 1
633 75
334 760
131 169
176 965
511 666
410 179
474 768
27 950
104 769
64 254
462 969
447 237
197 133
647 559
132 916
215 880
357 926
119 289
451 342
605 725
337 272
170 682
89 257
369 745
521 603
54 763
539 460
86 689
82 818
460 399
305 851
557 36
175 261
101 659
111 569
576 270
181 504
326 493
497 928
76 465
312 951
463 727
454 179
641 176
608 247
521 358
429 75
78 656
295 504
604 177
380 250
343 370
189 336
373 690
202 420
194 834
147 713
540 364
523 380
538 757
220 619
410 175
551 827
495 506
182 528
131 476
290 991
167 872
101 693
315 175
465 75
114 156
622 240
374 222
158 517
211 567
287 87
221 417
148 52
538 928
563 664
26 519
629 596
321 700
584 454
0 680
641 939
237 314
262 336
230 179
528 250
106 820
440 756
555 481
121 397
614 844
95 693
476 597
619 77
424 858
567 452
450 765
182 759
641 769
184 261
554 438
567 439
11 810
571 685
527 590
136 212
140 753
23 848
516 327
568 647
102 428
571 472
536 818
630 988
415 558
100 726
633 533
300 151
392 906
164 888
426 798
614 549
208 733
190 819
22 657
551 723
327 569
44 254
303 55
290 779
323 298
314 894
599 323
178 651
394 557
297 328
387 983
75 166
255 439
364 746
378 862
399 923
81 518
28 488
306 522
225 991
143 185
393 385
93 998
415 413
502 290
311 924
387 854
462 520
64 105
242 223
484 543
372 70
355 592
492 820
279 89
261 185
660 990
496 267
267 75
317 109
547 709
471 547
248 948
480 776
426 543
113 298
