1300 180 400
128 189
594 132
586 920
533 318
144 544
410 565
370 307
167 755
669 27
769 367
686 415
572 385
521 743
111 928
575 412
387 267
483 211
679 147
248 309
428 593
1 294
409 622
199 787
368 529
862 439
34 663
357 352
244 884
539 228
281 103
171 785
705 583
301 243
420 933
474 922
295 949
399 249
769 744
205 731
145 812
498 676
481 984
118 715
496 412
159 429
161 26
475 615
300 128
246 998
628 47
536 433
784 17
58 890
437 724
694 771
827 159
571 365
818 738
330 470
631 822
812 493
710 94
64 573
673 436
348 516
70 249
587 598
286 379
93 527
214 61
683 117
186 579
577 460
306 536
503 657
292 925
266 394
406 407
563 909
630 489
865 165
667 504
791 245
128 569
548 298
156 957
504 557
229 532
238 244
493 195
161 399
325 481
412 933
450 768
578 451
614 727
553 642
565 976
463 286
243 77
401 169
443 316
70 458
269 934
377 327
19 730
571 893
183 207
342 741
432 683
27 604
109 40
132 972
194 37
661 708
35 345
157 935
507 746
604 764
392 151
310 648
675 365
418 415
522 771
676 277
63 362
142 351
235 773
550 508
543 257
724 577
115 767
118 219
772 558
313 999
589 5
452 474
479 522
131 322
607 794
100 827
42 718
3 255
287 722
388 930
554 414
8 36
565 691
385 469
48 767
450 264
755 768
582 401
600 829
153 46
39 851
562 505
324 365
1 456
328 139
189 248
592 485
476 308
73 419
855 967
734 89
114 237
691 169
708 351
163 116
75 97
489 470
340 254
121 623
110 672
330 725
726 800
711 654
645 693
263 204
354 817
151 944
584 176
105 387
201 577
583 418
366 66
504 131
109 845
496 513
749 199
168 639
403 250
651 305
774 569
501 255
106 955
77 456
120 916
339 56
398 656
362 971
645 620
700 268
342 878
39 760
186 911
488 490
454 592
711 25
272 393
488 732
264 145
674 452
29 870
45 261
263 497
292 214
543 503
300 268
441 778
58 793
600 262
112 341
610 148
9 608
291 698
267 748
780 976
498 461
331 31
377 542
726 336
852 791
569 541
596 473
472 802
250 742
284 281
362 707
831 567
817 47
267 99
217 370
535 870
823 716
626 967
662 892
347 737
478 547
384 633
623 174
297 33
435 443
580 578
734 558
442 828
768 539
514 285
190 618
806 72
448 153
97 827
134 756
514 591
760 533
523 761
617 618
443 382
555 432
674 339
632 316
731 236
644 487
494 25
376 465
69 660
23 410
101 336
529 33
248 118
376 999
673 982
289 6
367 590
673 950
201 329
228 856
617 426
52 492
549 167
438 837
61 535
324 831
714 799
23 75
533 868
293 402
533 433
552 489
189 223
108 941
109 892
467 508
114 360
21 364
168 636
376 614
584 431
513 460
726 98
164 688
847 715
302 400
680 327
60 174
691 677
33 51
59 948
467 52
335 328
399 110
586 435
530 627
372 906
742 46
236 694
671 128
37 865
745 855
841 957
406 119
722 177
11 632
160 998
117 723
21 949
726 946
452 646
711 664
551 350
417 40
659 623
304 109
640 850
790 832
755 694
53 337
659 775
592 735
99 118
76 210
745 170
230 287
163 427
201 461
316 978
800 597
391 504
326 793
230 531
158 598
175 986
402 792
675 351
717 117
12 965
46 652
843 265
425 753
127 17
356 711
388 835
676 575
8 531
171 799
73 97
858 625
599 359
596 404
743 613
313 237
481 772
496 645
616 837
782 166
767 731
269 58
420 793
682 535
531 477
48 197
800 64
257 587
76 419
114 43
630 98
297 258
802 350
71 236
